1717340448720 174486.0 1
1717340451556 55949.0 2
1717340454579 52885.0 3
1717340457707 52497.0 4
1717340460810 52497.0 5
1717340463598 52497.0 6
1717340466485 52497.0 7
1717340469461 52497.0 8
1717340472559 52497.0 9
1717340475590 52497.0 10
1717340478905 52497.0 11
1717340481838 52497.0 12
1717340484866 52497.0 13
1717340487879 52497.0 14
1717340490929 52497.0 15
1717340493899 52497.0 16
1717340497083 52497.0 17
1717340500234 52497.0 18
1717340503297 52497.0 19
1717340506143 52497.0 20
1717340509155 52497.0 21
1717340512129 52497.0 22
1717340515230 52497.0 23
1717340518146 52497.0 24
1717340521150 52497.0 25
1717340524111 52497.0 26
1717340527162 52497.0 27
1717340530196 52497.0 28
1717340533207 52497.0 29
1717340536415 52497.0 30
1717340539642 52497.0 31
1717340542651 52497.0 32
1717340545502 52497.0 33
1717340548410 52497.0 34
1717340551376 52497.0 35
1717340554346 52497.0 36
1717340557332 52497.0 37
1717340560368 52497.0 38
1717340563318 52497.0 39
1717340566182 52497.0 40
1717340569057 52497.0 41
1717340571953 52497.0 42
1717340574985 52497.0 43
1717340577863 52497.0 44
1717340580884 52497.0 45
1717340583928 52497.0 46
1717340586864 52497.0 47
1717340589981 52497.0 48
1717340592934 52497.0 49
1717340595900 52497.0 50
1717340599109 52497.0 51
1717340602032 52497.0 52
1717340605011 52497.0 53
1717340608171 52497.0 54
1717340611303 52497.0 55
1717340614208 52497.0 56
1717340617263 52497.0 57
1717340620276 52497.0 58
1717340623229 52497.0 59
1717340626316 52497.0 60
1717340629279 52497.0 61
1717340632180 52497.0 62
1717340635423 52497.0 63
1717340638381 52497.0 64
1717340641434 52497.0 65
1717340644432 52497.0 66
1717340647546 52497.0 67
1717340650710 52497.0 68
1717340653754 52497.0 69
1717340656851 52497.0 70
1717340660058 52497.0 71
1717340663125 52497.0 72
1717340666056 52497.0 73
1717340668975 52497.0 74
1717340672124 52497.0 75
1717340675159 52497.0 76
1717340678312 52497.0 77
1717340681581 52497.0 78
1717340684604 52497.0 79
1717340687636 52497.0 80
1717340690622 52497.0 81
1717340693550 52497.0 82
1717340696531 52497.0 83
1717340699540 52497.0 84
1717340702579 52497.0 85
1717340705699 52497.0 86
1717340708819 52497.0 87
1717340711800 52497.0 88
1717340714735 52497.0 89
1717340717720 52497.0 90
1717340722170 52497.0 91
1717340725259 52497.0 92
1717340728412 52497.0 93
1717340731329 52497.0 94
1717340734232 52497.0 95
1717340737410 52497.0 96
1717340740504 52497.0 97
1717340743682 52497.0 98
1717340746618 52497.0 99
