1717340448720 0.074781031934229 1
1717340451556 0.056822595762013366 2
1717340454579 0.05595835127972656 3
1717340457707 0.055857097567083305 4
1717340460810 0.055857097567083305 5
1717340463598 0.055857097567083305 6
1717340466485 0.055857097567083305 7
1717340469461 0.055857097567083305 8
1717340472559 0.055857097567083305 9
1717340475590 0.055857097567083305 10
1717340478905 0.055857097567083305 11
1717340481838 0.055857097567083305 12
1717340484866 0.055857097567083305 13
1717340487879 0.055857097567083305 14
1717340490929 0.055857097567083305 15
1717340493899 0.055857097567083305 16
1717340497083 0.055857097567083305 17
1717340500234 0.055857097567083305 18
1717340503297 0.055857097567083305 19
1717340506143 0.055857097567083305 20
1717340509155 0.055857097567083305 21
1717340512129 0.055857097567083305 22
1717340515230 0.055857097567083305 23
1717340518146 0.055857097567083305 24
1717340521150 0.055857097567083305 25
1717340524111 0.055857097567083305 26
1717340527162 0.055857097567083305 27
1717340530196 0.055857097567083305 28
1717340533207 0.055857097567083305 29
1717340536415 0.055857097567083305 30
1717340539642 0.055857097567083305 31
1717340542651 0.055857097567083305 32
1717340545502 0.055857097567083305 33
1717340548410 0.055857097567083305 34
1717340551376 0.055857097567083305 35
1717340554346 0.055857097567083305 36
1717340557332 0.055857097567083305 37
1717340560368 0.055857097567083305 38
1717340563318 0.055857097567083305 39
1717340566182 0.055857097567083305 40
1717340569057 0.055857097567083305 41
1717340571953 0.055857097567083305 42
1717340574985 0.055857097567083305 43
1717340577863 0.055857097567083305 44
1717340580884 0.055857097567083305 45
1717340583928 0.055857097567083305 46
1717340586864 0.055857097567083305 47
1717340589981 0.055857097567083305 48
1717340592934 0.055857097567083305 49
1717340595900 0.055857097567083305 50
1717340599109 0.055857097567083305 51
1717340602032 0.055857097567083305 52
1717340605011 0.055857097567083305 53
1717340608171 0.055857097567083305 54
1717340611303 0.055857097567083305 55
1717340614208 0.055857097567083305 56
1717340617263 0.055857097567083305 57
1717340620276 0.055857097567083305 58
1717340623229 0.055857097567083305 59
1717340626316 0.055857097567083305 60
1717340629279 0.055857097567083305 61
1717340632180 0.055857097567083305 62
1717340635423 0.055857097567083305 63
1717340638381 0.055857097567083305 64
1717340641434 0.055857097567083305 65
1717340644432 0.055857097567083305 66
1717340647546 0.055857097567083305 67
1717340650710 0.055857097567083305 68
1717340653754 0.055857097567083305 69
1717340656851 0.055857097567083305 70
1717340660058 0.055857097567083305 71
1717340663125 0.055857097567083305 72
1717340666056 0.055857097567083305 73
1717340668975 0.055857097567083305 74
1717340672124 0.055857097567083305 75
1717340675159 0.055857097567083305 76
1717340678312 0.055857097567083305 77
1717340681581 0.055857097567083305 78
1717340684604 0.055857097567083305 79
1717340687636 0.055857097567083305 80
1717340690622 0.055857097567083305 81
1717340693550 0.055857097567083305 82
1717340696531 0.055857097567083305 83
1717340699540 0.055857097567083305 84
1717340702579 0.055857097567083305 85
1717340705699 0.055857097567083305 86
1717340708819 0.055857097567083305 87
1717340711800 0.055857097567083305 88
1717340714735 0.055857097567083305 89
1717340717720 0.055857097567083305 90
1717340722170 0.055857097567083305 91
1717340725259 0.055857097567083305 92
1717340728412 0.055857097567083305 93
1717340731329 0.055857097567083305 94
1717340734232 0.055857097567083305 95
1717340737410 0.055857097567083305 96
1717340740504 0.055857097567083305 97
1717340743682 0.055857097567083305 98
1717340746618 0.055857097567083305 99
