1717086870167 89462.0 1
1717086873656 89462.0 2
1717086877244 89462.0 3
1717086880491 89462.0 4
1717086883747 89462.0 5
1717086887089 89462.0 6
1717086890322 89462.0 7
1717086893553 89462.0 8
1717086896805 89462.0 9
1717086900067 89462.0 10
1717086903315 89462.0 11
1717086906508 89462.0 12
1717086909726 89462.0 13
1717086913004 89462.0 14
1717086916183 89462.0 15
1717086919388 89462.0 16
1717086922634 89462.0 17
1717086925951 89462.0 18
1717086929211 89462.0 19
1717086932683 89462.0 20
1717086935935 89462.0 21
1717086939136 89462.0 22
1717086942424 89462.0 23
1717086945689 89462.0 24
1717086948956 89462.0 25
1717086952226 89462.0 26
1717086955499 89462.0 27
1717086958698 89462.0 28
1717086961980 89462.0 29
1717086965180 89462.0 30
1717086968482 89462.0 31
1717086971742 89462.0 32
1717086974935 89462.0 33
1717086978209 89462.0 34
1717086981459 89462.0 35
1717086984700 89462.0 36
1717086988065 89462.0 37
1717086991511 89462.0 38
1717086994780 89462.0 39
1717086998068 89462.0 40
1717087001378 89462.0 41
1717087004722 89462.0 42
1717087008040 89462.0 43
1717087011351 89462.0 44
1717087014653 89462.0 45
1717087017968 89462.0 46
1717087021272 89462.0 47
1717087024597 89462.0 48
1717087027889 89462.0 49
1717087031164 89462.0 50
1717087034469 89462.0 51
1717087037713 89462.0 52
1717087040994 89462.0 53
1717087044255 89462.0 54
1717087047613 89462.0 55
1717087050895 89462.0 56
1717087054184 89462.0 57
1717087057680 89462.0 58
1717087061279 89462.0 59
1717087064608 89462.0 60
1717087067986 89462.0 61
1717087071379 89462.0 62
1717087074708 89462.0 63
1717087078042 89462.0 64
1717087081545 89462.0 65
1717087084876 89462.0 66
1717087088246 89462.0 67
1717087091531 89462.0 68
1717087094857 89462.0 69
1717087098202 89462.0 70
1717087101505 89462.0 71
1717087104846 89462.0 72
1717087108131 89462.0 73
1717087111463 89462.0 74
1717087114766 89462.0 75
1717087118063 89462.0 76
1717087121424 89462.0 77
1717087124773 89462.0 78
1717087128052 89462.0 79
1717087131403 89462.0 80
1717087134802 89462.0 81
1717087138129 89462.0 82
1717087141428 89462.0 83
1717087144737 89462.0 84
1717087148084 89462.0 85
1717087151403 89462.0 86
1717087154756 89462.0 87
1717087158092 89462.0 88
1717087161358 89462.0 89
1717087164749 89462.0 90
1717087168178 89462.0 91
1717087171490 89462.0 92
1717087174875 89462.0 93
1717087178218 89462.0 94
1717087181584 89462.0 95
1717087184908 89462.0 96
1717087188267 89462.0 97
1717087191634 89462.0 98
1717087194983 89462.0 99
