1717086870167 0.13253801441097404 1
1717086873656 0.04574054688491308 2
1717086877244 0.0 3
1717086880491 0.0 4
1717086883747 0.0 5
1717086887089 0.0 6
1717086890322 0.0 7
1717086893553 0.0 8
1717086896805 0.0 9
1717086900067 7.896399241945672e-05 10
1717086903315 0.0 11
1717086906508 0.0 12
1717086909726 0.0 13
1717086913004 0.0003436426116838488 14
1717086916183 0.00042260660410330553 15
1717086919388 0.0012357515808344495 16
1717086922634 0.0023970083791942116 17
1717086925951 0.00807129011677802 18
1717086929211 0.016052183698262782 19
1717086932683 0.003723673060777221 20
1717086935935 0.02506661475635852 21
1717086939136 0.07438200014993854 22
1717086942424 0.023581783732229772 23
1717086945689 0.0017734333430771921 24
1717086948956 0.0029664825453340577 25
1717086952226 0.024221995650356844 26
1717086955499 0.0293125485816884 27
1717086958698 0.019326184752515067 28
1717086961980 0.07643808299298394 29
1717086965180 0.07616408427569046 30
1717086968482 0.0 31
1717086971742 0.0 32
1717086974935 0.0 33
1717086978209 8.223684210526316e-05 34
1717086981459 0.00020358306188925082 35
1717086984700 0.00317433081674674 36
1717086988065 0.0 37
1717086991511 0.002769229007894811 38
1717086994780 0.0012630207908863856 39
1717086998068 0.023793382172314522 40
1717087001378 0.04826633129085564 41
1717087004722 0.0 42
1717087008040 0.05974605007504009 43
1717087011351 0.06528672652863549 44
1717087014653 0.0 45
1717087017968 0.0003932054105064486 46
1717087021272 0.0008238686318673444 47
1717087024597 0.0003932054105064486 48
1717087027889 0.0014282298685474966 49
1717087031164 0.01564216121824854 50
1717087034469 0.0455730076006773 51
1717087037713 0.07691271433501548 52
1717087040994 0.09979172985253205 53
1717087044255 0.07545620685750197 54
1717087047613 0.1317911288021859 55
1717087050895 0.07728368221986609 56
1717087054184 0.025400926458428112 57
1717087057680 0.058112817806550296 58
1717087061279 0.11460429968232469 59
1717087064608 0.11715636750467 60
1717087067986 0.14729121895427733 61
1717087071379 0.1265967729663142 62
1717087074708 0.19263045259537764 63
1717087078042 0.25112855451327876 64
1717087081545 0.25813359950974935 65
1717087084876 0.2537745328045004 66
1717087088246 0.2578590583964996 67
1717087091531 0.26194038528817776 68
1717087094857 0.14204613269121538 69
1717087098202 0.040405701754385966 70
1717087101505 0.0 71
1717087104846 0.0 72
1717087108131 0.0 73
1717087111463 0.04550419329853176 74
1717087114766 0.07010541735747074 75
1717087118063 0.11874537217983924 76
1717087121424 0.11943168407920798 77
1717087124773 0.12011079133855007 78
1717087128052 0.12044248429942236 79
1717087131403 0.12010762165319033 80
1717087134802 0.15046036502393342 81
1717087138129 0.17609493697028572 82
1717087141428 0.17542591823065198 83
1717087144737 0.17285651960956286 84
1717087148084 0.17410959273584709 85
1717087151403 0.19646732530508892 86
1717087154756 0.19371664149616877 87
1717087158092 0.19362975891787249 88
1717087161358 0.20390292860708362 89
1717087164749 0.20448128169179808 90
1717087168178 0.20473802655267714 91
1717087171490 0.19057994265347974 92
1717087174875 0.22859799804954073 93
1717087178218 0.2182650509728026 94
1717087181584 0.23979774421139027 95
1717087184908 0.24771872075137397 96
1717087188267 0.24070104178208127 97
1717087191634 0.24239475381047626 98
1717087194983 0.23556169528697596 99
