1717695218388 0.4737142391392941 1
1717695218849 0.4737142391392941 2
1717695219307 0.4737142391392941 3
1717695219713 0.47444779525633707 4
1717695220051 0.47444779525633707 5
1717695220529 0.47469231396201805 6
1717695220986 0.47469231396201805 7
1717695221451 0.4750183389029261 8
1717695221916 0.4748553264324721 9
1717695222382 0.47518135137338 10
1717695222769 0.5083543891107669 11
1717695223161 0.5361480153231722 12
1717695223523 0.4741217703154291 13
1717695223916 0.316651723856875 14
1717695224293 0.2686445513081751 15
1717695224655 0.4054935202542994 16
