1717695218388 0.8662745539178877 1
1717695218849 0.8681580882907044 2
1717695219307 0.9066416055215093 3
1717695219713 0.8468413475020464 4
1717695220051 0.8543908881198341 5
1717695220529 0.8454969542270098 6
1717695220986 0.8707728532837804 7
1717695221451 0.8681379563454641 8
1717695221916 0.862571849699265 9
1717695222382 0.8709550073271544 10
1717695222769 0.8841798741757054 11
1717695223161 0.8778221414909918 12
1717695223523 0.8988727053121149 13
1717695223916 0.9108795366928621 14
1717695224293 0.9085649305524701 15
1717695224655 0.9221742421217602 16
