1717695218388 0.5471589752271326 1
1717695218849 0.6092861957019007 2
1717695219307 0.6387299346112736 3
1717695219713 0.6791259789591562 4
1717695220051 0.7006408208566748 5
1717695220529 0.7147293261654644 6
1717695220986 0.7006237301700116 7
1717695221451 0.7077424053967647 8
1717695221916 0.725800028870204 9
1717695222382 0.7420500937447534 10
1717695222769 0.7402081690614267 11
1717695223161 0.7547222149354913 12
1717695223523 0.7573694928489667 13
1717695223916 0.7629547140643329 14
1717695224293 0.7774072793352026 15
1717695224655 0.7764543902775181 16
