1717695218388 1.1616272926330566 1
1717695218849 0.9287212491035461 2
1717695219307 0.8366120457649231 3
1717695219713 0.8193949460983276 4
1717695220051 0.7807662487030029 5
1717695220529 0.7643179893493652 6
1717695220986 0.7453986406326294 7
1717695221451 0.7406553030014038 8
1717695221916 0.7225780487060547 9
1717695222382 0.697611391544342 10
1717695222769 0.6879538297653198 11
1717695223161 0.6748473644256592 12
1717695223523 0.650263786315918 13
1717695223916 0.6221305131912231 14
1717695224293 0.6016929745674133 15
1717695224655 0.5875002145767212 16
