1717572187870 0.6288698409233082 1
1717572189163 0.8458290340879839 2
1717572190567 0.891778108709014 3
1717572191821 0.9087478439465435 4
1717572193199 0.9170667175942756 5
1717572194645 0.9195533327888045 6
1717572196092 0.921554502626178 7
1717572197394 0.9237389701393225 8
1717572198750 0.9251106343752615 9
1717572200117 0.9260300550794558 10
1717572201413 0.9263184690002071 11
1717572202766 0.9265923214118573 12
1717572204151 0.926725854364424 13
1717572205598 0.9270082047935707 14
1717572207010 0.9273462887631161 15
1717572208417 0.9278633827908238 16
1717572209803 0.92798873279167 17
1717572211206 0.9285553765480542 18
1717572212575 0.9292322202031987 19
1717572213927 0.9295486092465441 20
1717572215314 0.9298653380633938 21
1717572216642 0.9305576491093374 22
1717572217999 0.9307526421195219 23
1717572219378 0.931139422044938 24
1717572220719 0.9313076347500716 25
1717572222056 0.9314734546775733 26
1717572223384 0.931786151144939 27
1717572224946 0.9319914454965044 28
1717572226339 0.9324224901892895 29
1717572227689 0.932509869936673 30
1717572229002 0.9325341358663247 31
1717572230305 0.9328354059864365 32
1717572231693 0.9329903217332964 33
1717572233108 0.9332739090677009 34
1717572234542 0.9333844386532782 35
1717572236033 0.9335451952310794 36
1717572237373 0.9336045536303377 37
1717572238702 0.9337252062179633 38
1717572240062 0.9337914284390018 39
1717572241481 0.9337753701963459 40
1717572242923 0.9338410502082746 41
1717572244291 0.9340089554645041 42
1717572245656 0.9339807332227976 43
1717572246932 0.9340049839990205 44
1717572248275 0.9340422156784238 45
1717572249596 0.9340211969085233 46
1717572250955 0.9342743734489549 47
1717572252327 0.9343513259087348 48
1717572253700 0.9343747136813363 49
1717572255147 0.9344578477038303 50
1717572256544 0.9346379931896013 51
1717572257955 0.9347463221902265 52
1717572259316 0.9345965552881549 53
1717572260613 0.9348641267393272 54
1717572261976 0.9349357832812467 55
1717572263371 0.9349332046197195 56
1717572264731 0.9350322271218133 57
1717572266192 0.9350094245113483 58
1717572267528 0.935194704524627 59
1717572268931 0.9352330232472988 60
1717572270310 0.9355327932626689 61
1717572271725 0.9358408686808548 62
1717572273108 0.9357386060045534 63
1717572274469 0.9356303458560932 64
1717572275836 0.9358777745332225 65
1717572277291 0.9360777816010661 66
1717572278641 0.9362232259916138 67
1717572280054 0.9360929503279289 68
1717572281365 0.9361272936844499 69
1717572282702 0.936322538202429 70
1717572284048 0.9362196595453262 71
1717572285498 0.936341047878272 72
1717572286830 0.9363626467231204 73
1717572288238 0.936442346554283 74
1717572289639 0.9364639447385714 75
1717572291014 0.9366917944985034 76
1717572292406 0.9368150274900154 77
1717572293803 0.9367550128171351 78
1717572295466 0.9369698455532262 79
1717572296869 0.9369319855961824 80
1717572298245 0.9369943933747399 81
1717572299658 0.9368724730128046 82
1717572301138 0.9370933543280551 83
1717572302555 0.9370369577441292 84
1717572304002 0.9371792008501824 85
1717572305479 0.9370429668655031 86
1717572306845 0.9371855580733952 87
1717572308180 0.9373085939195172 88
1717572309553 0.9372519021400598 89
1717572310933 0.9372631835846245 90
1717572312345 0.9373082629386759 91
1717572313701 0.937334218985851 92
1717572315161 0.9375345420818731 93
1717572316519 0.9375864809335298 94
1717572317898 0.9374785078599065 95
1717572319307 0.9376951591608425 96
1717572320711 0.9376689655573311 97
1717572322044 0.9375553069453874 98
1717572323444 0.9373134729968188 99
