1717572187870 1.2450637817382812 1
1717572189163 0.9471144080162048 2
1717572190567 0.8097150325775146 3
1717572191821 0.737270712852478 4
1717572193199 0.6990770697593689 5
1717572194645 0.6746304035186768 6
1717572196092 0.6561204195022583 7
1717572197394 0.6422280073165894 8
1717572198750 0.6326996088027954 9
1717572200117 0.6251822710037231 10
1717572201413 0.6184683442115784 11
1717572202766 0.6134402751922607 12
1717572204151 0.6086843013763428 13
1717572205598 0.6037322282791138 14
1717572207010 0.5992790460586548 15
1717572208417 0.595303475856781 16
1717572209803 0.592305600643158 17
1717572211206 0.5895927548408508 18
1717572212575 0.5871555805206299 19
1717572213927 0.5849255919456482 20
1717572215314 0.5822663903236389 21
1717572216642 0.5797693729400635 22
1717572217999 0.5781809091567993 23
1717572219378 0.5761544704437256 24
1717572220719 0.5744844675064087 25
1717572222056 0.5726746916770935 26
1717572223384 0.5709640979766846 27
1717572224946 0.5698160529136658 28
1717572226339 0.5680991411209106 29
1717572227689 0.5666029453277588 30
1717572229002 0.5654995441436768 31
1717572230305 0.564534604549408 32
1717572231693 0.5633949041366577 33
1717572233108 0.5621457695960999 34
1717572234542 0.561452329158783 35
1717572236033 0.5604146122932434 36
1717572237373 0.5599260926246643 37
1717572238702 0.558987557888031 38
1717572240062 0.5580577254295349 39
1717572241481 0.5575180053710938 40
1717572242923 0.5567819476127625 41
1717572244291 0.5561503171920776 42
1717572245656 0.555170476436615 43
1717572246932 0.5546118021011353 44
1717572248275 0.5537723898887634 45
1717572249596 0.5534746646881104 46
1717572250955 0.5526333451271057 47
1717572252327 0.5520089864730835 48
1717572253700 0.5515822172164917 49
1717572255147 0.5508645176887512 50
1717572256544 0.5502981543540955 51
1717572257955 0.5497855544090271 52
1717572259316 0.5490435361862183 53
1717572260613 0.5488422513008118 54
1717572261976 0.5483646988868713 55
1717572263371 0.5475237965583801 56
1717572264731 0.5469031929969788 57
1717572266192 0.5463650822639465 58
1717572267528 0.546040952205658 59
1717572268931 0.5455096960067749 60
1717572270310 0.5444746017456055 61
1717572271725 0.5425649285316467 62
1717572273108 0.5422254204750061 63
1717572274469 0.5424676537513733 64
1717572275836 0.5422061681747437 65
1717572277291 0.5416265726089478 66
1717572278641 0.5411221981048584 67
1717572280054 0.5404607653617859 68
1717572281365 0.540104866027832 69
1717572282702 0.5396472215652466 70
1717572284048 0.5391424298286438 71
1717572285498 0.5386216640472412 72
1717572286830 0.5382535457611084 73
1717572288238 0.5376145839691162 74
1717572289639 0.5371882915496826 75
1717572291014 0.5365889072418213 76
1717572292406 0.5361403226852417 77
1717572293803 0.5361039042472839 78
1717572295466 0.5355498790740967 79
1717572296869 0.5352519750595093 80
1717572298245 0.5347002744674683 81
1717572299658 0.5344767570495605 82
1717572301138 0.534015417098999 83
1717572302555 0.5337461829185486 84
1717572304002 0.5331169366836548 85
1717572305479 0.5331797003746033 86
1717572306845 0.5322496294975281 87
1717572308180 0.5323071479797363 88
1717572309553 0.5320634245872498 89
1717572310933 0.5315057039260864 90
1717572312345 0.5311030149459839 91
1717572313701 0.5311225652694702 92
1717572315161 0.5302870273590088 93
1717572316519 0.5303150415420532 94
1717572317898 0.5298862457275391 95
1717572319307 0.5294594168663025 96
1717572320711 0.5295635461807251 97
1717572322044 0.5293005108833313 98
1717572323444 0.5288841724395752 99
