1717572187870 0.12971262725047608 1
1717572189163 0.24088265779348472 2
1717572190567 0.2990991409049638 3
1717572191821 0.3356288047329648 4
1717572193199 0.3544985903657584 5
1717572194645 0.3610923913673281 6
1717572196092 0.366795007539646 7
1717572197394 0.37329452474340835 8
1717572198750 0.37754414951444165 9
1717572200117 0.3804157664598652 10
1717572201413 0.38131283609265076 11
1717572202766 0.38221535061666023 12
1717572204151 0.3825860356884505 13
1717572205598 0.38380339611079617 14
1717572207010 0.3851055649224983 15
1717572208417 0.387049272325739 16
1717572209803 0.3875779952226862 17
1717572211206 0.38945656855409155 18
1717572212575 0.39190869521227234 19
1717572213927 0.3930429974166397 20
1717572215314 0.39429119610856544 21
1717572216642 0.3970852782905473 22
1717572217999 0.39767849755976326 23
1717572219378 0.3990388260870359 24
1717572220719 0.3997855886682929 25
1717572222056 0.40032151989234677 26
1717572223384 0.4014254615527991 27
1717572224946 0.4021546408179878 28
1717572226339 0.4038515117453038 29
1717572227689 0.4039349198409311 30
1717572229002 0.40424965856289996 31
1717572230305 0.4052978740219214 32
1717572231693 0.4060476457655446 33
1717572233108 0.4070328826563313 34
1717572234542 0.40770022756159996 35
1717572236033 0.4083049565388438 36
1717572237373 0.40844693960952727 37
1717572238702 0.4090957339663816 38
1717572240062 0.4094880457533044 39
1717572241481 0.4095788909442732 40
1717572242923 0.40981077032772306 41
1717572244291 0.41045429564806946 42
1717572245656 0.4102552050265579 43
1717572246932 0.4104571130010034 44
1717572248275 0.41053903088800614 45
1717572249596 0.41072583654663464 46
1717572250955 0.4116502566109173 47
1717572252327 0.4119028875286812 48
1717572253700 0.41220749663170975 49
1717572255147 0.4122473486330925 50
1717572256544 0.41292954605509063 51
1717572257955 0.4133759124442399 52
1717572259316 0.4127952950496934 53
1717572260613 0.41375364801961734 54
1717572261976 0.41392814485458335 55
1717572263371 0.4139585659442608 56
1717572264731 0.4143968775554371 57
1717572266192 0.4142688659596904 58
1717572267528 0.41505470334024525 59
1717572268931 0.4152535631904891 60
1717572270310 0.41635319850788116 61
1717572271725 0.41740578663309996 62
1717572273108 0.41712283311556553 63
1717572274469 0.4167498204677899 64
1717572275836 0.41779223714390834 65
1717572277291 0.4186818803577737 66
1717572278641 0.4193213737075664 67
1717572280054 0.4188313263983317 68
1717572281365 0.4189400262891393 69
1717572282702 0.4197097688296588 70
1717572284048 0.4193322997159139 71
1717572285498 0.419836816031669 72
1717572286830 0.4199000760245363 73
1717572288238 0.4201270582144153 74
1717572289639 0.42040108570898493 75
1717572291014 0.42118264255160526 76
1717572292406 0.4217114670853083 77
1717572293803 0.4216852215678007 78
1717572295466 0.42231789177861584 79
1717572296869 0.42234081059208123 80
1717572298245 0.42245056575525564 81
1717572299658 0.421874898531138 82
1717572301138 0.4229113241772412 83
1717572302555 0.42259462319542485 84
1717572304002 0.42317297751024313 85
1717572305479 0.42265719328885937 86
1717572306845 0.42325650290365285 87
1717572308180 0.4236164789758258 88
1717572309553 0.42349980702154666 89
1717572310933 0.4236176467178431 90
1717572312345 0.42367104710261927 91
1717572313701 0.42414694697585786 92
1717572315161 0.42459896888316934 93
1717572316519 0.42477502812462375 94
1717572317898 0.42456317503068636 95
1717572319307 0.4252160337932416 96
1717572320711 0.42514035556475444 97
1717572322044 0.4247037812144747 98
1717572323444 0.4240351265267842 99
