1717337815543 287888.0 1
1717337817442 287888.0 2
1717337819323 287888.0 3
1717337821234 287888.0 4
1717337823200 287888.0 5
1717337825103 287888.0 6
1717337826952 287888.0 7
1717337828930 287888.0 8
1717337830816 287888.0 9
1717337832707 287888.0 10
1717337834648 287888.0 11
1717337836527 287888.0 12
1717337838409 287888.0 13
1717337840406 287888.0 14
1717337842250 287888.0 15
1717337844041 287888.0 16
1717337845846 287888.0 17
1717337847687 287888.0 18
1717337849544 287888.0 19
1717337851382 287888.0 20
1717337853223 287888.0 21
1717337855093 287888.0 22
1717337856917 287888.0 23
1717337858790 287888.0 24
1717337860637 287888.0 25
1717337862457 287888.0 26
1717337864304 287888.0 27
1717337866152 287888.0 28
1717337868012 287888.0 29
1717337869804 287888.0 30
1717337871701 287888.0 31
1717337873520 287888.0 32
1717337875533 287888.0 33
1717337877516 287888.0 34
1717337879392 287888.0 35
1717337881258 287888.0 36
1717337883143 287888.0 37
1717337885059 287888.0 38
1717337886974 287888.0 39
1717337888885 287888.0 40
1717337890842 287888.0 41
1717337892751 287888.0 42
1717337894642 287888.0 43
1717337896543 287888.0 44
1717337898481 287888.0 45
1717337900396 287888.0 46
1717337902278 287888.0 47
1717337904250 287888.0 48
1717337906137 287888.0 49
1717337908036 287888.0 50
1717337909913 287888.0 51
1717337911893 287888.0 52
1717337913793 287888.0 53
1717337915788 287888.0 54
1717337917671 287888.0 55
1717337919575 287888.0 56
1717337921413 287888.0 57
1717337923284 287888.0 58
1717337925169 287888.0 59
1717337927074 287888.0 60
1717337928982 287888.0 61
1717337930845 287888.0 62
1717337932724 287888.0 63
1717337934610 287888.0 64
1717337936594 287888.0 65
1717337938470 287888.0 66
1717337940344 287888.0 67
1717337942227 287888.0 68
1717337944123 287888.0 69
1717337946094 287888.0 70
1717337947988 287888.0 71
1717337949849 287888.0 72
1717337951792 287888.0 73
1717337953676 287888.0 74
1717337955532 287888.0 75
1717337957389 287888.0 76
1717337959237 287888.0 77
1717337961236 287888.0 78
1717337963068 287888.0 79
1717337964929 287888.0 80
1717337966835 287888.0 81
1717337968766 287888.0 82
1717337970764 287888.0 83
1717337972883 287888.0 84
1717337974918 287888.0 85
1717337976939 287888.0 86
1717337978929 287888.0 87
1717337981021 287888.0 88
1717337982992 287888.0 89
1717337985052 287888.0 90
1717337987177 287888.0 91
1717337989138 287888.0 92
1717337991178 287888.0 93
1717337993236 287888.0 94
1717337995276 287888.0 95
1717337997255 287888.0 96
1717337999358 287888.0 97
1717338001404 287888.0 98
1717338003363 287888.0 99
