1717337815543 0.010777201503515244 1
1717337817442 0.0 2
1717337819323 0.0 3
1717337821234 0.0 4
1717337823200 0.0 5
1717337825103 0.0 6
1717337826952 0.0 7
1717337828930 0.0 8
1717337830816 0.0 9
1717337832707 0.0 10
1717337834648 0.0 11
1717337836527 0.0 12
1717337838409 0.0 13
1717337840406 0.0 14
1717337842250 0.0 15
1717337844041 0.0 16
1717337845846 0.0 17
1717337847687 0.0 18
1717337849544 0.0 19
1717337851382 0.0 20
1717337853223 0.0 21
1717337855093 0.0 22
1717337856917 0.0 23
1717337858790 0.0 24
1717337860637 0.0 25
1717337862457 0.0 26
1717337864304 0.0 27
1717337866152 0.0 28
1717337868012 0.0 29
1717337869804 0.0 30
1717337871701 0.0 31
1717337873520 0.0 32
1717337875533 0.0 33
1717337877516 0.0 34
1717337879392 0.0 35
1717337881258 0.0 36
1717337883143 0.0 37
1717337885059 0.0 38
1717337886974 0.0 39
1717337888885 0.0 40
1717337890842 0.0 41
1717337892751 0.0 42
1717337894642 0.0 43
1717337896543 0.0 44
1717337898481 0.0 45
1717337900396 0.0 46
1717337902278 0.0 47
1717337904250 0.0 48
1717337906137 0.0 49
1717337908036 0.0 50
1717337909913 0.0 51
1717337911893 0.0 52
1717337913793 0.0 53
1717337915788 0.0 54
1717337917671 0.0 55
1717337919575 0.0 56
1717337921413 0.0 57
1717337923284 0.0 58
1717337925169 0.0 59
1717337927074 0.0 60
1717337928982 0.0 61
1717337930845 0.0 62
1717337932724 0.0 63
1717337934610 0.0 64
1717337936594 0.0 65
1717337938470 0.0 66
1717337940344 0.0 67
1717337942227 0.0 68
1717337944123 0.0 69
1717337946094 0.0 70
1717337947988 0.0 71
1717337949849 0.0 72
1717337951792 0.0 73
1717337953676 0.0 74
1717337955532 0.0 75
1717337957389 0.0 76
1717337959237 0.0 77
1717337961236 0.0 78
1717337963068 0.0 79
1717337964929 0.0 80
1717337966835 0.0 81
1717337968766 0.0 82
1717337970764 0.0 83
1717337972883 0.0 84
1717337974918 0.0 85
1717337976939 0.0 86
1717337978929 0.0 87
1717337981021 0.0 88
1717337982992 0.0 89
1717337985052 0.0 90
1717337987177 0.0 91
1717337989138 0.0 92
1717337991178 0.0 93
1717337993236 0.0 94
1717337995276 0.0 95
1717337997255 0.0 96
1717337999358 0.0 97
1717338001404 0.0 98
1717338003363 0.0 99
