1717337726045 0.9455454974107687 1
1717337726893 0.9484614028468303 2
1717337727732 0.9505693147389129 3
1717337728574 0.9505507112488943 4
1717337729416 0.9502839256533989 5
1717337730256 0.950278949541325 6
1717337731100 0.9508390260908296 7
1717337732007 0.9515744688284847 8
1717337732844 0.9523393346517615 9
1717337733673 0.9524557132728921 10
1717337734497 0.9535467762531342 11
1717337735369 0.9543780931952323 12
1717337736196 0.9553366412829869 13
1717337737029 0.9562103687919523 14
1717337737864 0.957385371246129 15
1717337738707 0.9589114982327088 16
1717337739528 0.9599925275872483 17
1717337740425 0.9606074008363572 18
1717337741321 0.9620470472383523 19
1717337742151 0.9628961395969272 20
1717337742987 0.9638586073798155 21
1717337743825 0.9651217246151381 22
1717337744665 0.9661313604030131 23
1717337745506 0.9669068917458529 24
1717337746337 0.9679786134927434 25
1717337747166 0.9690019168220372 26
1717337747995 0.9696714612720172 27
1717337748832 0.9708812925135113 28
1717337749667 0.9718272927392559 29
1717337750510 0.9723972033011992 30
1717337751348 0.9735696045177223 31
1717337752198 0.9738212816382493 32
1717337753031 0.974045447686447 33
1717337753850 0.9750454485038716 34
1717337754689 0.9757463082779969 35
1717337755532 0.9764454378904351 36
1717337756357 0.9765151909239863 37
1717337757195 0.9773285238834385 38
1717337758026 0.9778244389329565 39
1717337758860 0.9780101847532968 40
1717337759696 0.9789726852220425 41
1717337760532 0.9790609270250072 42
1717337761372 0.9797348134751334 43
1717337762206 0.9798394269271652 44
1717337763043 0.9802957915181622 45
1717337763871 0.9807710892276794 46
1717337764704 0.9812235824094114 47
1717337765570 0.9811240274902525 48
1717337766413 0.9819033201066488 49
1717337767247 0.9825097807765484 50
1717337768093 0.9829078299669354 51
1717337768971 0.9829909904785301 52
1717337769805 0.9834623446774092 53
1717337770638 0.9834825525203738 54
1717337771455 0.9832703244556688 55
1717337772292 0.9843635789553343 56
1717337773127 0.984643022327187 57
1717337773955 0.9848275279121513 58
1717337774790 0.9852047962922814 59
1717337775622 0.9852796436739262 60
1717337776462 0.9853967617201139 61
1717337777302 0.9855264616585078 62
1717337778135 0.9855733235811212 63
1717337778979 0.9861256200145971 64
1717337779816 0.986246705700308 65
1717337780662 0.9861941267922543 66
1717337781506 0.9865474535390251 67
1717337782335 0.9867747326695885 68
1717337783172 0.9867839474763391 69
1717337784008 0.9869078613461458 70
1717337784840 0.987081114586015 71
1717337785669 0.9872177660863242 72
1717337786497 0.9874029487550547 73
1717337787319 0.987389262577132 74
1717337788147 0.9875265528875811 75
1717337788989 0.987694266744876 76
1717337789821 0.9877670200107938 77
1717337790667 0.9879461121232903 78
1717337791506 0.9880810986092617 79
1717337792329 0.9883156982254473 80
1717337793169 0.9883099093627848 81
1717337793999 0.9882495638034021 82
1717337794825 0.9883726813469531 83
1717337795648 0.9884551188889461 84
1717337796488 0.988644697450714 85
1717337797330 0.9887678796396402 86
1717337798164 0.9887230030897234 87
1717337799003 0.9888744283385028 88
1717337799835 0.9883512208940576 89
1717337800665 0.9887140650723997 90
1717337801522 0.9884299860762057 91
1717337802369 0.988013851047126 92
1717337803282 0.9891081680296955 93
1717337804119 0.9891700823509295 94
1717337804960 0.9891977999365155 95
1717337805799 0.9892346896062563 96
1717337806648 0.9892982725893591 97
1717337807563 0.9893817967333757 98
1717337808398 0.9893214569878034 99
