1717337726045 287888.0 1
1717337726893 287888.0 2
1717337727732 287888.0 3
1717337728574 287888.0 4
1717337729416 287888.0 5
1717337730256 287888.0 6
1717337731100 287888.0 7
1717337732007 287888.0 8
1717337732844 287888.0 9
1717337733673 287888.0 10
1717337734497 287888.0 11
1717337735369 287888.0 12
1717337736196 287888.0 13
1717337737029 287888.0 14
1717337737864 287888.0 15
1717337738707 287888.0 16
1717337739528 287888.0 17
1717337740425 287888.0 18
1717337741321 287888.0 19
1717337742151 287888.0 20
1717337742987 287888.0 21
1717337743825 287888.0 22
1717337744665 287888.0 23
1717337745506 287888.0 24
1717337746337 287888.0 25
1717337747166 287888.0 26
1717337747995 287888.0 27
1717337748832 287888.0 28
1717337749667 287888.0 29
1717337750510 287888.0 30
1717337751348 287888.0 31
1717337752198 287888.0 32
1717337753031 287888.0 33
1717337753850 287888.0 34
1717337754689 287888.0 35
1717337755532 287888.0 36
1717337756357 287888.0 37
1717337757195 287888.0 38
1717337758026 287888.0 39
1717337758860 287888.0 40
1717337759696 287888.0 41
1717337760532 287888.0 42
1717337761372 287888.0 43
1717337762206 287888.0 44
1717337763043 287888.0 45
1717337763871 287888.0 46
1717337764704 287888.0 47
1717337765570 287888.0 48
1717337766413 287888.0 49
1717337767247 287888.0 50
1717337768093 287888.0 51
1717337768971 287888.0 52
1717337769805 287888.0 53
1717337770638 287888.0 54
1717337771455 287888.0 55
1717337772292 287888.0 56
1717337773127 287888.0 57
1717337773955 287888.0 58
1717337774790 287888.0 59
1717337775622 287888.0 60
1717337776462 287888.0 61
1717337777302 287888.0 62
1717337778135 287888.0 63
1717337778979 287888.0 64
1717337779816 287888.0 65
1717337780662 287888.0 66
1717337781506 287888.0 67
1717337782335 287888.0 68
1717337783172 287888.0 69
1717337784008 287888.0 70
1717337784840 287888.0 71
1717337785669 287888.0 72
1717337786497 287888.0 73
1717337787319 287888.0 74
1717337788147 287888.0 75
1717337788989 287888.0 76
1717337789821 287888.0 77
1717337790667 287888.0 78
1717337791506 287888.0 79
1717337792329 287888.0 80
1717337793169 287888.0 81
1717337793999 287888.0 82
1717337794825 287888.0 83
1717337795648 287888.0 84
1717337796488 287888.0 85
1717337797330 287888.0 86
1717337798164 287888.0 87
1717337799003 287888.0 88
1717337799835 287888.0 89
1717337800665 287888.0 90
1717337801522 287888.0 91
1717337802369 287888.0 92
1717337803282 287888.0 93
1717337804119 287888.0 94
1717337804960 287888.0 95
1717337805799 287888.0 96
1717337806648 287888.0 97
1717337807563 287888.0 98
1717337808398 287888.0 99
