1717707967494 0.7787622213363647 1
1717707969022 0.5342866778373718 2
1717707970777 0.46896809339523315 3
1717707972326 0.4365301728248596 4
1717707973994 0.4167255461215973 5
1717707975640 0.4044490158557892 6
1717707977253 0.3955315053462982 7
1717707978769 0.3883201479911804 8
1717707980565 0.38239622116088867 9
1717707982248 0.37761390209198 10
1717707983700 0.3735916316509247 11
1717707985250 0.37002497911453247 12
1717707986769 0.3669768273830414 13
1717707988184 0.36479273438453674 14
1717707989666 0.3622235059738159 15
1717707991224 0.3591024577617645 16
