1717707967494 0.3614450284655254 1
1717707969022 0.45326516196761063 2
1717707970777 0.4771619408372357 3
1717707972326 0.49379025511441726 4
1717707973994 0.5058798006921881 5
1717707975640 0.5140512657685697 6
1717707977253 0.5196058757446578 7
1717707978769 0.524107366218581 8
1717707980565 0.527369389167137 9
1717707982248 0.5302385732032828 10
1717707983700 0.5328200003061967 11
1717707985250 0.5348401817965256 12
1717707986769 0.5359699000305765 13
1717707988184 0.537245577852454 14
1717707989666 0.5390668689408585 15
1717707991224 0.5406231139721415 16
