1717444695357 0.15524485775431027 1
1717444698295 0.15524485775431027 2
1717444701226 0.15524485775431027 3
1717444704192 0.15524485775431027 4
1717444707069 0.15524485775431027 5
1717444710014 0.15524485775431027 6
1717444712982 0.15524485775431027 7
1717444716216 0.15524485775431027 8
1717444718856 0.15524485775431027 9
1717444721471 0.15524485775431027 10
1717444724288 0.15524485775431027 11
1717444727213 0.15524485775431027 12
1717444730116 0.15524485775431027 13
1717444733113 0.15524485775431027 14
1717444736069 0.15524485775431027 15
1717444739013 0.15524485775431027 16
1717444741922 0.15524485775431027 17
1717444744841 0.15524485775431027 18
1717444747902 0.15524485775431027 19
1717444750818 0.15524485775431027 20
1717444753685 0.15524485775431027 21
1717444756519 0.15524485775431027 22
1717444759408 0.15524485775431027 23
1717444762356 0.15524485775431027 24
1717444765289 0.15524485775431027 25
1717444768242 0.15524485775431027 26
1717444771134 0.15524485775431027 27
1717444774076 0.15524485775431027 28
1717444777093 0.15524485775431027 29
1717444780024 0.15524485775431027 30
1717444782922 0.15524485775431027 31
1717444785808 0.15524485775431027 32
1717444788704 0.15524485775431027 33
1717444791567 0.15524485775431027 34
1717444794451 0.15524485775431027 35
1717444797393 0.15524485775431027 36
1717444800303 0.15524485775431027 37
1717444803317 0.15524485775431027 38
1717444806420 0.15524485775431027 39
1717444809315 0.15524485775431027 40
1717444812269 0.15524485775431027 41
1717444815182 0.15524485775431027 42
1717444818125 0.15524485775431027 43
1717444821076 0.15524485775431027 44
1717444823977 0.15524485775431027 45
1717444826857 0.15524485775431027 46
1717444829759 0.15524485775431027 47
1717444832716 0.15524485775431027 48
1717444835600 0.15524485775431027 49
1717444838551 0.15524485775431027 50
1717444841469 0.15524485775431027 51
1717444844798 0.15524485775431027 52
1717444847795 0.15524485775431027 53
1717444850699 0.15524485775431027 54
1717444853595 0.15524485775431027 55
1717444856487 0.15524485775431027 56
1717444859340 0.15524485775431027 57
1717444862234 0.15524485775431027 58
1717444865182 0.15524485775431027 59
1717444868067 0.15524485775431027 60
1717444870946 0.15524485775431027 61
1717444873824 0.15524485775431027 62
1717444876688 0.15524485775431027 63
1717444879591 0.15524485775431027 64
1717444882481 0.15524485775431027 65
1717444885364 0.15524485775431027 66
1717444888219 0.15524485775431027 67
1717444891103 0.15524485775431027 68
1717444894039 0.15524485775431027 69
1717444897225 0.15524485775431027 70
1717444900101 0.15524485775431027 71
1717444903002 0.15524485775431027 72
1717444905897 0.15524485775431027 73
1717444908836 0.15524485775431027 74
1717444911713 0.15524485775431027 75
1717444914570 0.15524485775431027 76
1717444917449 0.15524485775431027 77
1717444920317 0.15524485775431027 78
1717444923204 0.15524485775431027 79
1717444926105 0.15524485775431027 80
1717444928969 0.15524485775431027 81
1717444932011 0.15524485775431027 82
1717444934922 0.15524485775431027 83
1717444937808 0.15524485775431027 84
1717444940885 0.15524485775431027 85
1717444943833 0.15524485775431027 86
1717444946777 0.15524485775431027 87
1717444949688 0.15524485775431027 88
1717444952621 0.15524485775431027 89
1717444955492 0.15524485775431027 90
1717444958437 0.15524485775431027 91
1717444961337 0.15524485775431027 92
1717444964255 0.15524485775431027 93
1717444967438 0.15524485775431027 94
1717444970673 0.15524485775431027 95
1717444973796 0.15524485775431027 96
1717444976703 0.15524485775431027 97
1717444979614 0.15524485775431027 98
1717444982568 0.15524485775431027 99
