1717094084563 0.8523206936284767 1
1717094086147 0.9177002097040484 2
1717094087518 0.9177002097040484 3
1717094088853 0.9177002097040484 4
1717094090185 0.9177002097040484 5
1717094091531 0.9177002097040484 6
1717094092885 0.9177002097040484 7
1717094094270 0.9177002097040484 8
1717094095655 0.9177002097040484 9
1717094097021 0.9177002097040484 10
1717094098399 0.9177002097040484 11
1717094099768 0.9177002097040484 12
1717094101097 0.9177002097040484 13
1717094102394 0.9177002097040484 14
1717094103748 0.9177002097040484 15
1717094105055 0.9177002097040484 16
1717094106374 0.9177002097040484 17
1717094107721 0.9177002097040484 18
1717094109009 0.9177002097040484 19
1717094110319 0.9177002097040484 20
1717094111673 0.9177002097040484 21
1717094113020 0.9177002097040484 22
1717094114356 0.9177002097040484 23
1717094115670 0.9177002097040484 24
1717094117058 0.9177002097040484 25
1717094118380 0.9177002097040484 26
1717094119665 0.9177002097040484 27
1717094120987 0.9177002097040484 28
1717094122300 0.9177002097040484 29
1717094123616 0.9177002097040484 30
1717094124980 0.9177002097040484 31
1717094126338 0.9177002097040484 32
1717094127680 0.9177002097040484 33
1717094129044 0.9177002097040484 34
1717094130426 0.9177002097040484 35
1717094131717 0.9177002097040484 36
1717094133067 0.9177002097040484 37
1717094134443 0.9177002097040484 38
1717094135822 0.9177002097040484 39
1717094137202 0.9177002097040484 40
1717094138607 0.9177002097040484 41
1717094140000 0.9177002097040484 42
1717094141393 0.9177002097040484 43
1717094142744 0.9177002097040484 44
1717094144086 0.9177002097040484 45
1717094145451 0.9177002097040484 46
1717094146827 0.9177002097040484 47
1717094148192 0.9177002097040484 48
1717094149527 0.9177002097040484 49
1717094150906 0.9177002097040484 50
1717094152309 0.9177002097040484 51
1717094153725 0.9177002097040484 52
1717094155155 0.9177002097040484 53
1717094156565 0.9177002097040484 54
1717094157989 0.9177002097040484 55
1717094159364 0.9177002097040484 56
1717094160755 0.9177002097040484 57
1717094162179 0.9177002097040484 58
1717094163543 0.9177002097040484 59
1717094164918 0.9177002097040484 60
1717094166303 0.9177002097040484 61
1717094167652 0.9177002097040484 62
1717094169026 0.9177002097040484 63
1717094170405 0.9177002097040484 64
1717094171825 0.9177002097040484 65
1717094173203 0.9177002097040484 66
1717094174593 0.9177002097040484 67
1717094176165 0.9177002097040484 68
1717094177548 0.9177002097040484 69
1717094178936 0.9177002097040484 70
1717094180338 0.9177002097040484 71
1717094181716 0.9177002097040484 72
1717094183099 0.9177002097040484 73
1717094184475 0.9177002097040484 74
1717094185868 0.9177002097040484 75
1717094187271 0.9177002097040484 76
1717094188631 0.9177002097040484 77
1717094190018 0.9177002097040484 78
1717094191560 0.9177002097040484 79
1717094192939 0.9177002097040484 80
1717094194325 0.9177002097040484 81
1717094195750 0.9177002097040484 82
1717094197145 0.9177002097040484 83
1717094198524 0.9177002097040484 84
1717094199921 0.9177002097040484 85
1717094201328 0.9177002097040484 86
1717094202716 0.9177002097040484 87
1717094204094 0.9177002097040484 88
1717094205498 0.9177002097040484 89
1717094206895 0.9177002097040484 90
1717094208339 0.9177002097040484 91
1717094209705 0.9177002097040484 92
1717094211095 0.9177002097040484 93
1717094212483 0.9177002097040484 94
1717094213888 0.9177002097040484 95
1717094215328 0.9177002097040484 96
1717094216731 0.9177002097040484 97
1717094218128 0.9177002097040484 98
1717094219517 0.9177002097040484 99
