1717255838812 0.0008486284012468643 1
1717255850358 0.13624459919823834 2
1717255861840 0.5555073924452958 3
1717255873035 0.5133026433873675 4
1717255884484 0.02983302941119621 5
1717255895973 0.07781312424026009 6
1717255907376 0.46255006694222933 7
1717255918966 0.5468625720804658 8
1717255930683 0.5566630886607984 9
1717255942372 0.5253928927672292 10
1717255954140 0.5147472855328258 11
1717255965877 0.5430320394304136 12
1717255977600 0.5494447275944561 13
1717255989454 0.5304480323494302 14
1717256001199 0.5353706790187074 15
1717256012989 0.502692594500497 16
1717256024840 0.5046583065300457 17
1717256036736 0.5131614082573264 18
1717256048581 0.5051146497638762 19
1717256060378 0.5167272364093283 20
1717256072224 0.508204034480081 21
1717256084137 0.5213191673717711 22
1717256096273 0.47887501825636825 23
1717256108286 0.5058239370459042 24
1717256120204 0.5346491862459283 25
1717256132139 0.5137493474545415 26
1717256144070 0.5378835491142578 27
1717256156006 0.5378284178680829 28
1717256167994 0.5309529660767967 29
1717256180065 0.5492757234941086 30
1717256192147 0.526721609129235 31
1717256204236 0.5493651749811979 32
1717256216272 0.547768855173596 33
1717256228281 0.5237744060882663 34
1717256240258 0.5801142178820186 35
1717256252299 0.5551586172872854 36
1717256264485 0.5654059503086638 37
1717256276560 0.5605685450048002 38
1717256288723 0.5579792065103946 39
1717256300766 0.5578079661009226 40
1717256312902 0.5483878888481508 41
1717256324994 0.5559012083502715 42
1717256337134 0.5542619275139694 43
1717256349215 0.5615527109721056 44
1717256361371 0.5669918518345859 45
1717256373508 0.5621588601052193 46
1717256385641 0.5637007914275143 47
1717256397816 0.5639791328898165 48
1717256409904 0.5604561669014244 49
1717256422076 0.5498420216708401 50
1717256434200 0.5644173031166838 51
1717256446350 0.5605625765956134 52
1717256458468 0.5582233086631795 53
1717256470563 0.5676986720433391 54
1717256482914 0.5694878927415172 55
1717256495053 0.5657148418238829 56
1717256507201 0.5718467208726542 57
1717256519354 0.5625957500298505 58
1717256531636 0.5661660623328896 59
1717256543759 0.5594044270359915 60
1717256555903 0.5691558775842683 61
1717256568049 0.5595806028033352 62
1717256580182 0.5639919494235137 63
1717256592358 0.5422595001279934 64
1717256604505 0.5882670670781813 65
1717256616655 0.5839772490728434 66
1717256628782 0.5857760052331518 67
1717256640951 0.5646213611007311 68
1717256653094 0.5230592368834002 69
1717256665233 0.5496348704250386 70
1717256677362 0.5635496827480118 71
1717256689534 0.550111896366258 72
1717256701727 0.5626213064515673 73
1717256713591 0.6014500606493665 74
1717256725509 0.5487881812937504 75
1717256737472 0.5469885492560214 76
1717256749498 0.5572411255551404 77
1717256761594 0.5523972511907893 78
1717256773975 0.5041070986909489 79
1717256786298 0.5531292444964407 80
1717256799184 0.549039747143578 81
1717256811245 0.5758045911883385 82
1717256823123 0.4047473341173265 83
1717256835304 0.390225163135058 84
1717256848224 0.3887934851400825 85
1717256860249 0.3914714135645269 86
1717256872606 0.3945128928719727 87
1717256884908 0.39271693488699766 88
1717256897068 0.3881142710560296 89
1717256909134 0.3970715069168737 90
1717256921301 0.39711287770558623 91
1717256933123 0.4057938572027156 92
1717256945032 0.405979831210086 93
1717256957006 0.4120602224206806 94
1717256969147 0.4104441371242637 95
1717256981288 0.41121962459482003 96
1717256993686 0.40687264179128074 97
1717257006832 0.39363293903708185 98
1717257019632 0.3485136556934476 99
