1717575161411 0.14714739018741843 1
1717575162984 0.18548527560003208 2
1717575164509 0.20089381838069556 3
1717575166063 0.23267478552491966 4
1717575167477 0.23594688782579742 5
1717575169051 0.27305415534364474 6
1717575170667 0.286193821550883 7
1717575172226 0.2850261146874262 8
1717575173746 0.2922898355113587 9
1717575175180 0.2947123974675025 10
1717575176685 0.3007081446353445 11
1717575178068 0.31062567250021655 12
1717575179438 0.3153474444918618 13
1717575180816 0.33049799719977696 14
1717575182288 0.33924540282326965 15
1717575183807 0.34755654712217193 16
1717575185500 0.3541702955006689 17
1717575186934 0.36042468081969675 18
1717575188372 0.36582782200074243 19
1717575189843 0.3716705115642012 20
1717575191317 0.3748047235428325 21
1717575192787 0.3766863011534921 22
1717575194193 0.3776170350872302 23
1717575195752 0.37855477604550813 24
1717575197153 0.37828238013943405 25
1717575198599 0.37892471378401105 26
1717575200040 0.38010205067082087 27
1717575201453 0.38095590769103804 28
1717575202915 0.38318052829588367 29
1717575204299 0.38310345250976446 30
1717575206071 0.3827292853588023 31
1717575207494 0.38446466861909584 32
1717575209047 0.38657482162081 33
1717575210484 0.3882052251282532 34
1717575211902 0.3907424098034974 35
1717575213320 0.39171072430784903 36
1717575214725 0.39367581306580873 37
1717575216180 0.3953569013071292 38
1717575217610 0.39647235831566446 39
1717575219025 0.3976546239299343 40
1717575220457 0.3984245703480045 41
1717575221872 0.3986703627512327 42
1717575223264 0.3995628257012157 43
1717575224678 0.40053935850204336 44
1717575226246 0.4014021892293143 45
1717575227645 0.40227889122718524 46
1717575229030 0.4033109820318183 47
1717575230439 0.4039531064625853 48
1717575231859 0.4050864343541201 49
1717575233258 0.4062279145092816 50
1717575234650 0.40696568831546326 51
1717575236039 0.4074159855725142 52
1717575237475 0.40835904537760653 53
1717575238882 0.40953923041985996 54
1717575240420 0.4103290802966149 55
1717575241859 0.41212121217802206 56
1717575243302 0.41295497878684806 57
1717575244694 0.4148970759442952 58
1717575246103 0.41577351771042154 59
1717575247531 0.41586758755536624 60
1717575248957 0.41792012340496587 61
1717575250331 0.4199871700530177 62
1717575251741 0.4199530874276186 63
1717575253072 0.4220424105081407 64
1717575254497 0.42349625560152365 65
1717575256023 0.42625489274401135 66
1717575257408 0.42786530192190964 67
1717575258811 0.4294159857252743 68
1717575260231 0.4312090174768012 69
1717575261632 0.43307153179996133 70
1717575263022 0.4344088018895277 71
1717575264449 0.43567441095670933 72
1717575266051 0.4370564198688675 73
1717575267688 0.43821730348821575 74
1717575269203 0.44007718295215564 75
1717575270831 0.44177300123063346 76
1717575272464 0.44190635035988246 77
1717575273950 0.44308126640261325 78
1717575275496 0.4429806630207398 79
1717575277119 0.4436972413713323 80
1717575278713 0.4432757114901777 81
1717575280286 0.4439346100560512 82
1717575281887 0.44338091808793084 83
1717575283417 0.4439457804506141 84
1717575284947 0.4428639940091834 85
1717575286471 0.43301338788622384 86
1717575287974 0.44260427405573705 87
1717575289703 0.4309660188909509 88
1717575291253 0.4413533416036178 89
1717575292785 0.44490312187372016 90
1717575294268 0.44330270064134647 91
1717575295927 0.4395705442445521 92
1717575297635 0.44669822598231446 93
1717575299025 0.4457769009096892 94
1717575300448 0.44272127473833234 95
1717575301866 0.4376343580908779 96
1717575303361 0.4473608993902755 97
1717575304741 0.44509134232858527 98
1717575306176 0.444037144996099 99
