1717575161411 91558.0 1
1717575162984 79161.0 2
1717575164509 95195.0 3
1717575166063 91687.0 4
1717575167477 94528.0 5
1717575169051 82122.0 6
1717575170667 78752.0 7
1717575172226 80031.0 8
1717575173746 78185.0 9
1717575175180 77591.0 10
1717575176685 76088.0 11
1717575178068 74273.0 12
1717575179438 72062.0 13
1717575180816 69311.0 14
1717575182288 67171.0 15
1717575183807 65809.0 16
1717575185500 64167.0 17
1717575186934 63016.0 18
1717575188372 62107.0 19
1717575189843 61219.0 20
1717575191317 60777.0 21
1717575192787 60554.0 22
1717575194193 60506.0 23
1717575195752 60502.0 24
1717575197153 60751.0 25
1717575198599 60847.0 26
1717575200040 60765.0 27
1717575201453 60740.0 28
1717575202915 60647.0 29
1717575204299 60706.0 30
1717575206071 60629.0 31
1717575207494 60292.0 32
1717575209047 60096.0 33
1717575210484 60019.0 34
1717575211902 59839.0 35
1717575213320 59718.0 36
1717575214725 59441.0 37
1717575216180 59186.0 38
1717575217610 59065.0 39
1717575219025 58924.0 40
1717575220457 58896.0 41
1717575221872 58822.0 42
1717575223264 58719.0 43
1717575224678 58588.0 44
1717575226246 58588.0 45
1717575227645 58568.0 46
1717575229030 58410.0 47
1717575230439 58323.0 48
1717575231859 58202.0 49
1717575233258 58127.0 50
1717575234650 58092.0 51
1717575236039 58095.0 52
1717575237475 57999.0 53
1717575238882 57866.0 54
1717575240420 57771.0 55
1717575241859 57592.0 56
1717575243302 57567.0 57
1717575244694 57253.0 58
1717575246103 57248.0 59
1717575247531 57261.0 60
1717575248957 56952.0 61
1717575250331 56657.0 62
1717575251741 56674.0 63
1717575253072 56326.0 64
1717575254497 56093.0 65
1717575256023 55750.0 66
1717575257408 55463.0 67
1717575258811 55199.0 68
1717575260231 54933.0 69
1717575261632 54742.0 70
1717575263022 54541.0 71
1717575264449 54418.0 72
1717575266051 54192.0 73
1717575267688 54072.0 74
1717575269203 53811.0 75
1717575270831 53563.0 76
1717575272464 53545.0 77
1717575273950 53382.0 78
1717575275496 53432.0 79
1717575277119 53290.0 80
1717575278713 53301.0 81
1717575280286 53218.0 82
1717575281887 53267.0 83
1717575283417 53147.0 84
1717575284947 53399.0 85
1717575286471 54193.0 86
1717575287974 53317.0 87
1717575289703 55287.0 88
1717575291253 53687.0 89
1717575292785 53149.0 90
1717575294268 53384.0 91
1717575295927 53851.0 92
1717575297635 52897.0 93
1717575299025 53034.0 94
1717575300448 53450.0 95
1717575301866 54166.0 96
1717575303361 52697.0 97
1717575304741 53172.0 98
1717575306176 53416.0 99
