1717261102860 0.7666170810210554 1
1717261115390 0.8423816030869166 2
1717261128273 0.8653591982264288 3
1717261141068 0.8727785911907753 4
1717261153705 0.8743105858752503 5
1717261166468 0.8774726583209544 6
1717261178983 0.874312421334159 7
1717261191872 0.8809628786936938 8
1717261204495 0.8832163111162603 9
1717261217078 0.8830718274305956 10
1717261229759 0.8854615736682252 11
1717261242339 0.8869342622307295 12
1717261255447 0.885179286293271 13
1717261268075 0.8874056995586652 14
1717261280788 0.8879458792942294 15
1717261293602 0.8859152952832401 16
1717261306340 0.8880334765831355 17
1717261319269 0.8898768443757976 18
1717261332419 0.8886721654186663 19
1717261345846 0.8856217200069636 20
1717261359113 0.8884386841721887 21
1717261372427 0.8876277867691375 22
1717261385635 0.8889534675456598 23
1717261398545 0.8895654751977041 24
1717261411532 0.8883015840579814 25
1717261424571 0.8898937365462838 26
1717261437640 0.8912936201159878 27
1717261450569 0.8894049763123363 28
1717261463650 0.8914772313992946 29
1717261476550 0.8922885310519788 30
1717261490465 0.8928229230540724 31
1717261501774 0.8911212058567689 32
1717261512435 0.8925966635904795 33
1717261523413 0.8937133324438064 34
1717261534280 0.8932365343186295 35
1717261545149 0.8938556678274825 36
1717261556157 0.8930477205147851 37
1717261566990 0.8922767970429736 38
1717261577905 0.8948306283012575 39
1717261589069 0.8950638166318016 40
1717261600127 0.8882490368128056 41
1717261611134 0.8927089421172295 42
1717261621982 0.8951745944376563 43
1717261632915 0.8960983881291325 44
1717261643874 0.8934491390716384 45
1717261654959 0.8951630330810952 46
1717261665913 0.8956807452195991 47
1717261677007 0.8940921709654099 48
1717261687961 0.8966430378065826 49
1717261698847 0.8964184978427914 50
1717261710192 0.8954576655091822 51
1717261721224 0.894434438460571 52
1717261732214 0.8968222966441184 53
1717261743317 0.8954786008410862 54
1717261754325 0.8966703339868323 55
1717261765515 0.8954407249930391 56
1717261776569 0.8970389362997253 57
1717261787751 0.8968621671288696 58
1717261799209 0.8967930128787511 59
1717261810401 0.8977998893306012 60
1717261821878 0.8981917802447689 61
1717261833181 0.8962495031183615 62
1717261845191 0.897828260708774 63
1717261856424 0.8968200575884018 64
1717261867727 0.8959501744971748 65
1717261878974 0.8920818284326745 66
1717261890239 0.8976826975113239 67
1717261901424 0.8969114360108953 68
1717261912807 0.8895274259977721 69
1717261924131 0.896683330453087 70
1717261935534 0.897530848655501 71
1717261947230 0.8965394840794663 72
1717261958641 0.8963482253025641 73
1717261970096 0.8973562325434623 74
1717261981619 0.8958922220370754 75
1717261993003 0.8992751494754563 76
1717262004363 0.8977317346605495 77
1717262015896 0.8979094913105161 78
1717262027313 0.8975647497182069 79
1717262038855 0.8988024634068444 80
1717262050313 0.8998414600537293 81
1717262061972 0.8994070342348159 82
1717262073532 0.898669800400059 83
1717262085060 0.8989823276614164 84
1717262096877 0.8984350573898457 85
1717262108595 0.8985634929356886 86
1717262120176 0.8985857743394956 87
1717262131725 0.8996064970069038 88
1717262143331 0.8979815972278592 89
1717262154889 0.9003988804085096 90
1717262168291 0.9003663769595934 91
1717262179839 0.8987482786673471 92
1717262191583 0.8988632021976615 93
1717262202968 0.899548773671536 94
1717262214430 0.8998933924274699 95
1717262225745 0.8998253885399244 96
1717262237138 0.8985173552443709 97
1717262248550 0.8982546486739251 98
1717262260025 0.894753872246228 99
