1717261102860 0.8758593797683716 1
1717261115390 0.5337778329849243 2
1717261128273 0.48751476407051086 3
1717261141068 0.46511000394821167 4
1717261153705 0.45790037512779236 5
1717261166468 0.4481092691421509 6
1717261178983 0.4580942988395691 7
1717261191872 0.4339505434036255 8
1717261204495 0.4269576072692871 9
1717261217078 0.42512625455856323 10
1717261229759 0.42035502195358276 11
1717261242339 0.4162963032722473 12
1717261255447 0.41811108589172363 13
1717261268075 0.41120144724845886 14
1717261280788 0.4076307713985443 15
1717261293602 0.41484564542770386 16
1717261306340 0.4056823253631592 17
1717261319269 0.40021321177482605 18
1717261332419 0.39764368534088135 19
1717261345846 0.40471377968788147 20
1717261359113 0.3970988094806671 21
1717261372427 0.3968224823474884 22
1717261385635 0.392915278673172 23
1717261398545 0.39033955335617065 24
1717261411532 0.394525408744812 25
1717261424571 0.3891085386276245 26
1717261437640 0.3862498104572296 27
1717261450569 0.393256276845932 28
1717261463650 0.38747721910476685 29
1717261476550 0.3819403350353241 30
1717261490465 0.3810904324054718 31
1717261501774 0.38540107011795044 32
1717261512435 0.3821447789669037 33
1717261523413 0.38049280643463135 34
1717261534280 0.37919318675994873 35
1717261545149 0.3784957230091095 36
1717261556157 0.38023364543914795 37
1717261566990 0.382681280374527 38
1717261577905 0.37486428022384644 39
1717261589069 0.37474265694618225 40
1717261600127 0.3986683785915375 41
1717261611134 0.3815772831439972 42
1717261621982 0.37640082836151123 43
1717261632915 0.3731626570224762 44
1717261643874 0.3785434067249298 45
1717261654959 0.37455976009368896 46
1717261665913 0.37300530076026917 47
1717261677007 0.37658023834228516 48
1717261687961 0.36965233087539673 49
1717261698847 0.37048110365867615 50
1717261710192 0.37008678913116455 51
1717261721224 0.3746439516544342 52
1717261732214 0.36610859632492065 53
1717261743317 0.37093818187713623 54
1717261754325 0.3678493797779083 55
1717261765515 0.36880967020988464 56
1717261776569 0.36583149433135986 57
1717261787751 0.36474838852882385 58
1717261799209 0.3672438859939575 59
1717261810401 0.36328965425491333 60
1717261821878 0.3619747757911682 61
1717261833181 0.3696427047252655 62
1717261845191 0.36225444078445435 63
1717261856424 0.3663006126880646 64
1717261867727 0.37526869773864746 65
1717261878974 0.3829089403152466 66
1717261890239 0.3690786063671112 67
1717261901424 0.37063461542129517 68
1717261912807 0.38763928413391113 69
1717261924131 0.3688485622406006 70
1717261935534 0.36327221989631653 71
1717261947230 0.365453839302063 72
1717261958641 0.36523082852363586 73
1717261970096 0.3644108474254608 74
1717261981619 0.3634170889854431 75
1717261993003 0.3569265305995941 76
1717262004363 0.3598666191101074 77
1717262015896 0.362120121717453 78
1717262027313 0.36351415514945984 79
1717262038855 0.3576662540435791 80
1717262050313 0.3557712137699127 81
1717262061972 0.35740503668785095 82
1717262073532 0.3610375225543976 83
1717262085060 0.358937531709671 84
1717262096877 0.35838618874549866 85
1717262108595 0.3582528531551361 86
1717262120176 0.3589574694633484 87
1717262131725 0.3570762276649475 88
1717262143331 0.359844446182251 89
1717262154889 0.356157124042511 90
1717262168291 0.3536910116672516 91
1717262179839 0.35655730962753296 92
1717262191583 0.3581313192844391 93
1717262202968 0.3547935485839844 94
1717262214430 0.3524276614189148 95
1717262225745 0.3540152609348297 96
1717262237138 0.358128160238266 97
1717262248550 0.3562234044075012 98
1717262260025 0.371942400932312 99
