1717261102860 0.9746585702622774 1
1717261115390 0.9821989773597731 2
1717261128273 0.9836293523589371 3
1717261141068 0.9846729965008997 4
1717261153705 0.9849165146694094 5
1717261166468 0.9852038273521898 6
1717261178983 0.9853833087156858 7
1717261191872 0.9859504200857716 8
1717261204495 0.9861900768861707 9
1717261217078 0.9863560094257384 10
1717261229759 0.9863714141140152 11
1717261242339 0.9864324770318127 12
1717261255447 0.9865507199924093 13
1717261268075 0.9869546748648057 14
1717261280788 0.9871892590105695 15
1717261293602 0.9868731033251622 16
1717261306340 0.9871171996752786 17
1717261319269 0.9875830658068323 18
1717261332419 0.9879046677531895 19
1717261345846 0.9878958316546209 20
1717261359113 0.9880133110937827 21
1717261372427 0.9882405047272814 22
1717261385635 0.9882850816798212 23
1717261398545 0.9885803182189585 24
1717261411532 0.9883869000896325 25
1717261424571 0.988623337042721 26
1717261437640 0.9889931597076724 27
1717261450569 0.9887333621429983 28
1717261463650 0.9887284693150528 29
1717261476550 0.9891547609173034 30
1717261490465 0.9890400168619831 31
1717261501774 0.9890702769497407 32
1717261512435 0.9893169694619535 33
1717261523413 0.9892914766520068 34
1717261534280 0.9893938348324767 35
1717261545149 0.9894138757544793 36
1717261556157 0.9894912095530053 37
1717261566990 0.9892530713027459 38
1717261577905 0.989541175879311 39
1717261589069 0.9894899077334939 40
1717261600127 0.9887917260125086 41
1717261611134 0.9896735241887317 42
1717261621982 0.9894496700592789 43
1717261632915 0.9897062838236744 44
1717261643874 0.9894472961368601 45
1717261654959 0.9897914502546453 46
1717261665913 0.9896799196160562 47
1717261677007 0.9896862929822322 48
1717261687961 0.9897866665356211 49
1717261698847 0.989786670359654 50
1717261710192 0.9897503220789043 51
1717261721224 0.9897206144720805 52
1717261732214 0.9899087069431143 53
1717261743317 0.9897194254815831 54
1717261754325 0.989871176738554 55
1717261765515 0.9897686615098572 56
1717261776569 0.9897411967146604 57
1717261787751 0.9900528782975437 58
1717261799209 0.9899065572405895 59
1717261810401 0.9899585532592289 60
1717261821878 0.9900231924894257 61
1717261833181 0.9896197025728011 62
1717261845191 0.9901141099414761 63
1717261856424 0.9899453165081011 64
1717261867727 0.9893862333277738 65
1717261878974 0.989171025709214 66
1717261890239 0.9899398644718441 67
1717261901424 0.9901821713248434 68
1717261912807 0.9893942861810919 69
1717261924131 0.9898321474621421 70
1717261935534 0.9900972558950213 71
1717261947230 0.989903754374876 72
1717261958641 0.9900765878081361 73
1717261970096 0.9900812256596974 74
1717261981619 0.9904066109007831 75
1717261993003 0.990291513563379 76
1717262004363 0.990270625812371 77
1717262015896 0.9902869430066407 78
1717262027313 0.9901456334767151 79
1717262038855 0.9903188168079039 80
1717262050313 0.9903606839706984 81
1717262061972 0.9902652339616861 82
1717262073532 0.9900406172647621 83
1717262085060 0.990364132248972 84
1717262096877 0.9902038057094797 85
1717262108595 0.9903252612320655 86
1717262120176 0.9902337438201695 87
1717262131725 0.9902204182834988 88
1717262143331 0.990288489118292 89
1717262154889 0.9902165906181823 90
1717262168291 0.99041393815715 91
1717262179839 0.9903825055536254 92
1717262191583 0.9904018873271248 93
1717262202968 0.9903678366538948 94
1717262214430 0.9903775203201809 95
1717262225745 0.9903350710250415 96
1717262237138 0.9901971261638014 97
1717262248550 0.9902766526595213 98
1717262260025 0.9896989068141634 99
