1717197219746 0.3090590536594391 1
1717197228230 0.2612541913986206 2
1717198142002 0.2449118196964264 3
1717199378625 0.23494423925876617 4
1717200322127 0.22933001816272736 5
1717202361326 0.2262757569551468 6
1717204384890 0.2242593765258789 7
1717206355798 0.22242100536823273 8
1717208362277 0.22058579325675964 9
1717210476227 0.21870125830173492 10
1717212399405 0.21705271303653717 11
1717213352220 0.21575124561786652 12
1717214461889 0.21468085050582886 13
1717215415568 0.21378140151500702 14
1717216358292 0.21289260685443878 15
1717218492481 0.21171951293945312 16
1717220145058 0.21068209409713745 17
1717221184701 0.2096155732870102 18
1717221726707 0.20889046788215637 19
1717222777028 0.20831970870494843 20
1717222784890 0.20783543586730957 21
1717222792627 0.2073931097984314 22
1717222800267 0.20699547231197357 23
1717222808332 0.20665913820266724 24
1717222816443 0.20636096596717834 25
1717222824286 0.2061036080121994 26
1717222832052 0.20585264265537262 27
1717222839930 0.2055255025625229 28
1717222847899 0.20518942177295685 29
1717222855727 0.2050028145313263 30
1717222863762 0.2048637866973877 31
1717222871557 0.20475934445858002 32
1717222879249 0.20467643439769745 33
1717222886940 0.2045927345752716 34
1717222894882 0.20451582968235016 35
1717222902855 0.20444384217262268 36
1717222910510 0.20437324047088623 37
1717222918631 0.20431450009346008 38
1717222926821 0.2042584866285324 39
1717222934720 0.20420123636722565 40
1717222942765 0.20414963364601135 41
1717222950862 0.20408520102500916 42
1717222958616 0.20403160154819489 43
1717222966466 0.2039821296930313 44
1717222974269 0.20392896234989166 45
1717222982064 0.20388786494731903 46
1717222990023 0.2038348913192749 47
1717222997754 0.20379048585891724 48
1717223005641 0.20373636484146118 49
1717223013741 0.20369963347911835 50
1717223021696 0.20364737510681152 51
1717223029587 0.20361855626106262 52
1717223037339 0.20354631543159485 53
1717223045173 0.20351311564445496 54
1717223053029 0.20344983041286469 55
1717223061321 0.20340204238891602 56
1717223069556 0.2033291459083557 57
1717223077348 0.20329327881336212 58
1717223085219 0.2032398283481598 59
1717223092998 0.20319560170173645 60
1717223100756 0.20316949486732483 61
1717223108538 0.20313186943531036 62
1717223116537 0.20307134091854095 63
1717223124302 0.20297330617904663 64
1717223131998 0.20288260281085968 65
1717223139931 0.20272424817085266 66
1717223147719 0.2027091383934021 67
1717223155537 0.20269688963890076 68
1717223163758 0.20232532918453217 69
1717223171451 0.2021239995956421 70
1717223179279 0.20202231407165527 71
1717223187032 0.20167259871959686 72
1717223195129 0.20142118632793427 73
1717223203026 0.20106185972690582 74
1717223210963 0.20073863863945007 75
1717223219099 0.20046265423297882 76
1717223226987 0.199876070022583 77
1717223234920 0.1990746110677719 78
1717223242951 0.1974300891160965 79
1717223250783 0.19586819410324097 80
1717223258535 0.1938164085149765 81
1717223266412 0.1921595335006714 82
1717223274581 0.1912083476781845 83
1717223282555 0.18962359428405762 84
1717223290387 0.18886342644691467 85
1717223298238 0.1878982037305832 86
1717223306129 0.18740256130695343 87
1717223314387 0.18644405901432037 88
1717223322215 0.18573090434074402 89
1717223330345 0.18545563519001007 90
1717223338343 0.18408764898777008 91
1717223346387 0.18348735570907593 92
1717223354207 0.18273866176605225 93
1717223362517 0.18228138983249664 94
1717223370258 0.18160328269004822 95
1717223378125 0.18100233376026154 96
1717223385892 0.18055230379104614 97
1717223393627 0.17996670305728912 98
1717223401635 0.17920689284801483 99
