1717197219746 0.9358923404768614 1
1717197228230 0.9360287668045526 2
1717198142002 0.9360287668045526 3
1717199378625 0.9360287668045526 4
1717200322127 0.9360287668045526 5
1717202361326 0.9360287668045526 6
1717204384890 0.9360287668045526 7
1717206355798 0.9360287668045526 8
1717208362277 0.9360287668045526 9
1717210476227 0.9360287668045526 10
1717212399405 0.9360287668045526 11
1717213352220 0.9360287668045526 12
1717214461889 0.9360287668045526 13
1717215415568 0.9360287668045526 14
1717216358292 0.9360287668045526 15
1717218492481 0.9360287668045526 16
1717220145058 0.9360287668045526 17
1717221184701 0.9360287668045526 18
1717221726707 0.9360287668045526 19
1717222777028 0.9360287668045526 20
1717222784890 0.9360287668045526 21
1717222792627 0.9360287668045526 22
1717222800267 0.9360287668045526 23
1717222808332 0.9360287668045526 24
1717222816443 0.9360287668045526 25
1717222824286 0.9360287668045526 26
1717222832052 0.9360287668045526 27
1717222839930 0.9360287668045526 28
1717222847899 0.9360287668045526 29
1717222855727 0.9360287668045526 30
1717222863762 0.9360287668045526 31
1717222871557 0.9360287668045526 32
1717222879249 0.9360287668045526 33
1717222886940 0.9360287668045526 34
1717222894882 0.9360287668045526 35
1717222902855 0.9360287668045526 36
1717222910510 0.9360287668045526 37
1717222918631 0.9360287668045526 38
1717222926821 0.9360287668045526 39
1717222934720 0.9360287668045526 40
1717222942765 0.9360287668045526 41
1717222950862 0.9360287668045526 42
1717222958616 0.9360287668045526 43
1717222966466 0.9360287668045526 44
1717222974269 0.9360287668045526 45
1717222982064 0.9360287668045526 46
1717222990023 0.9360287668045526 47
1717222997754 0.9360287668045526 48
1717223005641 0.9360287668045526 49
1717223013741 0.9360287668045526 50
1717223021696 0.9360287668045526 51
1717223029587 0.9360287668045526 52
1717223037339 0.9360287668045526 53
1717223045173 0.9360287668045526 54
1717223053029 0.9360287668045526 55
1717223061321 0.9360287668045526 56
1717223069556 0.9360287668045526 57
1717223077348 0.9360287668045526 58
1717223085219 0.9360287668045526 59
1717223092998 0.9360287668045526 60
1717223100756 0.9360287668045526 61
1717223108538 0.9360287668045526 62
1717223116537 0.9360287668045526 63
1717223124302 0.9360287668045526 64
1717223131998 0.9360287668045526 65
1717223139931 0.9360287668045526 66
1717223147719 0.9360287668045526 67
1717223155537 0.9360287668045526 68
1717223163758 0.9360287668045526 69
1717223171451 0.9360287668045526 70
1717223179279 0.9360287668045526 71
1717223187032 0.9360287668045526 72
1717223195129 0.9360287668045526 73
1717223203026 0.9360287668045526 74
1717223210963 0.9360287668045526 75
1717223219099 0.9360287668045526 76
1717223226987 0.9360287668045526 77
1717223234920 0.9360287668045526 78
1717223242951 0.9360287668045526 79
1717223250783 0.9360369085948379 80
1717223258535 0.9360299935200671 81
1717223266412 0.9360424290792648 82
1717223274581 0.9360379701978003 83
1717223282555 0.9360503635619432 84
1717223290387 0.9360498599299566 85
1717223298238 0.9360597436229273 86
1717223306129 0.9360621046990463 87
1717223314387 0.9360627738125865 88
1717223322215 0.9360724934650114 89
1717223330345 0.9360982721264446 90
1717223338343 0.9362127534669058 91
1717223346387 0.9363534398158637 92
1717223354207 0.9365723604324078 93
1717223362517 0.9368769288868598 94
1717223370258 0.9369441236144862 95
1717223378125 0.9374173580455486 96
1717223385892 0.9375911136556486 97
1717223393627 0.9379427504367728 98
1717223401635 0.93822696601414 99
