1717197219746 0.015875179621041517 1
1717197228230 0.0 2
1717198142002 0.0 3
1717199378625 0.0 4
1717200322127 0.0 5
1717202361326 0.0 6
1717204384890 0.0 7
1717206355798 0.0 8
1717208362277 0.0 9
1717210476227 0.0 10
1717212399405 0.0 11
1717213352220 0.0 12
1717214461889 0.0 13
1717215415568 0.0 14
1717216358292 0.0 15
1717218492481 0.0 16
1717220145058 0.0 17
1717221184701 0.0 18
1717221726707 0.0 19
1717222777028 0.0 20
1717222784890 0.0 21
1717222792627 0.0 22
1717222800267 0.0 23
1717222808332 0.0 24
1717222816443 0.0 25
1717222824286 0.0 26
1717222832052 0.0 27
1717222839930 0.0 28
1717222847899 0.0 29
1717222855727 0.0 30
1717222863762 0.0 31
1717222871557 0.0 32
1717222879249 0.0 33
1717222886940 0.0 34
1717222894882 0.0 35
1717222902855 0.0 36
1717222910510 0.0 37
1717222918631 0.0 38
1717222926821 0.0 39
1717222934720 0.0 40
1717222942765 0.0 41
1717222950862 0.0 42
1717222958616 0.0 43
1717222966466 0.0 44
1717222974269 0.0 45
1717222982064 0.0 46
1717222990023 0.0 47
1717222997754 0.0 48
1717223005641 0.0 49
1717223013741 0.0 50
1717223021696 0.0 51
1717223029587 0.0 52
1717223037339 0.0 53
1717223045173 0.0 54
1717223053029 0.0 55
1717223061321 0.0 56
1717223069556 0.0 57
1717223077348 0.0 58
1717223085219 0.0 59
1717223092998 0.0 60
1717223100756 0.0 61
1717223108538 0.0 62
1717223116537 0.0 63
1717223124302 0.0 64
1717223131998 0.0 65
1717223139931 0.0 66
1717223147719 0.0 67
1717223155537 0.0 68
1717223163758 0.0 69
1717223171451 0.0 70
1717223179279 0.0 71
1717223187032 0.0 72
1717223195129 0.0 73
1717223203026 0.0 74
1717223210963 0.0 75
1717223219099 0.0 76
1717223226987 0.0 77
1717223234920 0.0 78
1717223242951 0.0 79
1717223250783 0.00013979496738117427 80
1717223258535 3.9283469516027656e-05 81
1717223266412 0.0003830923947203017 82
1717223274581 0.00031426775612822125 83
1717223282555 0.0005304839723444375 84
1717223290387 0.0005304839723444375 85
1717223298238 0.0007711867604405905 86
1717223306129 0.0007609469935051331 87
1717223314387 0.0007609469935051331 88
1717223322215 0.000941223289940624 89
1717223330345 0.0013997809616765903 90
1717223338343 0.0033969997822533233 91
1717223346387 0.005856398412142863 92
1717223354207 0.009518761739019936 93
1717223362517 0.01467074798749321 94
1717223370258 0.01597305667724024 95
1717223378125 0.024028512734731576 96
1717223385892 0.027013747155943277 97
1717223393627 0.033142645926424234 98
1717223401635 0.037712429899003835 99
