1717197219746 329923.0 1
1717197228230 329923.0 2
1717198142002 329923.0 3
1717199378625 329923.0 4
1717200322127 329923.0 5
1717202361326 329923.0 6
1717204384890 329923.0 7
1717206355798 329923.0 8
1717208362277 329923.0 9
1717210476227 329923.0 10
1717212399405 329923.0 11
1717213352220 329923.0 12
1717214461889 329923.0 13
1717215415568 329923.0 14
1717216358292 329923.0 15
1717218492481 329923.0 16
1717220145058 329923.0 17
1717221184701 329923.0 18
1717221726707 329923.0 19
1717222777028 329923.0 20
1717222784890 329923.0 21
1717222792627 329923.0 22
1717222800267 329923.0 23
1717222808332 329923.0 24
1717222816443 329923.0 25
1717222824286 329923.0 26
1717222832052 329923.0 27
1717222839930 329923.0 28
1717222847899 329923.0 29
1717222855727 329923.0 30
1717222863762 329923.0 31
1717222871557 329923.0 32
1717222879249 329923.0 33
1717222886940 329923.0 34
1717222894882 329923.0 35
1717222902855 329923.0 36
1717222910510 329923.0 37
1717222918631 329923.0 38
1717222926821 329923.0 39
1717222934720 329923.0 40
1717222942765 329923.0 41
1717222950862 329923.0 42
1717222958616 329923.0 43
1717222966466 329923.0 44
1717222974269 329923.0 45
1717222982064 329923.0 46
1717222990023 329923.0 47
1717222997754 329923.0 48
1717223005641 329923.0 49
1717223013741 329923.0 50
1717223021696 329923.0 51
1717223029587 329923.0 52
1717223037339 329923.0 53
1717223045173 329923.0 54
1717223053029 329923.0 55
1717223061321 329923.0 56
1717223069556 329923.0 57
1717223077348 329923.0 58
1717223085219 329923.0 59
1717223092998 329923.0 60
1717223100756 329923.0 61
1717223108538 329923.0 62
1717223116537 329923.0 63
1717223124302 329923.0 64
1717223131998 329923.0 65
1717223139931 329923.0 66
1717223147719 329923.0 67
1717223155537 329923.0 68
1717223163758 329923.0 69
1717223171451 329923.0 70
1717223179279 329923.0 71
1717223187032 329923.0 72
1717223195129 329923.0 73
1717223203026 329923.0 74
1717223210963 329923.0 75
1717223219099 329923.0 76
1717223226987 329923.0 77
1717223234920 329923.0 78
1717223242951 329923.0 79
1717223250783 329923.0 80
1717223258535 329923.0 81
1717223266412 329923.0 82
1717223274581 329923.0 83
1717223282555 329923.0 84
1717223290387 329923.0 85
1717223298238 329923.0 86
1717223306129 329923.0 87
1717223314387 329923.0 88
1717223322215 329923.0 89
1717223330345 329923.0 90
1717223338343 329923.0 91
1717223346387 329923.0 92
1717223354207 329923.0 93
1717223362517 329923.0 94
1717223370258 329923.0 95
1717223378125 329923.0 96
1717223385892 329923.0 97
1717223393627 329923.0 98
1717223401635 329923.0 99
