1717626198705 0.561689019203186 1
1717626233637 0.6534499526023865 2
1717626276737 0.7058306336402893 3
1717626317996 0.7261779308319092 4
1717626360126 0.7358444333076477 5
1717626402989 0.7482661008834839 6
1717626437999 0.753747284412384 7
1717626482811 0.7608385682106018 8
1717626523481 0.7659091949462891 9
1717626563380 0.7704175114631653 10
1717626608804 0.7747513055801392 11
1717626652649 0.7774107456207275 12
1717626694772 0.7802113890647888 13
1717626744391 0.78374183177948 14
1717626791739 0.7873150110244751 15
1717626834185 0.7874349355697632 16
1717626869869 0.7919742465019226 17
1717626912542 0.7935052514076233 18
1717626959651 0.7966831922531128 19
1717627000719 0.7994394302368164 20
1717627043733 0.800338625907898 21
1717627079107 0.8033191561698914 22
1717627123160 0.8054748773574829 23
1717627171404 0.8072336912155151 24
1717627219108 0.8106459379196167 25
1717627258939 0.8123016953468323 26
1717627303175 0.8140519857406616 27
1717627342185 0.8153897523880005 28
1717627390406 0.8175554871559143 29
1717627439136 0.8197045922279358 30
1717627489433 0.8221951723098755 31
1717627530024 0.8225179314613342 32
1717627573849 0.8230215907096863 33
1717627613910 0.8239361643791199 34
1717627658991 0.8271362781524658 35
1717627697896 0.8268447518348694 36
1717627734378 0.8291581869125366 37
1717627772951 0.8307360410690308 38
1717627818584 0.8311647772789001 39
1717627853653 0.8322175145149231 40
1717627892448 0.8336307406425476 41
1717627932926 0.8346712589263916 42
1717627972637 0.8377509117126465 43
1717628014168 0.8371168971061707 44
1717628051823 0.8380041718482971 45
1717628089418 0.8341635465621948 46
1717628121210 0.8406279683113098 47
1717628162164 0.8409744501113892 48
1717628200029 0.837315022945404 49
1717628238573 0.8408207297325134 50
1717628276600 0.844115138053894 51
1717628310472 0.8429028391838074 52
1717628345928 0.8455677032470703 53
1717628376830 0.846493661403656 54
1717628413848 0.8438965082168579 55
1717628450398 0.8456727266311646 56
1717628491099 0.8469777703285217 57
1717628524874 0.8511500954627991 58
1717628560260 0.8498970866203308 59
1717628595260 0.8469153642654419 60
1717628632308 0.8407541513442993 61
1717628669499 0.8505880832672119 62
1717628706383 0.8536689281463623 63
1717628740389 0.8534227013587952 64
1717628776653 0.851402759552002 65
1717628809777 0.8539222478866577 66
1717628846675 0.8526237607002258 67
1717628882416 0.8549745678901672 68
1717628921495 0.8539627194404602 69
1717628957847 0.8552685976028442 70
1717628996074 0.853432834148407 71
1717629028338 0.8559901118278503 72
1717629064901 0.8577841520309448 73
1717629098672 0.8575404286384583 74
1717629137504 0.8595726490020752 75
1717629171991 0.8595588207244873 76
1717629211293 0.858589768409729 77
1717629245356 0.8563106656074524 78
1717629278281 0.8617813587188721 79
1717629316164 0.8646280169487 80
1717629353333 0.8578711748123169 81
1717629388864 0.8601738810539246 82
1717629421775 0.8601373434066772 83
1717629458594 0.8612669110298157 84
1717629493332 0.8616564869880676 85
1717629529584 0.8633522987365723 86
1717629568621 0.8567435145378113 87
1717629607041 0.8643117547035217 88
1717629647340 0.8664134740829468 89
1717629682938 0.8645590543746948 90
1717629712860 0.8648519515991211 91
1717629746365 0.8509694337844849 92
1717629780527 0.8555833697319031 93
1717629817801 0.8673113584518433 94
1717629853785 0.8661840558052063 95
1717629886820 0.8677278161048889 96
1717629923051 0.868137776851654 97
1717629958505 0.8709944486618042 98
1717629996668 0.8616501092910767 99
