1717333431748 0.9654117895410197 1
1717333439377 0.9669387782438542 2
1717333447456 0.9669387782438542 3
1717333455379 0.9669387782438542 4
1717333462911 0.9669387782438542 5
1717333470444 0.9669387782438542 6
1717333478226 0.9669387782438542 7
1717333486283 0.9669387782438542 8
1717333494206 0.9669387782438542 9
1717333501755 0.9669387782438542 10
1717333509710 0.9669387782438542 11
1717333517338 0.9669387782438542 12
1717333524824 0.9669387782438542 13
1717333532564 0.9669387782438542 14
1717333540567 0.9669387782438542 15
1717333548496 0.9669387782438542 16
1717333556496 0.9669387782438542 17
1717333564499 0.9669387782438542 18
1717333572648 0.9669387782438542 19
1717333580195 0.9669387782438542 20
1717333587850 0.9669387782438542 21
1717333595299 0.9669387782438542 22
1717333603154 0.9669387782438542 23
1717333610783 0.9669387782438542 24
1717333618376 0.9669387782438542 25
1717333626321 0.9669387782438542 26
1717333634335 0.9669387782438542 27
1717333642142 0.9669387782438542 28
1717333649966 0.9669454616503883 29
1717333658037 0.9669387782438542 30
1717333665554 0.9669386907229662 31
1717333673148 0.9669412912480445 32
1717333680840 0.9669418148412522 33
1717333688462 0.9669509173266546 34
1717333695959 0.9669413009230612 35
1717333703568 0.9669286092864426 36
1717333711508 0.9669412228908804 37
1717333719028 0.9669525715113123 38
1717333726502 0.9670052230507733 39
1717333733993 0.9669454141735482 40
1717333742420 0.9669500792782476 41
1717333749989 0.9669143438139717 42
1717333757684 0.9667771952836343 43
1717333765198 0.9667623379658183 44
1717333772785 0.9668484038602958 45
1717333780609 0.9667891522711114 46
1717333788678 0.9667347587775463 47
1717333796236 0.966775373341423 48
1717333803760 0.9666351245800482 49
1717333811592 0.9669246857991625 50
1717333819580 0.9670712541340117 51
1717333827273 0.9672112085966652 52
1717333834899 0.9672862706927021 53
1717333843168 0.9672145441704221 54
1717333851064 0.9673269288385413 55
1717333859036 0.9673023655204226 56
1717333866770 0.9675364897498643 57
1717333874949 0.9676830248294924 58
1717333882798 0.9677397390480993 59
1717333890313 0.9677195841555136 60
1717333897731 0.9677736186779365 61
1717333905871 0.9679756089741036 62
1717333913466 0.9679976868396538 63
1717333920918 0.9681235366008991 64
1717333928685 0.9680927659346139 65
1717333936930 0.9681733753004985 66
1717333944410 0.9682197798717564 67
1717333952353 0.9684067496425659 68
1717333960207 0.9683448192856962 69
1717333967913 0.9684719413769824 70
1717333975639 0.9684351866562535 71
1717333983774 0.9685933417458059 72
1717333992330 0.9685470489964036 73
1717334000100 0.968580618186448 74
1717334007646 0.9687551345639341 75
1717334015340 0.9687901556104913 76
1717334023425 0.968727603336349 77
1717334030974 0.9689196435260623 78
1717334038730 0.9688686741030889 79
1717334046265 0.9689151311495365 80
1717334054609 0.9689963000201316 81
1717334062284 0.9689671280767332 82
1717334069823 0.9690409017481162 83
1717334077569 0.9690905957589017 84
1717334085800 0.9690914512937333 85
1717334093620 0.9691511591105566 86
1717334101143 0.9691611379950258 87
1717334109128 0.9691947332721838 88
1717334116777 0.9692012896108272 89
1717334124544 0.9692589759281897 90
1717334132236 0.9692215709044579 91
1717334140039 0.969312062586678 92
1717334147709 0.9693811586472447 93
1717334155430 0.9693720997447262 94
1717334163342 0.9693583453048991 95
1717334171007 0.9693881208146927 96
1717334179294 0.9693748671215069 97
1717334186878 0.9693908473251459 98
1717334194375 0.9694177088168727 99
