1717333431748 22555.0 1
1717333439377 22555.0 2
1717333447456 22555.0 3
1717333455379 22555.0 4
1717333462911 22555.0 5
1717333470444 22555.0 6
1717333478226 22555.0 7
1717333486283 22555.0 8
1717333494206 22555.0 9
1717333501755 22555.0 10
1717333509710 22555.0 11
1717333517338 22555.0 12
1717333524824 22555.0 13
1717333532564 22555.0 14
1717333540567 22555.0 15
1717333548496 22555.0 16
1717333556496 22555.0 17
1717333564499 22555.0 18
1717333572648 22555.0 19
1717333580195 22555.0 20
1717333587850 22555.0 21
1717333595299 22555.0 22
1717333603154 22555.0 23
1717333610783 22555.0 24
1717333618376 22555.0 25
1717333626321 22555.0 26
1717333634335 22555.0 27
1717333642142 22555.0 28
1717333649966 22555.0 29
1717333658037 22555.0 30
1717333665554 22555.0 31
1717333673148 22555.0 32
1717333680840 22555.0 33
1717333688462 22555.0 34
1717333695959 22555.0 35
1717333703568 22555.0 36
1717333711508 22555.0 37
1717333719028 22555.0 38
1717333726502 22555.0 39
1717333733993 22555.0 40
1717333742420 22555.0 41
1717333749989 22555.0 42
1717333757684 22555.0 43
1717333765198 22555.0 44
1717333772785 22555.0 45
1717333780609 22555.0 46
1717333788678 22555.0 47
1717333796236 22555.0 48
1717333803760 22555.0 49
1717333811592 22555.0 50
1717333819580 22555.0 51
1717333827273 22555.0 52
1717333834899 22555.0 53
1717333843168 22555.0 54
1717333851064 22555.0 55
1717333859036 22555.0 56
1717333866770 22555.0 57
1717333874949 22555.0 58
1717333882798 22555.0 59
1717333890313 22555.0 60
1717333897731 22555.0 61
1717333905871 22555.0 62
1717333913466 22555.0 63
1717333920918 22555.0 64
1717333928685 22555.0 65
1717333936930 22555.0 66
1717333944410 22555.0 67
1717333952353 22555.0 68
1717333960207 22555.0 69
1717333967913 22555.0 70
1717333975639 22555.0 71
1717333983774 22555.0 72
1717333992330 22555.0 73
1717334000100 22555.0 74
1717334007646 22555.0 75
1717334015340 22555.0 76
1717334023425 22555.0 77
1717334030974 22555.0 78
1717334038730 22555.0 79
1717334046265 22555.0 80
1717334054609 22555.0 81
1717334062284 22555.0 82
1717334069823 22555.0 83
1717334077569 22555.0 84
1717334085800 22555.0 85
1717334093620 22555.0 86
1717334101143 22555.0 87
1717334109128 22555.0 88
1717334116777 22555.0 89
1717334124544 22555.0 90
1717334132236 22555.0 91
1717334140039 22555.0 92
1717334147709 22555.0 93
1717334155430 22555.0 94
1717334163342 22555.0 95
1717334171007 22555.0 96
1717334179294 22555.0 97
1717334186878 22555.0 98
1717334194375 22555.0 99
