1717333431748 0.005314995534718037 1
1717333439377 0.0 2
1717333447456 0.0 3
1717333455379 0.0 4
1717333462911 0.0 5
1717333470444 0.0 6
1717333478226 0.0 7
1717333486283 0.0 8
1717333494206 0.0 9
1717333501755 0.0 10
1717333509710 0.0 11
1717333517338 0.0 12
1717333524824 0.0 13
1717333532564 0.0 14
1717333540567 0.0 15
1717333548496 0.0 16
1717333556496 0.0 17
1717333564499 0.0 18
1717333572648 0.0 19
1717333580195 0.0 20
1717333587850 0.0 21
1717333595299 0.0 22
1717333603154 0.0 23
1717333610783 0.0 24
1717333618376 0.0 25
1717333626321 0.0 26
1717333634335 0.0 27
1717333642142 0.0 28
1717333649966 0.0005518354009836912 29
1717333658037 0.0 30
1717333665554 9.601074998499826e-05 31
1717333673148 0.0004751129599753767 32
1717333680840 0.0008966483874246478 33
1717333688462 0.002390072448179126 34
1717333695959 0.002919943304732442 35
1717333703568 0.0028468486852943897 36
1717333711508 0.005973306950181723 37
1717333719028 0.010252668522298336 38
1717333726502 0.018905701115727425 39
1717333733993 0.02384832501411438 40
1717333742420 0.03543652966618538 41
1717333749989 0.03512318432331085 42
1717333757684 0.047385089099407196 43
1717333765198 0.07293075323104858 44
1717333772785 0.07139992713928223 45
1717333780609 0.056973084807395935 46
1717333788678 0.06845687329769135 47
1717333796236 0.07766991853713989 48
1717333803760 0.1241658553481102 49
1717333811592 0.13310132920742035 50
1717333819580 0.12860575318336487 51
1717333827273 0.1302260011434555 52
1717333834899 0.1350283920764923 53
1717333843168 0.1438656747341156 54
1717333851064 0.14644664525985718 55
1717333859036 0.15035025775432587 56
1717333866770 0.15718595683574677 57
1717333874949 0.16804546117782593 58
1717333882798 0.17678946256637573 59
1717333890313 0.18355123698711395 60
1717333897731 0.1772693395614624 61
1717333905871 0.19384923577308655 62
1717333913466 0.2009429931640625 63
1717333920918 0.20366302132606506 64
1717333928685 0.21123652160167694 65
1717333936930 0.21198759973049164 66
1717333944410 0.22242006659507751 67
1717333952353 0.22666701674461365 68
1717333960207 0.23155663907527924 69
1717333967913 0.23902037739753723 70
1717333975639 0.2439325749874115 71
1717333983774 0.24950475990772247 72
1717333992330 0.25310391187667847 73
1717334000100 0.2554599642753601 74
1717334007646 0.2682889699935913 75
1717334015340 0.2723657190799713 76
1717334023425 0.2704436480998993 77
1717334030974 0.27945706248283386 78
1717334038730 0.2810265123844147 79
1717334046265 0.2853737771511078 80
1717334054609 0.2894180119037628 81
1717334062284 0.29145348072052 82
1717334069823 0.2963847517967224 83
1717334077569 0.30286237597465515 84
1717334085800 0.30318745970726013 85
1717334093620 0.3061356842517853 86
1717334101143 0.3084176778793335 87
1717334109128 0.3117448687553406 88
1717334116777 0.3128014802932739 89
1717334124544 0.31613558530807495 90
1717334132236 0.3161613345146179 91
1717334140039 0.31974849104881287 92
1717334147709 0.3229190409183502 93
1717334155430 0.3241024911403656 94
1717334163342 0.32522374391555786 95
1717334171007 0.3272749185562134 96
1717334179294 0.3287203907966614 97
1717334186878 0.33067241311073303 98
1717334194375 0.33105993270874023 99
