1717449660879 0.522850329758288 1
1717449666405 0.5434900045180504 2
1717449671945 0.5607296857398761 3
1717449677554 0.5734828136543967 4
1717449683164 0.5820577098547012 5
1717449688765 0.5890491792694599 6
1717449694331 0.5939633612129075 7
1717449699885 0.598391208308162 8
1717449705480 0.6025346341753284 9
1717449711116 0.6063127555581138 10
1717449716804 0.6094873267825218 11
1717449722454 0.612345710296179 12
1717449728092 0.6151272825640072 13
1717449733710 0.6175176647510514 14
1717449739333 0.6197272238009272 15
1717449744939 0.621820106413096 16
1717449750543 0.6238731441823051 17
1717449756125 0.6260189262181967 18
1717449761737 0.627890224002453 19
1717449767297 0.6299330782254076 20
1717449772897 0.632190587878212 21
1717449778470 0.6342631916874095 22
1717449784050 0.6362030579740533 23
1717449789450 0.6382479753599095 24
1717449794866 0.6401611565625128 25
1717449800289 0.6419766309626508 26
1717449805777 0.6438830391310587 27
1717449811302 0.6458943551758908 28
1717449816829 0.6476036776190329 29
1717449822313 0.6495802207092911 30
1717449827871 0.6513986535180497 31
1717449833403 0.6532550265790227 32
1717449838925 0.6551680659578262 33
1717449844477 0.6572443556080954 34
1717449850060 0.6590201370982139 35
1717449855598 0.6608893599713429 36
1717449861151 0.6626228633208312 37
1717449866705 0.6643556788596275 38
1717449872253 0.6657112420077606 39
1717449877795 0.6670845624706743 40
1717449883355 0.6682370473805497 41
1717449888888 0.6694414313642336 42
1717449894439 0.6704893724810314 43
1717449899993 0.6715449815184932 44
1717449905544 0.6725013060222745 45
1717449911103 0.6735029638896106 46
1717449916660 0.6745007863505579 47
1717449922175 0.6752941231047355 48
1717449927638 0.6760717372666635 49
1717449933172 0.6767044017698671 50
1717449938747 0.6773572808312633 51
1717449944336 0.6780166214417702 52
1717449949910 0.6787812681641575 53
1717449955489 0.6794472867094509 54
1717449961039 0.6800670699491512 55
1717449966580 0.6806587485190289 56
1717449972138 0.6812236417878681 57
1717449977717 0.6817856491504346 58
1717449983278 0.6823110123556485 59
1717449988836 0.6828511625848248 60
1717449994392 0.6832776627848904 61
1717449999949 0.6838102309686139 62
1717450005494 0.6843033332869437 63
1717450011032 0.6848014721355656 64
1717450016636 0.6852426214691693 65
1717450022175 0.6856990633697801 66
1717450027716 0.6860672887786121 67
1717450033294 0.6864498796035586 68
1717450038840 0.6869572000782704 69
1717450044385 0.6874124485165343 70
1717450049958 0.6877873296676231 71
1717450055618 0.6882488816371451 72
1717450062783 0.6886757192210118 73
1717450068192 0.6890755926670356 74
1717450073658 0.6894703843491137 75
1717450079231 0.6898821165059724 76
1717450084782 0.6902299814243206 77
1717450090317 0.6905495572797791 78
1717450095886 0.6909673233437119 79
1717450101454 0.6913641281857822 80
1717450107091 0.6917127299197506 81
1717450112680 0.6920454544828638 82
1717450118272 0.6924476074366376 83
1717450123888 0.692796342335617 84
1717450129491 0.6932210924861734 85
1717450135113 0.6934393589381136 86
1717450140620 0.6938459888079124 87
1717450146077 0.6941974169138461 88
1717450151594 0.6945945613346342 89
1717450156738 0.6950009465489387 90
1717450161967 0.6954022024242279 91
1717450167168 0.6958259983841936 92
1717450172393 0.696215074759591 93
1717450177888 0.6965404066711368 94
1717450183739 0.6968409505893127 95
1717450189237 0.6971938418163451 96
1717450194715 0.6975329221953466 97
1717450200276 0.6979060432797378 98
1717450205767 0.6983217015613458 99
