1717449660879 0.8353517055511475 1
1717449666405 0.7412095069885254 2
1717449671945 0.7047314643859863 3
1717449677554 0.683155357837677 4
1717449683164 0.6672112941741943 5
1717449688765 0.6532313227653503 6
1717449694331 0.6419469714164734 7
1717449699885 0.6324025392532349 8
1717449705480 0.6240587830543518 9
1717449711116 0.6167639493942261 10
1717449716804 0.6104792952537537 11
1717449722454 0.605040967464447 12
1717449728092 0.6002416014671326 13
1717449733710 0.5958921313285828 14
1717449739333 0.5918330550193787 15
1717449744939 0.5879471302032471 16
1717449750543 0.584173321723938 17
1717449756125 0.5805100798606873 18
1717449761737 0.5769789218902588 19
1717449767297 0.5735965371131897 20
1717449772897 0.5703611969947815 21
1717449778470 0.5672491192817688 22
1717449784050 0.5642257928848267 23
1717449789450 0.5612578988075256 24
1717449794866 0.5583204627037048 25
1717449800289 0.5553997159004211 26
1717449805777 0.5524919033050537 27
1717449811302 0.5495944619178772 28
1717449816829 0.5466988682746887 29
1717449822313 0.5437927842140198 30
1717449827871 0.5408759117126465 31
1717449833403 0.5379785895347595 32
1717449838925 0.5351527333259583 33
1717449844477 0.532455563545227 34
1717449850060 0.5299272537231445 35
1717449855598 0.5275806784629822 36
1717449861151 0.5254146456718445 37
1717449866705 0.5234193801879883 38
1717449872253 0.5215755105018616 39
1717449877795 0.5198596715927124 40
1717449883355 0.5182498693466187 41
1717449888888 0.5167279839515686 42
1717449894439 0.5152795314788818 43
1717449899993 0.5138927698135376 44
1717449905544 0.5125575661659241 45
1717449911103 0.5112648010253906 46
1717449916660 0.5100066661834717 47
1717449922175 0.5087783932685852 48
1717449927638 0.5075810551643372 49
1717449933172 0.506422221660614 50
1717449938747 0.5053097009658813 51
1717449944336 0.5042427182197571 52
1717449949910 0.503214955329895 53
1717449955489 0.5022198557853699 54
1717449961039 0.5012524127960205 55
1717449966580 0.5003092885017395 56
1717449972138 0.4993875324726105 57
1717449977717 0.4984850585460663 58
1717449983278 0.4976000487804413 59
1717449988836 0.4967309832572937 60
1717449994392 0.49587658047676086 61
1717449999949 0.4950352609157562 62
1717450005494 0.494206041097641 63
1717450011032 0.49338749051094055 64
1717450016636 0.49257853627204895 65
1717450022175 0.49177780747413635 66
1717450027716 0.49098479747772217 67
1717450033294 0.49019885063171387 68
1717450038840 0.4894201159477234 69
1717450044385 0.4886491298675537 70
1717450049958 0.48788613080978394 71
1717450055618 0.4871315062046051 72
1717450062783 0.4863852262496948 73
1717450068192 0.48564717173576355 74
1717450073658 0.4849172532558441 75
1717450079231 0.4841953217983246 76
1717450084782 0.4834817945957184 77
1717450090317 0.482776939868927 78
1717450095886 0.4820813834667206 79
1717450101454 0.4813956618309021 80
1717450107091 0.48071974515914917 81
1717450112680 0.48005348443984985 82
1717450118272 0.47939640283584595 83
1717450123888 0.4787479043006897 84
1717450129491 0.47810742259025574 85
1717450135113 0.4774743914604187 86
1717450140620 0.47684815526008606 87
1717450146077 0.476228266954422 88
1717450151594 0.4756143391132355 89
1717450156738 0.475006103515625 90
1717450161967 0.47440311312675476 91
1717450167168 0.4738052785396576 92
1717450172393 0.4732120931148529 93
1717450177888 0.47262313961982727 94
1717450183739 0.4720379412174225 95
1717450189237 0.47145602107048035 96
1717450194715 0.47087666392326355 97
1717450200276 0.4702994227409363 98
1717450205767 0.46972376108169556 99
