1717449660879 758234.0 1
1717449666405 758234.0 2
1717449671945 758234.0 3
1717449677554 758234.0 4
1717449683164 758234.0 5
1717449688765 758234.0 6
1717449694331 758234.0 7
1717449699885 758234.0 8
1717449705480 758234.0 9
1717449711116 758234.0 10
1717449716804 758234.0 11
1717449722454 758234.0 12
1717449728092 758234.0 13
1717449733710 758234.0 14
1717449739333 758234.0 15
1717449744939 758234.0 16
1717449750543 758234.0 17
1717449756125 758234.0 18
1717449761737 758234.0 19
1717449767297 758234.0 20
1717449772897 758234.0 21
1717449778470 758234.0 22
1717449784050 758234.0 23
1717449789450 758234.0 24
1717449794866 758234.0 25
1717449800289 758234.0 26
1717449805777 758234.0 27
1717449811302 758234.0 28
1717449816829 758234.0 29
1717449822313 758234.0 30
1717449827871 758234.0 31
1717449833403 758234.0 32
1717449838925 758234.0 33
1717449844477 758234.0 34
1717449850060 758234.0 35
1717449855598 758234.0 36
1717449861151 758234.0 37
1717449866705 758234.0 38
1717449872253 758234.0 39
1717449877795 758234.0 40
1717449883355 758234.0 41
1717449888888 758234.0 42
1717449894439 758234.0 43
1717449899993 758234.0 44
1717449905544 758234.0 45
1717449911103 758234.0 46
1717449916660 758234.0 47
1717449922175 758234.0 48
1717449927638 758234.0 49
1717449933172 758234.0 50
1717449938747 758234.0 51
1717449944336 758234.0 52
1717449949910 758234.0 53
1717449955489 758234.0 54
1717449961039 758234.0 55
1717449966580 758234.0 56
1717449972138 758234.0 57
1717449977717 758234.0 58
1717449983278 758234.0 59
1717449988836 758234.0 60
1717449994392 758234.0 61
1717449999949 758234.0 62
1717450005494 758234.0 63
1717450011032 758234.0 64
1717450016636 758234.0 65
1717450022175 758234.0 66
1717450027716 758234.0 67
1717450033294 758234.0 68
1717450038840 758234.0 69
1717450044385 758234.0 70
1717450049958 758234.0 71
1717450055618 758234.0 72
1717450062783 758234.0 73
1717450068192 758234.0 74
1717450073658 758234.0 75
1717450079231 758234.0 76
1717450084782 758234.0 77
1717450090317 758234.0 78
1717450095886 758234.0 79
1717450101454 758234.0 80
1717450107091 758234.0 81
1717450112680 758234.0 82
1717450118272 758234.0 83
1717450123888 758234.0 84
1717450129491 758234.0 85
1717450135113 758234.0 86
1717450140620 758234.0 87
1717450146077 758234.0 88
1717450151594 758234.0 89
1717450156738 758234.0 90
1717450161967 758234.0 91
1717450167168 758234.0 92
1717450172393 758234.0 93
1717450177888 758234.0 94
1717450183739 758234.0 95
1717450189237 758234.0 96
1717450194715 758234.0 97
1717450200276 758234.0 98
1717450205767 758234.0 99
