1717576636947 0.7503111853726911 1
1717576639787 0.8912328917864746 2
1717576643031 0.8993382423770618 3
1717576646329 0.8998044468269307 4
1717576648868 0.8970804075455169 5
1717576651285 0.8990197070306404 6
1717576653801 0.8993565793717038 7
1717576656331 0.9011267925663813 8
1717576658897 0.9020435417726607 9
1717576662205 0.9057585431286849 10
1717576665752 0.908325556982665 11
1717576668650 0.9110580015664268 12
1717576671742 0.9123448664532382 13
1717576674752 0.914475806739341 14
1717576677511 0.9174657886447174 15
1717576680111 0.9200135418453302 16
1717576684360 0.9209219042263552 17
1717576687052 0.9246887833222112 18
1717576689440 0.9256394495788192 19
1717576691565 0.9265509233467308 20
1717576693619 0.9277163953005323 21
1717576695744 0.9281372338215887 22
1717576698237 0.9301706009610032 23
1717576700594 0.9301715941044784 24
1717576702885 0.9329255242828501 25
1717576705296 0.9321306657701585 26
1717576707470 0.9343949177043089 27
1717576709568 0.9345660053446143 28
1717576711745 0.93588139206307 29
1717576713842 0.9368121139152991 30
1717576715901 0.9386959169166739 31
1717576718282 0.9391922383379772 32
1717576720640 0.9372764171570866 33
1717576722785 0.9404307205787459 34
1717576725335 0.9413035770286899 35
1717576727907 0.9421158174364183 36
1717576730365 0.9419009766970011 37
1717576732687 0.9433254305417494 38
1717576734941 0.9422709829899616 39
1717576736990 0.9455834344744474 40
1717576738955 0.9468373476034095 41
1717576741034 0.9470489575128241 42
1717576743062 0.9461385285243871 43
1717576745268 0.9472500699251533 44
1717576747337 0.9482548620748711 45
1717576749514 0.9488631736895627 46
1717576751663 0.9486251506883533 47
1717576753746 0.9486148151385245 48
1717576755790 0.9489499130968095 49
1717576757836 0.9512703704836336 50
1717576759926 0.9502175933359586 51
1717576761960 0.9509530755684511 52
1717576764179 0.9494758036129183 53
1717576766446 0.9521342083723984 54
1717576768529 0.9518369737748242 55
1717576770668 0.9516575515967834 56
1717576772867 0.9524245739937828 57
1717576774962 0.951211546035666 58
1717576777075 0.9549942274623425 59
1717576779122 0.9543376793842021 60
1717576781141 0.954218229179243 61
1717576783202 0.9544295868229935 62
1717576785271 0.9542893026103086 63
1717576787299 0.9549293866092584 64
1717576789352 0.9555094707019489 65
1717576791384 0.955257695656186 66
1717576793466 0.9526864100555007 67
1717576795489 0.9558371268871444 68
1717576797484 0.9541795937105209 69
1717576799504 0.9551411640362216 70
1717576801731 0.9568063303991571 71
1717576803765 0.9587522024474034 72
1717576805794 0.9564910995150029 73
1717576807799 0.9566593736993325 74
1717576809803 0.9590930509890533 75
1717576811810 0.9592947855257523 76
1717576813821 0.9565063351906443 77
1717576815876 0.9583948369175338 78
1717576817910 0.956387972784331 79
1717576819972 0.957686410775898 80
1717576822108 0.9580043666114032 81
1717576824221 0.9605309817387534 82
1717576826228 0.9582171245409293 83
1717576828259 0.9571077000621266 84
1717576830275 0.9585735148236375 85
1717576832323 0.9591644266605458 86
1717576834444 0.9577420059214858 87
1717576836505 0.961002641903819 88
1717576838548 0.9599782491985553 89
1717576840568 0.9612983141768687 90
1717576842602 0.9568667444444132 91
1717576844647 0.9614905208059443 92
1717576846907 0.9606482808200995 93
1717576849013 0.9604960149569842 94
1717576851112 0.9582404360724097 95
1717576853156 0.9612085628223144 96
1717576855317 0.963407404605756 97
1717576857360 0.9617972351212534 98
1717576859391 0.9585514976187756 99
