1717576636947 287363.0 1
1717576639787 287363.0 2
1717576643031 287363.0 3
1717576646329 287363.0 4
1717576648868 287363.0 5
1717576651285 287363.0 6
1717576653801 287363.0 7
1717576656331 287363.0 8
1717576658897 287363.0 9
1717576662205 287363.0 10
1717576665752 287363.0 11
1717576668650 287363.0 12
1717576671742 287363.0 13
1717576674752 287363.0 14
1717576677511 287363.0 15
1717576680111 287363.0 16
1717576684360 287363.0 17
1717576687052 287363.0 18
1717576689440 287363.0 19
1717576691565 287363.0 20
1717576693619 287363.0 21
1717576695744 287363.0 22
1717576698237 287363.0 23
1717576700594 287363.0 24
1717576702885 287363.0 25
1717576705296 287363.0 26
1717576707470 287363.0 27
1717576709568 287363.0 28
1717576711745 287363.0 29
1717576713842 287363.0 30
1717576715901 287363.0 31
1717576718282 287363.0 32
1717576720640 287363.0 33
1717576722785 287363.0 34
1717576725335 287363.0 35
1717576727907 287363.0 36
1717576730365 287363.0 37
1717576732687 287363.0 38
1717576734941 287363.0 39
1717576736990 287363.0 40
1717576738955 287363.0 41
1717576741034 287363.0 42
1717576743062 287363.0 43
1717576745268 287363.0 44
1717576747337 287363.0 45
1717576749514 287363.0 46
1717576751663 287363.0 47
1717576753746 287363.0 48
1717576755790 287363.0 49
1717576757836 287363.0 50
1717576759926 287363.0 51
1717576761960 287363.0 52
1717576764179 287363.0 53
1717576766446 287363.0 54
1717576768529 287363.0 55
1717576770668 287363.0 56
1717576772867 287363.0 57
1717576774962 287363.0 58
1717576777075 287363.0 59
1717576779122 287363.0 60
1717576781141 287363.0 61
1717576783202 287363.0 62
1717576785271 287363.0 63
1717576787299 287363.0 64
1717576789352 287363.0 65
1717576791384 287363.0 66
1717576793466 287363.0 67
1717576795489 287363.0 68
1717576797484 287363.0 69
1717576799504 287363.0 70
1717576801731 287363.0 71
1717576803765 287363.0 72
1717576805794 287363.0 73
1717576807799 287363.0 74
1717576809803 287363.0 75
1717576811810 287363.0 76
1717576813821 287363.0 77
1717576815876 287363.0 78
1717576817910 287363.0 79
1717576819972 287363.0 80
1717576822108 287363.0 81
1717576824221 287363.0 82
1717576826228 287363.0 83
1717576828259 287363.0 84
1717576830275 287363.0 85
1717576832323 287363.0 86
1717576834444 287363.0 87
1717576836505 287363.0 88
1717576838548 287363.0 89
1717576840568 287363.0 90
1717576842602 287363.0 91
1717576844647 287363.0 92
1717576846907 287363.0 93
1717576849013 287363.0 94
1717576851112 287363.0 95
1717576853156 287363.0 96
1717576855317 287363.0 97
1717576857360 287363.0 98
1717576859391 287363.0 99
