1717576636947 0.3214394450187683 1
1717576639787 0.47003382444381714 2
1717576643031 0.5040496587753296 3
1717576646329 0.5283594727516174 4
1717576648868 0.5490148067474365 5
1717576651285 0.565678060054779 6
1717576653801 0.5759982466697693 7
1717576656331 0.58580482006073 8
1717576658897 0.590395450592041 9
1717576662205 0.5942980051040649 10
1717576665752 0.5972270369529724 11
1717576668650 0.5996440649032593 12
1717576671742 0.5997428297996521 13
1717576674752 0.6005311608314514 14
1717576677511 0.6014789342880249 15
1717576680111 0.6025574207305908 16
1717576684360 0.6033087968826294 17
1717576687052 0.6045329570770264 18
1717576689440 0.6056817770004272 19
1717576691565 0.6059847474098206 20
1717576693619 0.6079885959625244 21
1717576695744 0.6071840524673462 22
1717576698237 0.6092480421066284 23
1717576700594 0.6097577214241028 24
1717576702885 0.6127150654792786 25
1717576705296 0.6111783385276794 26
1717576707470 0.6129649877548218 27
1717576709568 0.612426221370697 28
1717576711745 0.6154937744140625 29
1717576713842 0.6151455640792847 30
1717576715901 0.6168736219406128 31
1717576718282 0.6171354055404663 32
1717576720640 0.6181250214576721 33
1717576722785 0.6191888451576233 34
1717576725335 0.6212778091430664 35
1717576727907 0.6208896040916443 36
1717576730365 0.6210190057754517 37
1717576732687 0.6218273639678955 38
1717576734941 0.6209591627120972 39
1717576736990 0.6237821578979492 40
1717576738955 0.6253608465194702 41
1717576741034 0.6251751184463501 42
1717576743062 0.6266047954559326 43
1717576745268 0.6263790130615234 44
1717576747337 0.6275743842124939 45
1717576749514 0.6279787421226501 46
1717576751663 0.6291650533676147 47
1717576753746 0.628188967704773 48
1717576755790 0.6314895153045654 49
1717576757836 0.631556510925293 50
1717576759926 0.6321145296096802 51
1717576761960 0.6332041621208191 52
1717576764179 0.6321661472320557 53
1717576766446 0.6346845030784607 54
1717576768529 0.6355634927749634 55
1717576770668 0.63741135597229 56
1717576772867 0.6328719258308411 57
1717576774962 0.6375609040260315 58
1717576777075 0.638278067111969 59
1717576779122 0.6402058005332947 60
1717576781141 0.6375762224197388 61
1717576783202 0.6404210329055786 62
1717576785271 0.6378211975097656 63
1717576787299 0.6413065195083618 64
1717576789352 0.6416225433349609 65
1717576791384 0.6393345594406128 66
1717576793466 0.643182635307312 67
1717576795489 0.6413170695304871 68
1717576797484 0.6427950263023376 69
1717576799504 0.6423466205596924 70
1717576801731 0.6440819501876831 71
1717576803765 0.64696204662323 72
1717576805794 0.6452473998069763 73
1717576807799 0.6463196277618408 74
1717576809803 0.646876335144043 75
1717576811810 0.6487616300582886 76
1717576813821 0.6446956992149353 77
1717576815876 0.6484972238540649 78
1717576817910 0.6441057920455933 79
1717576819972 0.6488010883331299 80
1717576822108 0.648040771484375 81
1717576824221 0.6509488224983215 82
1717576826228 0.6467087268829346 83
1717576828259 0.6519181132316589 84
1717576830275 0.6483157277107239 85
1717576832323 0.6504824757575989 86
1717576834444 0.6464446187019348 87
1717576836505 0.6522102355957031 88
1717576838548 0.6547813415527344 89
1717576840568 0.6508125066757202 90
1717576842602 0.653529167175293 91
1717576844647 0.6543574929237366 92
1717576846907 0.6550524830818176 93
1717576849013 0.6531468033790588 94
1717576851112 0.6513235569000244 95
1717576853156 0.6565520167350769 96
1717576855317 0.6569786071777344 97
1717576857360 0.6568374037742615 98
1717576859391 0.6547518372535706 99
