1717339532123 0.19800888847984444 1
1717339534405 0.24625266309538477 2
1717339536765 0.2756046456816748 3
1717339539072 0.32185586283331996 4
1717339541572 0.3546953172814163 5
1717339544043 0.38115717032685364 6
1717339546522 0.46078624590578154 7
1717339548976 0.4900628910830254 8
1717339551412 0.5037985722727629 9
1717339553878 0.5013925252546224 10
1717339556438 0.5499495728482044 11
1717339558925 0.4821141200281706 12
1717339561354 0.5212833723306911 13
1717339563783 0.5636585122720955 14
1717339566220 0.5746439047302616 15
1717339568703 0.5891542869756752 16
1717339571160 0.6034689068126929 17
1717339573607 0.6203921404191846 18
1717339576041 0.5802935974378884 19
1717339578532 0.5561495286049111 20
1717339580992 0.5638214021754805 21
1717339583455 0.605077863096586 22
1717339585944 0.6122957829553749 23
1717339588455 0.6238168043681834 24
1717339590972 0.6174237574726119 25
1717339593537 0.6217170516861896 26
1717339596059 0.6162727047322782 27
1717339598554 0.6132032536123097 28
1717339601107 0.615685919633087 29
1717339603619 0.6148362938782187 30
1717339606175 0.6052104363042398 31
1717339608664 0.6091187631213896 32
1717339611195 0.6122035369500488 33
1717339613625 0.6153631440954903 34
1717339616126 0.6119631815798372 35
1717339618676 0.604308604976477 36
1717339621174 0.5833876640236096 37
1717339623733 0.6208130606191387 38
1717339626302 0.6215018765255653 39
1717339628820 0.6198990105989884 40
1717339631401 0.6209734086164395 41
1717339633982 0.6243840426893759 42
1717339636537 0.6168850294421371 43
1717339639115 0.6171733007872403 44
1717339641661 0.6217071328433748 45
1717339644212 0.6172271054931286 46
1717339646704 0.6089546118457636 47
1717339649265 0.6133303610231692 48
1717339651783 0.6260499997950524 49
1717339654282 0.6229152467707612 50
1717339656830 0.626944768509786 51
1717339659399 0.6244082150130352 52
1717339662069 0.6144493899517564 53
1717339664608 0.6214146248833353 54
1717339667176 0.6286410160277218 55
1717339669650 0.6272012450451088 56
1717339672152 0.6271595052980393 57
1717339674754 0.6290102425032027 58
1717339677510 0.6281771571465478 59
1717339680126 0.6145701211448592 60
1717339682554 0.5929007348347142 61
1717339684958 0.5718101434528651 62
1717339687359 0.6015943279056954 63
1717339689746 0.6121707031368898 64
1717339692242 0.6164279555005987 65
1717339694610 0.6266427712375806 66
1717339697020 0.6251546757237615 67
1717339699374 0.6194306036380925 68
1717339701787 0.6158571932802153 69
1717339704189 0.6276981493443988 70
1717339706521 0.6241805027725191 71
1717339708882 0.6252594787568252 72
1717339711236 0.6276276412245065 73
1717339713616 0.6234956753878994 74
1717339715952 0.6355383630768264 75
1717339718293 0.6257993486315251 76
1717339720671 0.6251700615576777 77
1717339723053 0.62676047875277 78
1717339725399 0.6285750664503253 79
1717339727846 0.6379622492781843 80
1717339730161 0.6344045654493152 81
1717339732541 0.6362858647104565 82
1717339734856 0.6344944207396317 83
1717339737188 0.6318295958786876 84
1717339739528 0.633192334398514 85
1717339741837 0.6342018824127253 86
1717339744198 0.6361969210262474 87
1717339746505 0.635106551151876 88
1717339749154 0.6370570153414304 89
1717339751513 0.6342249057148113 90
1717339753838 0.6421983849916407 91
1717339756218 0.6380323708430604 92
1717339758579 0.6427877068491099 93
1717339760935 0.6417679579817652 94
1717339763246 0.6386660941974097 95
1717339765501 0.638797400597156 96
1717339767901 0.6285218566691492 97
1717339770279 0.5436905599927494 98
1717339772616 0.5861893661902993 99
