1717339532123 0.5407442778879671 1
1717339534405 0.726280308963654 2
1717339536765 0.6997308855596328 3
1717339539072 0.7602066046655694 4
1717339541572 0.7675600402316607 5
1717339544043 0.7678737851470429 6
1717339546522 0.8404061893357385 7
1717339548976 0.8548613013634667 8
1717339551412 0.8593241843325061 9
1717339553878 0.8535002925782482 10
1717339556438 0.8848741995500489 11
1717339558925 0.8384346133505335 12
1717339561354 0.8663032936029704 13
1717339563783 0.8889681084391392 14
1717339566220 0.8944204295670356 15
1717339568703 0.8997283358319694 16
1717339571160 0.9050690735335128 17
1717339573607 0.9129581144122422 18
1717339576041 0.8917302138756917 19
1717339578532 0.8786969906461845 20
1717339580992 0.8860046197337769 21
1717339583455 0.9052126353437774 22
1717339585944 0.9070575365969921 23
1717339588455 0.9118675590297871 24
1717339590972 0.9069177349993838 25
1717339593537 0.9084189327964781 26
1717339596059 0.9047828345357893 27
1717339598554 0.9028570691868419 28
1717339601107 0.9031061161326513 29
1717339603619 0.9026266130888108 30
1717339606175 0.8969465363330987 31
1717339608664 0.8989315830483198 32
1717339611195 0.9005817717281955 33
1717339613625 0.9009880791402792 34
1717339616126 0.8987656260951228 35
1717339618676 0.896188880581893 36
1717339621174 0.8859394369381609 37
1717339623733 0.9052301483434468 38
1717339626302 0.9047444108530471 39
1717339628820 0.9028137317671676 40
1717339631401 0.9031478091755049 41
1717339633982 0.9049607781630354 42
1717339636537 0.8996120571867494 43
1717339639115 0.8996084026571917 44
1717339641661 0.9031228972010257 45
1717339644212 0.9009676992300601 46
1717339646704 0.8997575081079767 47
1717339649265 0.8982424394173152 48
1717339651783 0.9041872594282849 49
1717339654282 0.9018937902061759 50
1717339656830 0.9038444575377361 51
1717339659399 0.9023069948017018 52
1717339662069 0.8971359453697217 53
1717339664608 0.9011439476680706 54
1717339667176 0.9048215077984327 55
1717339669650 0.9024708273720248 56
1717339672152 0.903733307874621 57
1717339674754 0.9037303352488486 58
1717339677510 0.9040664461410292 59
1717339680126 0.8976834440416732 60
1717339682554 0.8862784854778266 61
1717339684958 0.8781267862522468 62
1717339687359 0.8936182723922642 63
1717339689746 0.8977922316466347 64
1717339692242 0.8984098491484562 65
1717339694610 0.9033313213724579 66
1717339697020 0.9018623954015337 67
1717339699374 0.8996061174793858 68
1717339701787 0.8980367425078877 69
1717339704189 0.9031982087195096 70
1717339706521 0.9027842065091864 71
1717339708882 0.9018620225329241 72
1717339711236 0.9022567464679808 73
1717339713616 0.899793259396498 74
1717339715952 0.9060434614955108 75
1717339718293 0.9010061932589124 76
1717339720671 0.9011258500089379 77
1717339723053 0.9008808442341394 78
1717339725399 0.9021684192776195 79
1717339727846 0.9060057348127373 80
1717339730161 0.9034641443655717 81
1717339732541 0.904872963122939 82
1717339734856 0.9038565433824076 83
1717339737188 0.9024857485214325 84
1717339739528 0.9030981196516609 85
1717339741837 0.903390723328809 86
1717339744198 0.9038113618279845 87
1717339746505 0.9041644642317195 88
1717339749154 0.9047390951598338 89
1717339751513 0.9028666863429703 90
1717339753838 0.9059476528959595 91
1717339756218 0.9042619281004275 92
1717339758579 0.9061921549154803 93
1717339760935 0.9060789426744165 94
1717339763246 0.9050115678214689 95
1717339765501 0.9041577717769597 96
1717339767901 0.902856711166464 97
1717339770279 0.8613526994765619 98
1717339772616 0.8887785293088217 99
