1717335020017 224325.0 1
1717335021693 211849.0 2
1717335023326 210825.0 3
1717335024946 208247.0 4
1717335026618 206720.0 5
1717335028251 206924.0 6
1717335029930 209823.0 7
1717335031554 213236.0 8
1717335033167 216548.0 9
1717335034821 220168.0 10
1717335036492 227828.0 11
1717335038165 234934.0 12
1717335039871 239960.0 13
1717335041519 245137.0 14
1717335043100 248791.0 15
1717335045320 251599.0 16
1717335047143 254375.0 17
1717335048725 259013.0 18
1717335050316 262447.0 19
1717335051900 266816.0 20
1717335053543 270532.0 21
1717335055152 273573.0 22
1717335056816 277473.0 23
1717335058464 280235.0 24
1717335060086 282482.0 25
1717335061718 284516.0 26
1717335063295 285819.0 27
1717335064939 287554.0 28
1717335066574 288608.0 29
1717335068230 290224.0 30
1717335069890 291217.0 31
1717335071505 292258.0 32
1717335073145 292984.0 33
1717335074823 292892.0 34
1717335076448 293793.0 35
1717335078680 295121.0 36
1717335080547 295735.0 37
1717335082227 296249.0 38
1717335083871 296953.0 39
1717335085543 296740.0 40
1717335087200 297760.0 41
1717335088803 297865.0 42
1717335090443 298775.0 43
1717335092075 299282.0 44
1717335093705 299570.0 45
1717335095345 298577.0 46
1717335097005 300190.0 47
1717335098676 299982.0 48
1717335100291 300320.0 49
1717335101864 300525.0 50
1717335103459 301028.0 51
1717335105031 301385.0 52
1717335106631 301694.0 53
1717335108267 301832.0 54
1717335110059 302074.0 55
1717335112316 302267.0 56
1717335113961 302290.0 57
1717335115593 302637.0 58
1717335117211 302979.0 59
1717335118885 303228.0 60
1717335120512 300700.0 61
1717335122113 303544.0 62
1717335123768 303735.0 63
1717335125374 303764.0 64
1717335126999 303911.0 65
1717335128665 304182.0 66
1717335130286 304188.0 67
1717335131948 304400.0 68
1717335133508 299586.0 69
1717335135175 302925.0 70
1717335136779 304489.0 71
1717335138385 304810.0 72
1717335140048 305197.0 73
1717335141665 305269.0 74
1717335143605 305267.0 75
1717335145679 305348.0 76
1717335147285 305072.0 77
1717335148887 305433.0 78
1717335150519 306056.0 79
1717335152112 306161.0 80
1717335153746 306380.0 81
1717335155340 306396.0 82
1717335156920 306680.0 83
1717335158547 306869.0 84
1717335160145 306960.0 85
1717335161723 306825.0 86
1717335163352 306996.0 87
1717335165445 307271.0 88
1717335167176 307281.0 89
1717335168780 307415.0 90
1717335170396 307606.0 91
1717335171979 307880.0 92
1717335173591 307956.0 93
1717335175232 308011.0 94
1717335176953 307502.0 95
1717335178605 307930.0 96
1717335180194 308080.0 97
1717335181782 308137.0 98
1717335183396 307835.0 99
