1717335020017 0.12425533327697288 1
1717335021693 0.13160202738201615 2
1717335023326 0.133014702386686 3
1717335024946 0.1332880573205704 4
1717335026618 0.13375706615102798 5
1717335028251 0.13310214537983156 6
1717335029930 0.13527818613374043 7
1717335031554 0.13890003317786015 8
1717335033167 0.14317887237215185 9
1717335034821 0.14945390338269268 10
1717335036492 0.1605187275731467 11
1717335038165 0.1710186071133968 12
1717335039871 0.1803381106791038 13
1717335041519 0.18990942937712782 14
1717335043100 0.19656028735787415 15
1717335045320 0.20376125130652298 16
1717335047143 0.21205746527008837 17
1717335048725 0.22381739585774013 18
1717335050316 0.23403818258031606 19
1717335051900 0.24674760772258425 20
1717335053543 0.2588773570254729 21
1717335055152 0.26999974404211946 22
1717335056816 0.2854456993185086 23
1717335058464 0.29622957336387346 24
1717335060086 0.30682001224710326 25
1717335061718 0.3179007141391651 26
1717335063295 0.324702960673719 27
1717335064939 0.33263937670415483 28
1717335066574 0.34014597832639926 29
1717335068230 0.35046500476101217 30
1717335069890 0.3558235981827529 31
1717335071505 0.362510471106452 32
1717335073145 0.3685377572870597 33
1717335074823 0.3669042567147646 34
1717335076448 0.3739752211814558 35
1717335078680 0.38324198192294084 36
1717335080547 0.38769884338034744 37
1717335082227 0.39152420077015454 38
1717335083871 0.39602647664064844 39
1717335085543 0.39457078602712203 40
1717335087200 0.40344423447491085 41
1717335088803 0.40495930312008344 42
1717335090443 0.4114592964068046 43
1717335092075 0.41490340345723314 44
1717335093705 0.4176006867802715 45
1717335095345 0.40936711663999364 46
1717335097005 0.4232385836134534 47
1717335098676 0.42141716758658854 48
1717335100291 0.4232409201606602 49
1717335101864 0.42593555234548036 50
1717335103459 0.4306639391372401 51
1717335105031 0.43377074059919474 52
1717335106631 0.4369304126907065 53
1717335108267 0.438510178156737 54
1717335110059 0.4406288262890979 55
1717335112316 0.44304278329684965 56
1717335113961 0.4429951787018417 57
1717335115593 0.4460397580346972 58
1717335117211 0.4498724400430762 59
1717335118885 0.4515047844473701 60
1717335120512 0.43349149249601565 61
1717335122113 0.45533192171650894 62
1717335123768 0.45736119914660955 63
1717335125374 0.45752800473357524 64
1717335126999 0.4584450982790986 65
1717335128665 0.4616449300660571 66
1717335130286 0.461986384031559 67
1717335131948 0.4640319487981584 68
1717335133508 0.42105087842161476 69
1717335135175 0.44930486836713207 70
1717335136779 0.4647580994037178 71
1717335138385 0.467901142372212 72
1717335140048 0.47199939214014874 73
1717335141665 0.473127230811634 74
1717335143605 0.4724351846155378 75
1717335145679 0.47366283535603887 76
1717335147285 0.4709796110581813 77
1717335148887 0.4749612357050139 78
1717335150519 0.48116082279434513 79
1717335152112 0.4819893826404555 80
1717335153746 0.48466961394508595 81
1717335155340 0.48489133873454116 82
1717335156920 0.4876557981615794 83
1717335158547 0.4894635999645341 84
1717335160145 0.49064881692809875 85
1717335161723 0.48901789063825846 86
1717335163352 0.4909150597177493 87
1717335165445 0.4942901216890577 88
1717335167176 0.4943348453911581 89
1717335168780 0.4956843918524452 90
1717335170396 0.49784041876482876 91
1717335171979 0.5007792563812368 92
1717335173591 0.5015731410028244 93
1717335175232 0.5024343409315379 94
1717335176953 0.4964900979680766 95
1717335178605 0.5018995286277381 96
1717335180194 0.5028973490784417 97
1717335181782 0.5036758513198273 98
1717335183396 0.5002826686027584 99
