1717431321936 0.5554246353238634 1
1717431330449 0.6392975837869764 2
1717431338691 0.6762192132892687 3
1717431346784 0.6986906693821859 4
1717431355189 0.7150360220330185 5
1717431363381 0.7283174714695211 6
1717431371255 0.7381685613136436 7
1717431379071 0.7450151935288863 8
1717431386880 0.7520080832657624 9
1717431394657 0.7577067381230418 10
1717431402497 0.7625986756116385 11
1717431410333 0.7665857602769862 12
1717431418177 0.7701436765124966 13
1717431425989 0.772753649866611 14
1717431433820 0.7758211341686838 15
1717431441774 0.7773933385301031 16
1717431449609 0.7791501887016441 17
1717431457429 0.7811712711586156 18
1717431465334 0.7824273183863361 19
1717431473189 0.7838094103556027 20
1717431481027 0.7853309789015194 21
1717431488886 0.7864568234565781 22
1717431496713 0.7874140608246197 23
1717431504573 0.7881428123158903 24
1717431512375 0.7887364995209383 25
1717431520211 0.7899451145988716 26
1717431528066 0.7909474915783068 27
1717431535927 0.7918212585162373 28
1717431543790 0.7929581472129286 29
1717431551661 0.7938418486257489 30
1717431559558 0.7945384676904461 31
1717431567339 0.795295917982944 32
1717431575214 0.7954804840190679 33
1717431582987 0.7961315518522042 34
1717431590831 0.7970322876411026 35
1717431598679 0.7974887411749372 36
1717431607149 0.7984000414961425 37
1717431614926 0.7990146312299888 38
1717431622619 0.799465322308985 39
1717431630437 0.7998999053051842 40
1717431638346 0.8010122991077085 41
1717431646173 0.8009846988905591 42
1717431654018 0.8016622045761025 43
1717431661871 0.8014719297704065 44
1717431669741 0.8020274345810584 45
1717431677576 0.80274058907683 46
1717431685402 0.8032674180965704 47
1717431693233 0.8034928402931941 48
1717431701037 0.8039983083520469 49
1717431708840 0.8049117252810779 50
1717431716706 0.8051165396834655 51
1717431724554 0.8051748415548413 52
1717431732401 0.8056804135698215 53
1717431740208 0.8058901901757831 54
1717431748037 0.8061350220682116 55
1717431755819 0.8069141527728478 56
1717431763671 0.8069289633710796 57
1717431771515 0.8078159918767781 58
1717431779347 0.808089573912819 59
1717431787213 0.8083494661007096 60
1717431795118 0.8085082800618257 61
1717431803031 0.8088875761157085 62
1717431810916 0.8089523317163994 63
1717431818784 0.8093480294472065 64
1717431826558 0.8095554945522453 65
1717431834350 0.8100683552527342 66
1717431842800 0.8101849933984523 67
1717431850711 0.8104724698639717 68
1717431858560 0.810501109487223 69
1717431866405 0.8110250152764602 70
1717431874299 0.8110635119164585 71
1717431882106 0.8112110443355732 72
1717431889938 0.8113822043484041 73
1717431897768 0.811664057495209 74
1717431905579 0.8117168451064646 75
1717431913408 0.8122977410341665 76
1717431921238 0.812560592658202 77
1717431929090 0.8125809696947143 78
1717431936897 0.8129103247061429 79
1717431944696 0.8124232893896126 80
1717431952518 0.8127678014104189 81
1717431960393 0.8129677588377439 82
1717431968194 0.8132832148409841 83
1717431976009 0.8130598957124524 84
1717431983808 0.8136206743846346 85
1717431991623 0.81402072868103 86
1717431999436 0.8136652492242894 87
1717432007263 0.8144895511974718 88
1717432015114 0.814195883889771 89
1717432022900 0.8147922424014009 90
1717432030752 0.8150963455484835 91
1717432038615 0.8149033978363616 92
1717432046474 0.8152659347383243 93
1717432054319 0.8153207546285507 94
1717432062537 0.8153983152890003 95
1717432070435 0.816058826629116 96
1717432078277 0.8159958522482853 97
1717432086131 0.8162381866115916 98
1717432094473 0.8161677572213947 99
