1717431321936 0.6752589590619489 1
1717431330449 0.7215498823254646 2
1717431338691 0.7416629547706287 3
1717431346784 0.7557503296398386 4
1717431355189 0.7647186068569065 5
1717431363381 0.7731961130400594 6
1717431371255 0.7796708614207271 7
1717431379071 0.7839031180039177 8
1717431386880 0.7891039949817203 9
1717431394657 0.7935005682220925 10
1717431402497 0.7972226162689535 11
1717431410333 0.8009704705746472 12
1717431418177 0.8039498389976361 13
1717431425989 0.8056340297618443 14
1717431433820 0.8084554755524198 15
1717431441774 0.8092724932145571 16
1717431449609 0.8102616430400738 17
1717431457429 0.8113761962690071 18
1717431465334 0.8125996431200836 19
1717431473189 0.8133612682103 20
1717431481027 0.8145185905648561 21
1717431488886 0.8149716621716576 22
1717431496713 0.8157421549868518 23
1717431504573 0.8162945527265777 24
1717431512375 0.8166543958062642 25
1717431520211 0.8176223585717481 26
1717431528066 0.8183363216705314 27
1717431535927 0.8192565619999914 28
1717431543790 0.8203449661326648 29
1717431551661 0.8210812670334431 30
1717431559558 0.821829587368608 31
1717431567339 0.8222345465971236 32
1717431575214 0.822877768731135 33
1717431582987 0.8231784574262218 34
1717431590831 0.8235962176317346 35
1717431598679 0.8239548905120853 36
1717431607149 0.824769248439743 37
1717431614926 0.8250382622542364 38
1717431622619 0.8253366992921073 39
1717431630437 0.8254421352084831 40
1717431638346 0.8262239435892814 41
1717431646173 0.825847586933743 42
1717431654018 0.8263828468260601 43
1717431661871 0.8259895625805987 44
1717431669741 0.8265697242579174 45
1717431677576 0.8268655142685903 46
1717431685402 0.8271940224979516 47
1717431693233 0.8275083641003526 48
1717431701037 0.827793965168172 49
1717431708840 0.8287010423449797 50
1717431716706 0.8285318975419736 51
1717431724554 0.8285531407969787 52
1717431732401 0.8287439484792506 53
1717431740208 0.8288893272354821 54
1717431748037 0.8289649404483734 55
1717431755819 0.8300459759377696 56
1717431763671 0.8299124755201683 57
1717431771515 0.8302885342128113 58
1717431779347 0.830506643632226 59
1717431787213 0.830810773835047 60
1717431795118 0.8308763422354062 61
1717431803031 0.831066875571837 62
1717431810916 0.8312846991415498 63
1717431818784 0.8311243810364451 64
1717431826558 0.83158193375666 65
1717431834350 0.8318716676375004 66
1717431842800 0.8323263546670193 67
1717431850711 0.8325949333622231 68
1717431858560 0.8325335466795122 69
1717431866405 0.8329228098334084 70
1717431874299 0.8329636873474272 71
1717431882106 0.8329425980646327 72
1717431889938 0.8331154696808483 73
1717431897768 0.8333023945633894 74
1717431905579 0.8332960026221153 75
1717431913408 0.8339357471233779 76
1717431921238 0.8340950220521401 77
1717431929090 0.8339721925483463 78
1717431936897 0.8344059212474499 79
1717431944696 0.8338188671853711 80
1717431952518 0.8341444857447677 81
1717431960393 0.8343727285763882 82
1717431968194 0.8345091760556528 83
1717431976009 0.8340672691185742 84
1717431983808 0.8345842220812896 85
1717431991623 0.8353011866902799 86
1717431999436 0.8344961300892996 87
1717432007263 0.8356673808553129 88
1717432015114 0.8350050705632899 89
1717432022900 0.8357954608241883 90
1717432030752 0.8358247752495745 91
1717432038615 0.8355280984158938 92
1717432046474 0.8358245136200291 93
1717432054319 0.8360043170091057 94
1717432062537 0.8361174453601843 95
1717432070435 0.8367859772098885 96
1717432078277 0.8366218431126725 97
1717432086131 0.8369237950601831 98
1717432094473 0.83708585602152 99
