1717431321936 0.9278897931359317 1
1717431330449 0.9389832799844234 2
1717431338691 0.9437636726828286 3
1717431346784 0.9469949049543698 4
1717431355189 0.9493365418757779 5
1717431363381 0.9513573032541259 6
1717431371255 0.9529296144242673 7
1717431379071 0.9539950561938301 8
1717431386880 0.9551655948296658 9
1717431394657 0.9561118494258124 10
1717431402497 0.9569065193027874 11
1717431410333 0.9576179859965623 12
1717431418177 0.9582162173976037 13
1717431425989 0.9586544072963026 14
1717431433820 0.9591858466842973 15
1717431441774 0.9594086456540376 16
1717431449609 0.9596947132266402 17
1717431457429 0.9600435623259675 18
1717431465334 0.9602665471926621 19
1717431473189 0.9604863010689133 20
1717431481027 0.9607465585527356 21
1717431488886 0.9609317067314722 22
1717431496713 0.9610986228265538 23
1717431504573 0.9612103417570586 24
1717431512375 0.9613177180795555 25
1717431520211 0.9615206556292836 26
1717431528066 0.9616893472106975 27
1717431535927 0.9618701183929014 28
1717431543790 0.9620720417304424 29
1717431551661 0.9622377733171666 30
1717431559558 0.9623705179466967 31
1717431567339 0.9624809643140352 32
1717431575214 0.9625467787858676 33
1717431582987 0.9626518410117441 34
1717431590831 0.9627817678185911 35
1717431598679 0.9628716250463447 36
1717431607149 0.9630242396057318 37
1717431614926 0.9631391620388743 38
1717431622619 0.9632067015227249 39
1717431630437 0.9632718965850885 40
1717431638346 0.9634530071828937 41
1717431646173 0.9634542072041088 42
1717431654018 0.9635670585417663 43
1717431661871 0.9635169985643196 44
1717431669741 0.9636277805263529 45
1717431677576 0.9637290888316096 46
1717431685402 0.9638239119607562 47
1717431693233 0.9638654741848555 48
1717431701037 0.9639480245704772 49
1717431708840 0.9641134129492588 50
1717431716706 0.9641339359894116 51
1717431724554 0.9641444176344214 52
1717431732401 0.9642348335379116 53
1717431740208 0.9642627217868045 54
1717431748037 0.9643025244733698 55
1717431755819 0.9644500391343852 56
1717431763671 0.9644547068029328 57
1717431771515 0.9645940179342278 58
1717431779347 0.9646391042684436 59
1717431787213 0.9646848286941562 60
1717431795118 0.9647114053137482 61
1717431803031 0.9647672371537539 62
1717431810916 0.9647922016696137 63
1717431818784 0.9648392801112092 64
1717431826558 0.964899061805266 65
1717431834350 0.9649715711312873 66
1717431842800 0.9650170401682338 67
1717431850711 0.9650735231559924 68
1717431858560 0.9650820411690287 69
1717431866405 0.9651635974696549 70
1717431874299 0.96516183911282 71
1717431882106 0.9651899876843626 72
1717431889938 0.965235899258543 73
1717431897768 0.9652807575927358 74
1717431905579 0.965295639433776 75
1717431913408 0.9654043775957808 76
1717431921238 0.9654589238210911 77
1717431929090 0.9654672795166089 78
1717431936897 0.965513999492963 79
1717431944696 0.9654369369519665 80
1717431952518 0.9654962563956452 81
1717431960393 0.965545343731358 82
1717431968194 0.9655881637299877 83
1717431976009 0.9655376197707131 84
1717431983808 0.9656373851768149 85
1717431991623 0.9657284983645754 86
1717431999436 0.9656399315095453 87
1717432007263 0.9658067797104675 88
1717432015114 0.965733181364412 89
1717432022900 0.9658537655946461 90
1717432030752 0.9659064446116487 91
1717432038615 0.9658660300040686 92
1717432046474 0.9659331321428937 93
1717432054319 0.965945228118404 94
1717432062537 0.9659509807385416 95
1717432070435 0.96608761309084 96
1717432078277 0.9660626250325106 97
1717432086131 0.9661117648020282 98
1717432094473 0.9661087085414795 99
