1717431321936 106391.0 1
1717431330449 116900.0 2
1717431338691 122315.0 3
1717431346784 125014.0 4
1717431355189 127311.0 5
1717431363381 128989.0 6
1717431371255 130146.0 7
1717431379071 131025.0 8
1717431386880 131593.0 9
1717431394657 132057.0 10
1717431402497 132453.0 11
1717431410333 132529.0 12
1717431418177 132735.0 13
1717431425989 132977.0 14
1717431433820 133122.0 15
1717431441774 133341.0 16
1717431449609 133584.0 17
1717431457429 133865.0 18
1717431465334 133881.0 19
1717431473189 134101.0 20
1717431481027 134206.0 21
1717431488886 134414.0 22
1717431496713 134457.0 23
1717431504573 134524.0 24
1717431512375 134587.0 25
1717431520211 134685.0 26
1717431528066 134779.0 27
1717431535927 134755.0 28
1717431543790 134768.0 29
1717431551661 134801.0 30
1717431559558 134800.0 31
1717431567339 134908.0 32
1717431575214 134752.0 33
1717431582987 134855.0 34
1717431590831 135014.0 35
1717431598679 135029.0 36
1717431607149 135067.0 37
1717431614926 135166.0 38
1717431622619 135228.0 39
1717431630437 135322.0 40
1717431638346 135431.0 41
1717431646173 135525.0 42
1717431654018 135554.0 43
1717431661871 135613.0 44
1717431669741 135586.0 45
1717431677576 135724.0 46
1717431685402 135787.0 47
1717431693233 135727.0 48
1717431701037 135804.0 49
1717431708840 135788.0 50
1717431716706 135892.0 51
1717431724554 135921.0 52
1717431732401 135992.0 53
1717431740208 136036.0 54
1717431748037 136091.0 55
1717431755819 136002.0 56
1717431763671 136039.0 57
1717431771515 136173.0 58
1717431779347 136201.0 59
1717431787213 136200.0 60
1717431795118 136231.0 61
1717431803031 136291.0 62
1717431810916 136259.0 63
1717431818784 136423.0 64
1717431826558 136373.0 65
1717431834350 136447.0 66
1717431842800 136329.0 67
1717431850711 136320.0 68
1717431858560 136347.0 69
1717431866405 136403.0 70
1717431874299 136400.0 71
1717431882106 136461.0 72
1717431889938 136461.0 73
1717431897768 136477.0 74
1717431905579 136503.0 75
1717431913408 136493.0 76
1717431921238 136525.0 77
1717431929090 136576.0 78
1717431936897 136533.0 79
1717431944696 136547.0 80
1717431952518 136565.0 81
1717431960393 136550.0 82
1717431968194 136609.0 83
1717431976009 136657.0 84
1717431983808 136689.0 85
1717431991623 136595.0 86
1717431999436 136711.0 87
1717432007263 136614.0 88
1717432015114 136725.0 89
1717432022900 136655.0 90
1717432030752 136745.0 91
1717432038615 136778.0 92
1717432046474 136788.0 93
1717432054319 136748.0 94
1717432062537 136768.0 95
1717432070435 136751.0 96
1717432078277 136777.0 97
1717432086131 136756.0 98
1717432094473 136694.0 99
