1717226529544 5.568843364715576 1
1717226532153 5.720065593719482 2
1717226534744 5.720065593719482 3
1717226537260 5.720065593719482 4
1717226539744 5.720065593719482 5
1717226542243 5.720065593719482 6
1717226544750 5.720065593719482 7
1717226547259 5.720065593719482 8
1717226549747 5.720065593719482 9
1717226552293 5.720065593719482 10
1717226554865 5.720065593719482 11
1717226557476 5.720065593719482 12
1717226559973 5.720065593719482 13
1717226562558 5.720065593719482 14
1717226565046 5.720065593719482 15
1717226567572 5.720065593719482 16
1717226570151 5.720065593719482 17
1717226572677 5.720065593719482 18
1717226575172 5.720065593719482 19
1717226577840 5.720065593719482 20
1717226580484 5.720065593719482 21
1717226583074 5.720065593719482 22
1717226585660 5.720065593719482 23
1717226588291 5.720065593719482 24
1717226591241 5.720065593719482 25
1717226593761 5.720065593719482 26
1717226596319 5.720065593719482 27
1717226598845 5.720065593719482 28
1717226601429 5.720065593719482 29
1717226603994 5.720065593719482 30
1717226606547 5.720065593719482 31
1717226609174 5.720065593719482 32
1717226611718 5.720065593719482 33
1717226614274 5.720065593719482 34
1717226616859 5.720065593719482 35
1717226619411 5.720065593719482 36
1717226622042 5.720065593719482 37
1717226624612 5.720065593719482 38
1717226627156 5.720065593719482 39
1717226629737 5.720065593719482 40
1717226632319 5.720065593719482 41
1717226634875 5.720065593719482 42
1717226637442 5.720065593719482 43
1717226639985 5.720065593719482 44
1717226642526 5.720065593719482 45
1717226645077 5.720065593719482 46
1717226647662 5.720065593719482 47
1717226650303 5.720065593719482 48
1717226652860 5.720065593719482 49
1717226655415 5.720065593719482 50
1717226658013 5.720065593719482 51
1717226660612 5.720065593719482 52
1717226663177 5.720065593719482 53
1717226665736 5.720065593719482 54
1717226668323 5.720065593719482 55
1717226670869 5.720065593719482 56
1717226673415 5.720065593719482 57
1717226675960 5.720065593719482 58
1717226678596 5.720065593719482 59
1717226681230 5.720065593719482 60
1717226683808 5.720065593719482 61
1717226686394 5.720065593719482 62
1717226688998 5.720065593719482 63
1717226691614 5.720065593719482 64
1717226694363 5.720065593719482 65
1717226696996 5.720065593719482 66
1717226699590 5.720065593719482 67
1717226702211 5.720065593719482 68
1717226704916 5.720065593719482 69
1717226707533 5.720065593719482 70
1717226710151 5.720065593719482 71
1717226712834 5.720065593719482 72
1717226715850 5.720065593719482 73
1717226718615 5.720065593719482 74
1717226721256 5.720065593719482 75
1717226723896 5.720065593719482 76
1717226726552 5.720065593719482 77
1717226729193 5.720065593719482 78
1717226731845 5.720065593719482 79
1717226734539 5.720065593719482 80
1717226737249 5.720065593719482 81
1717226740136 5.720065593719482 82
1717226742782 5.720065593719482 83
1717226745384 5.720065593719482 84
1717226748041 5.720065593719482 85
1717226750654 5.720065593719482 86
1717226753299 5.720065593719482 87
1717226755962 5.720065593719482 88
1717226758657 5.720065593719482 89
1717226761271 5.720065593719482 90
1717226763949 5.720065593719482 91
1717226766603 5.720065593719482 92
1717226769241 5.720065593719482 93
1717226772161 5.720065593719482 94
1717226775055 5.720065593719482 95
1717226777728 5.720065593719482 96
1717226780347 5.720065593719482 97
1717226783066 5.720065593719482 98
1717226785668 5.720065593719482 99
