1717004420299 0.07757405936717987 1
1717004431632 0.11697608232498169 2
1717004442988 0.18325582146644592 3
1717004454765 0.18935586512088776 4
1717004466123 0.18935586512088776 5
1717004477367 0.18935586512088776 6
1717004488473 0.19231653213500977 7
1717004501858 0.19540122151374817 8
1717004514255 0.191141277551651 9
1717004525509 0.19216404855251312 10
1717004536840 0.19669193029403687 11
1717004548434 0.18935586512088776 12
1717004560365 0.19231653213500977 13
1717004572751 0.17525804042816162 14
1717004584634 0.17906253039836884 15
1717004595962 0.18935586512088776 16
1717004607277 0.19077451527118683 17
1717004618749 0.19231653213500977 18
1717004630087 0.194101944565773 19
1717004641413 0.1924007385969162 20
1717004653206 0.186093270778656 21
1717004664459 0.194101944565773 22
1717004675910 0.194101944565773 23
1717004687292 0.19540122151374817 24
1717004698902 0.19268327951431274 25
1717004710411 0.194101944565773 26
1717004721981 0.194101944565773 27
1717004733570 0.194101944565773 28
1717004745281 0.194101944565773 29
1717004757287 0.194101944565773 30
1717004768968 0.194101944565773 31
1717004780806 0.194101944565773 32
1717004792422 0.194101944565773 33
1717004804357 0.194101944565773 34
1717004816258 0.194101944565773 35
1717004827790 0.194101944565773 36
1717004839550 0.1667848527431488 37
1717004852776 0.18439877033233643 38
1717004863666 0.18902546167373657 39
1717004874478 0.18902546167373657 40
1717004885428 0.18902546167373657 41
1717004896165 0.186093270778656 42
1717004907033 0.18917794525623322 43
1717004917959 0.194101944565773 44
1717004929010 0.194101944565773 45
1717004940371 0.194101944565773 46
1717004951465 0.194101944565773 47
1717004962493 0.194101944565773 48
1717004973085 0.194101944565773 49
1717004983842 0.194101944565773 50
1717004994706 0.194101944565773 51
1717005005702 0.194101944565773 52
1717005017128 0.194101944565773 53
1717005028134 0.194101944565773 54
1717005039063 0.194101944565773 55
1717005049930 0.194101944565773 56
1717005060979 0.194101944565773 57
1717005072038 0.194101944565773 58
1717005082938 0.194101944565773 59
1717005093839 0.194101944565773 60
1717005104806 0.194101944565773 61
1717005115433 0.194101944565773 62
1717005126718 0.194101944565773 63
1717005137763 0.194101944565773 64
1717005148593 0.194101944565773 65
1717005160069 0.194101944565773 66
1717005171710 0.194101944565773 67
1717005182945 0.194101944565773 68
1717005194280 0.194101944565773 69
1717005205715 0.194101944565773 70
1717005218322 0.194101944565773 71
1717005231885 0.194101944565773 72
1717005243250 0.194101944565773 73
1717005254325 0.194101944565773 74
1717005265300 0.194101944565773 75
1717005276317 0.194101944565773 76
1717005287159 0.194101944565773 77
1717005298228 0.194101944565773 78
1717005309655 0.194101944565773 79
1717005320860 0.194101944565773 80
1717005331448 0.194101944565773 81
1717005342215 0.194101944565773 82
1717005353159 0.194101944565773 83
1717005364184 0.194101944565773 84
1717005375002 0.194101944565773 85
1717005385735 0.194101944565773 86
1717005396386 0.194101944565773 87
1717005408662 0.194101944565773 88
1717005421352 0.194101944565773 89
1717005433276 0.194101944565773 90
1717005445181 0.194101944565773 91
1717005456746 0.194101944565773 92
1717005468339 0.194101944565773 93
1717005480099 0.194101944565773 94
1717005491670 0.194101944565773 95
1717005502837 0.194101944565773 96
1717005514274 0.194101944565773 97
1717005525030 0.194101944565773 98
1717005536745 0.194101944565773 99
