1717004420299 178374.0 1
1717004431632 156481.0 2
1717004442988 140054.0 3
1717004454765 149249.0 4
1717004466123 149249.0 5
1717004477367 149249.0 6
1717004488473 146019.0 7
1717004501858 142756.0 8
1717004514255 147494.0 9
1717004525509 147287.0 10
1717004536840 141399.0 11
1717004548434 149249.0 12
1717004560365 146019.0 13
1717004572751 148956.0 14
1717004584634 147855.0 15
1717004595962 149249.0 16
1717004607277 147639.0 17
1717004618749 146019.0 18
1717004630087 144264.0 19
1717004641413 145756.0 20
1717004653206 143390.0 21
1717004664459 144264.0 22
1717004675910 144264.0 23
1717004687292 142756.0 24
1717004698902 145874.0 25
1717004710411 144264.0 26
1717004721981 144264.0 27
1717004733570 144264.0 28
1717004745281 144264.0 29
1717004757287 144264.0 30
1717004768968 144264.0 31
1717004780806 144264.0 32
1717004792422 144264.0 33
1717004804357 144264.0 34
1717004816258 144264.0 35
1717004827790 144264.0 36
1717004839550 154254.0 37
1717004852776 146278.0 38
1717004863666 141395.0 39
1717004874478 141395.0 40
1717004885428 141395.0 41
1717004896165 143390.0 42
1717004907033 140127.0 43
1717004917959 144264.0 44
1717004929010 144264.0 45
1717004940371 144264.0 46
1717004951465 144264.0 47
1717004962493 144264.0 48
1717004973085 144264.0 49
1717004983842 144264.0 50
1717004994706 144264.0 51
1717005005702 144264.0 52
1717005017128 144264.0 53
1717005028134 144264.0 54
1717005039063 144264.0 55
1717005049930 144264.0 56
1717005060979 144264.0 57
1717005072038 144264.0 58
1717005082938 144264.0 59
1717005093839 144264.0 60
1717005104806 144264.0 61
1717005115433 144264.0 62
1717005126718 144264.0 63
1717005137763 144264.0 64
1717005148593 144264.0 65
1717005160069 144264.0 66
1717005171710 144264.0 67
1717005182945 144264.0 68
1717005194280 144264.0 69
1717005205715 144264.0 70
1717005218322 144264.0 71
1717005231885 144264.0 72
1717005243250 144264.0 73
1717005254325 144264.0 74
1717005265300 144264.0 75
1717005276317 144264.0 76
1717005287159 144264.0 77
1717005298228 144264.0 78
1717005309655 144264.0 79
1717005320860 144264.0 80
1717005331448 144264.0 81
1717005342215 144264.0 82
1717005353159 144264.0 83
1717005364184 144264.0 84
1717005375002 144264.0 85
1717005385735 144264.0 86
1717005396386 144264.0 87
1717005408662 144264.0 88
1717005421352 144264.0 89
1717005433276 144264.0 90
1717005445181 144264.0 91
1717005456746 144264.0 92
1717005468339 144264.0 93
1717005480099 144264.0 94
1717005491670 144264.0 95
1717005502837 144264.0 96
1717005514274 144264.0 97
1717005525030 144264.0 98
1717005536745 144264.0 99
