1717270554886 0.9296401049800616 1
1717270565778 0.9465636658072543 2
1717270576743 0.9521006274209611 3
1717270587787 0.9549164745399813 4
1717270598695 0.9565150591455759 5
1717270609644 0.9576589033728583 6
1717270621040 0.9582694988438152 7
1717270632157 0.9588895021100226 8
1717270643469 0.9593047398480982 9
1717270654687 0.9596259825813456 10
1717270666041 0.960031831735169 11
1717270677318 0.9603175371802232 12
1717270689212 0.9606240191451539 13
1717270700722 0.9608174036758598 14
1717270712374 0.9611446151006373 15
1717270723754 0.9613113226406866 16
1717270735360 0.9615714224579781 17
1717270747488 0.9616635437239196 18
1717270759078 0.9619257397220972 19
1717270770712 0.9622159376112912 20
1717270782261 0.9624156690182457 21
1717270794151 0.9624693928096326 22
1717270805722 0.9625476021620512 23
1717270817346 0.9626418416909476 24
1717270828859 0.9628771991438316 25
1717270840536 0.9630951864358926 26
1717270852267 0.963222494144064 27
1717270863839 0.9633522888059372 28
1717270875702 0.963598203896506 29
1717270887370 0.9637798471894806 30
1717270899002 0.9638539189081038 31
1717270910704 0.963974818940812 32
1717270922515 0.9642044985549333 33
1717270934300 0.9642819593685846 34
1717270946053 0.9644368883732756 35
1717270957679 0.9645516428140388 36
1717270969226 0.9646926643681126 37
1717270980943 0.9648565909070255 38
1717270992524 0.964817695454762 39
1717271004737 0.965113348030321 40
1717271016268 0.9651125953559855 41
1717271027748 0.9653215228126393 42
1717271039843 0.9653527684212319 43
1717271051412 0.9655044807349126 44
1717271063118 0.9655833154815787 45
1717271074721 0.9657601644724849 46
1717271086305 0.9658664407323676 47
1717271098008 0.9659517510477141 48
1717271109599 0.9660290101326405 49
1717271121538 0.9660255164113452 50
1717271133522 0.9662673786793136 51
1717271145075 0.9663560444766655 52
1717271156909 0.9664049969000444 53
1717271168441 0.9664871964528238 54
1717271179983 0.9666475877837964 55
1717271191608 0.9666737423229375 56
1717271203133 0.9668079229116157 57
1717271214777 0.9667040503941297 58
1717271226285 0.9668797253567826 59
1717271237874 0.9669002841819073 60
1717271250029 0.9669220734306049 61
1717271261609 0.9670277970685999 62
1717271273427 0.9672117511397289 63
1717271284931 0.9672503086331852 64
1717271296466 0.9671712091937642 65
1717271307957 0.9673158373127172 66
1717271319591 0.9673307468913728 67
1717271331235 0.967414459413466 68
1717271342928 0.9674731686582748 69
1717271354452 0.9675692122019655 70
1717271366115 0.9675718630420551 71
1717271377985 0.9676830695169512 72
1717271389704 0.9677220575502529 73
1717271401541 0.9678127338394463 74
1717271413152 0.9677521966764757 75
1717271424758 0.9678513069140723 76
1717271437141 0.9679549875279793 77
1717271448352 0.9680081812615688 78
1717271459667 0.9679593760083364 79
1717271471003 0.9680480921725602 80
1717271482276 0.9680642884646321 81
1717271494290 0.9681569193867847 82
1717271506254 0.968112454321444 83
1717271518305 0.9682411328345655 84
1717271529943 0.9682330100367679 85
1717271541627 0.9683381487994308 86
1717271553338 0.9683746685110916 87
1717271565056 0.9684005446463388 88
1717271576772 0.9684872728507844 89
1717271588606 0.9686038463222021 90
1717271600268 0.9685919946150662 91
1717271611958 0.9685706134662593 92
1717271624008 0.9686120051656633 93
1717271636039 0.9687507616534927 94
1717271647658 0.9686986201933223 95
1717271659443 0.9687251417814183 96
1717271671058 0.9688716022454225 97
1717271682847 0.9688714760856093 98
1717271694785 0.9688806419852563 99
