1717525000386 0.7080278261186636 1
1717525008191 0.72341812483762 2
1717525015909 0.7488636132197922 3
1717525023656 0.771362996632601 4
1717525031479 0.7649708563407652 5
1717525039422 0.7573106006813223 6
1717525047284 0.7499891940203103 7
1717525055059 0.7647383572206984 8
1717525062878 0.7699338196159049 9
1717525070854 0.7669491490716779 10
1717525078782 0.7704129823388003 11
1717525086658 0.7638588605307868 12
1717525094698 0.761428135982831 13
1717525102686 0.7592905432536039 14
1717525110623 0.7599441469186344 15
1717525118615 0.7605107869550837 16
1717525127002 0.761449388936922 17
1717525135068 0.7619030782326535 18
1717525143051 0.7592268383253493 19
1717525151055 0.7587953305092823 20
1717525159504 0.7566083255356869 21
1717525167599 0.7564685036187807 22
1717525175652 0.7541744696064477 23
1717525183859 0.7568671690855355 24
1717525192174 0.7616920388707892 25
1717525200406 0.7520048747409117 26
1717525208454 0.7552117486511637 27
1717525216597 0.7586427598584061 28
1717525224766 0.7541919112791163 29
1717525232920 0.74839285150397 30
1717525241625 0.754103149968017 31
1717525249815 0.753982276635082 32
1717525257914 0.7493422749574437 33
1717525266133 0.7500021771026432 34
1717525274431 0.7480037818108466 35
1717525282569 0.7516975769764033 36
1717525291011 0.7547231548009097 37
1717525299618 0.7521363339485699 38
1717525308238 0.7517096171584171 39
1717525316928 0.7584661994471171 40
1717525327086 0.7506117066499386 41
1717525335788 0.7526418354052518 42
1717525344324 0.7477191681760191 43
1717525353178 0.7560895935560253 44
1717525361481 0.7604016098072283 45
1717525369616 0.7652402533856378 46
1717525377756 0.7641995827762033 47
1717525385963 0.7688524885419944 48
1717525394176 0.7733994529120285 49
1717525402434 0.7814076172251457 50
1717525410686 0.7700655761438705 51
1717525418907 0.7679028742266071 52
1717525427361 0.7636736508206519 53
1717525435644 0.7616309295559794 54
1717525443910 0.7556809167571048 55
1717525452093 0.7624674745022223 56
1717525460576 0.7693045008011969 57
1717525468912 0.7671815404497861 58
1717525477071 0.7617071242967016 59
1717525485371 0.7635119016693098 60
1717525493741 0.766784686036353 61
1717525501929 0.7684778303306213 62
1717525510061 0.7728476150308531 63
1717525518273 0.7737289739429724 64
1717525526381 0.7820501734313837 65
1717525535470 0.7825697617002781 66
1717525543933 0.7926674340493929 67
1717525552191 0.8012939813607286 68
1717525560549 0.8060040761076905 69
1717525568810 0.8014906551416349 70
1717525577396 0.812071135886824 71
1717525585680 0.8205725443599798 72
1717525593928 0.8270639689659403 73
1717525602237 0.8230945696997023 74
1717525610510 0.8282558626439974 75
1717525618733 0.8345726554505378 76
1717525627033 0.8382808908326133 77
1717525635288 0.8399539602721964 78
1717525643482 0.8447923337268033 79
1717525651958 0.8497497578783787 80
1717525660690 0.8557580806179614 81
1717525669428 0.8540684602106462 82
1717525678077 0.8475487983361224 83
1717525687953 0.8528440843877965 84
1717525696783 0.8512660510409555 85
1717525705511 0.8587009746302185 86
1717525714191 0.856729077932344 87
1717525722949 0.8549335577640784 88
1717525731604 0.8609062315058916 89
1717525740381 0.8671914947206385 90
1717525749066 0.8678069228762175 91
1717525757612 0.8663515380707605 92
1717525766319 0.8584791364070541 93
1717525775148 0.865725543477685 94
1717525783789 0.8636890662763402 95
1717525792525 0.8631389686216803 96
1717525801237 0.8679773045717818 97
1717525811900 0.8715475822261053 98
1717525821108 0.8746229377559431 99
