1709664131934 0.31113767605348625 1
1709664132258 0.6297394223320082 2
1709664132520 0.23821736899863008 3
1709664132727 0.3937560395466203 4
1709664132914 0.5652779586422666 5
1709664133120 0.6585124874476515 6
1709664133393 0.48965315944230225 7
1709664133742 0.48965315944230225 8
1709664133955 0.48965315944230225 9
1709664134169 0.48965315944230225 10
1709664134384 0.48965315944230225 11
1709664134565 0.48965315944230225 12
1709664134798 0.48965315944230225 13
1709664134986 0.48965315944230225 14
