1717715660612 0.9296085595124397 1
1717715693182 0.9435034655507666 2
1717715724326 0.9483912901237842 3
1717715756144 0.9483456171559802 4
1717715786678 0.9506540345032692 5
1717715818000 0.9517702273637793 6
1717715850164 0.9521856002054239 7
1717715883004 0.9543802061382798 8
1717715916322 0.9534388449448358 9
1717715948728 0.9534116929796252 10
1717715980237 0.9514776897693711 11
1717716011150 0.9525372674995995 12
1717716042410 0.9509833023327853 13
1717716073536 0.9530146019613547 14
1717716106967 0.951925007436186 15
1717716139646 0.954650368011337 16
1717716170106 0.9509802836626814 17
1717716205210 0.9501863030235096 18
1717716238123 0.9464899107503111 19
1717716270248 0.9533565271418046 20
1717716302421 0.949597638371431 21
1717716333670 0.9459874489274825 22
1717716364856 0.9399268429017672 23
1717716395753 0.9395434419372528 24
1717716427728 0.9386669564230465 25
1717716458995 0.9370505640463103 26
1717716489496 0.9382243825870249 27
1717716521862 0.9379613992931483 28
1717716555248 0.9430441459317621 29
1717716587680 0.9438518244812684 30
1717716618917 0.9455795907372724 31
1717716649472 0.9428236234676314 32
1717716681132 0.9269961442823251 33
1717716711546 0.9303938084819885 34
1717716742210 0.9325226183425123 35
1717716773097 0.9236926687179281 36
1717716802775 0.9277035067035303 37
1717716835502 0.9188476432875318 38
1717716867383 0.9272410600761648 39
1717716900465 0.931592650114721 40
1717716933113 0.9304450663803154 41
1717716966339 0.93044506624314 42
1717716997851 0.9323986152134809 43
1717717028989 0.9348227163174745 44
1717717061999 0.9343718971534465 45
1717717092592 0.9263180085056016 46
1717717126138 0.931664477314948 47
1717717158238 0.9339134481487434 48
1717717190290 0.9313168787971768 49
1717717222041 0.9363791254453661 50
1717717254397 0.9374235297133342 51
1717717286645 0.9387346546610157 52
1717717317939 0.9371293898223451 53
1717717349798 0.9362237655406098 54
1717717380103 0.9391607641287931 55
1717717412896 0.9380588502958445 56
1717717442900 0.9336793789257556 57
1717717471054 0.9340176919453058 58
1717717499899 0.9339693560844048 59
1717717528727 0.9343830058404881 60
1717717559382 0.9378821723730358 61
1717717588774 0.938490542324073 62
1717717616312 0.937866334658161 63
1717717645198 0.9363453263928674 64
