1717715660612 0.7098960496648387 1
1717715693182 0.7570976353764202 2
1717715724326 0.7704054820107248 3
1717715756144 0.7709327723545278 4
1717715786678 0.7749317056486532 5
1717715818000 0.7752780229618664 6
1717715850164 0.7841714614361528 7
1717715883004 0.7971663614884866 8
1717715916322 0.7906274103292644 9
1717715948728 0.7896029712112765 10
1717715980237 0.7801342625368928 11
1717716011150 0.7858704196796491 12
1717716042410 0.7829797197040629 13
1717716073536 0.7886247088661048 14
1717716106967 0.7830733615507292 15
1717716139646 0.7974479020069564 16
1717716170106 0.7740371018876078 17
1717716205210 0.7735821186369267 18
1717716238123 0.7581802769001035 19
1717716270248 0.787884132731097 20
1717716302421 0.7658183389882101 21
1717716333670 0.7546636027382574 22
1717716364856 0.7387830868296726 23
1717716395753 0.7351576633420711 24
1717716427728 0.7255429931283042 25
1717716458995 0.707450753755034 26
1717716489496 0.7094625918063733 27
1717716521862 0.7131522536281191 28
1717716555248 0.7462069934558186 29
1717716587680 0.7538566058460457 30
1717716618917 0.7643172712208036 31
1717716649472 0.7563972758507299 32
1717716681132 0.6487820505630794 33
1717716711546 0.6666759275071695 34
1717716742210 0.6842340607852223 35
1717716773097 0.6324729530346398 36
1717716802775 0.6504563215653403 37
1717716835502 0.6280097098202762 38
1717716867383 0.6514072753672022 39
1717716900465 0.6745416085356029 40
1717716933113 0.6708905251333874 41
1717716966339 0.6714946179548413 42
1717716997851 0.6835587735284949 43
1717717028989 0.7004213263967232 44
1717717061999 0.6910983545150361 45
1717717092592 0.6580239256780419 46
1717717126138 0.6821558266367957 47
1717717158238 0.6925962648972748 48
1717717190290 0.6880454792842474 49
1717717222041 0.7159958768809569 50
1717717254397 0.7153674606851979 51
1717717286645 0.7257808061908753 52
1717717317939 0.7176860559232459 53
1717717349798 0.7107721651817367 54
1717717380103 0.7322298129476228 55
1717717412896 0.7278699183929053 56
1717717442900 0.6914579398854863 57
1717717471054 0.6892702784472117 58
1717717499899 0.6878760946476273 59
1717717528727 0.6895573461588942 60
1717717559382 0.718398178562182 61
1717717588774 0.7248885771934452 62
1717717616312 0.7210065132278404 63
1717717645198 0.7072557626902894 64
