1717327980941 0.9531571431938481 1
1717327986728 0.999974002715272 2
1717327992605 1.0 3
1717327998463 0.9999587049884374 4
1717328004357 1.0 5
1717328010190 1.0 6
1717328016011 1.0 7
1717328021848 1.0 8
1717328028025 1.0 9
1717328034347 1.0 10
1717328040524 1.0 11
1717328046852 1.0 12
1717328053167 1.0 13
1717328059532 1.0 14
1717328065757 1.0 15
1717328072052 1.0 16
1717328078334 1.0 17
1717328084589 1.0 18
1717328090802 1.0 19
1717328097035 1.0 20
1717328103397 1.0 21
1717328109696 1.0 22
1717328116058 1.0 23
1717328122386 1.0 24
1717328128685 1.0 25
1717328134953 1.0 26
1717328141308 1.0 27
1717328147462 1.0 28
1717328153815 1.0 29
1717328160076 1.0 30
1717328166365 1.0 31
1717328172730 1.0 32
1717328178967 1.0 33
1717328185300 1.0 34
1717328191308 1.0 35
1717328197403 1.0 36
1717328203316 1.0 37
1717328209574 1.0 38
1717328215880 1.0 39
1717328222029 1.0 40
1717328228022 1.0 41
1717328234168 1.0 42
1717328240104 1.0 43
1717328246348 1.0 44
1717328252321 1.0 45
1717328258364 1.0 46
1717328264298 1.0 47
1717328270168 1.0 48
1717328276098 1.0 49
1717328284096 1.0 50
1717328290621 1.0 51
1717328297010 1.0 52
1717328303287 1.0 53
1717328309623 1.0 54
1717328316067 1.0 55
1717328322451 0.9999779759938333 56
1717328328848 1.0 57
1717328335181 1.0 58
1717328341398 1.0 59
1717328347895 1.0 60
1717328354246 1.0 61
1717328360546 1.0 62
1717328366529 1.0 63
1717328372722 1.0 64
1717328378706 1.0 65
1717328384599 1.0 66
1717328390544 1.0 67
1717328396479 1.0 68
1717328402420 1.0 69
1717328408449 1.0 70
1717328414379 1.0 71
1717328421382 1.0 72
1717328427945 0.9999739888151906 73
1717328434318 1.0 74
1717328440668 1.0 75
1717328446878 1.0 76
1717328452957 1.0 77
1717328458906 1.0 78
1717328464879 1.0 79
1717328470844 1.0 80
1717328476816 1.0 81
1717328482731 1.0 82
1717328489678 1.0 83
1717328495556 1.0 84
1717328502132 1.0 85
1717328508121 1.0 86
1717328514014 1.0 87
1717328521071 1.0 88
1717328526955 1.0 89
1717328532930 1.0 90
1717328538899 1.0 91
1717328544837 1.0 92
1717328551017 1.0 93
1717328557828 1.0 94
1717328564909 1.0 95
1717328571343 1.0 96
1717328577334 1.0 97
1717328583409 1.0 98
1717328589365 1.0 99
