1717327980941 334723.0 1
1717327986728 352468.0 2
1717327992605 352478.0 3
1717327998463 352459.0 4
1717328004357 352478.0 5
1717328010190 352478.0 6
1717328016011 352478.0 7
1717328021848 352478.0 8
1717328028025 352478.0 9
1717328034347 352478.0 10
1717328040524 352478.0 11
1717328046852 352478.0 12
1717328053167 352478.0 13
1717328059532 352478.0 14
1717328065757 352478.0 15
1717328072052 352478.0 16
1717328078334 352478.0 17
1717328084589 352478.0 18
1717328090802 352478.0 19
1717328097035 352478.0 20
1717328103397 352478.0 21
1717328109696 352478.0 22
1717328116058 352478.0 23
1717328122386 352478.0 24
1717328128685 352478.0 25
1717328134953 352478.0 26
1717328141308 352478.0 27
1717328147462 352478.0 28
1717328153815 352478.0 29
1717328160076 352478.0 30
1717328166365 352478.0 31
1717328172730 352478.0 32
1717328178967 352478.0 33
1717328185300 352478.0 34
1717328191308 352478.0 35
1717328197403 352478.0 36
1717328203316 352478.0 37
1717328209574 352478.0 38
1717328215880 352478.0 39
1717328222029 352478.0 40
1717328228022 352478.0 41
1717328234168 352478.0 42
1717328240104 352478.0 43
1717328246348 352478.0 44
1717328252321 352478.0 45
1717328258364 352478.0 46
1717328264298 352478.0 47
1717328270168 352478.0 48
1717328276098 352478.0 49
1717328284096 352478.0 50
1717328290621 352478.0 51
1717328297010 352478.0 52
1717328303287 352478.0 53
1717328309623 352478.0 54
1717328316067 352478.0 55
1717328322451 352469.0 56
1717328328848 352478.0 57
1717328335181 352478.0 58
1717328341398 352478.0 59
1717328347895 352478.0 60
1717328354246 352478.0 61
1717328360546 352478.0 62
1717328366529 352478.0 63
1717328372722 352478.0 64
1717328378706 352478.0 65
1717328384599 352478.0 66
1717328390544 352478.0 67
1717328396479 352478.0 68
1717328402420 352478.0 69
1717328408449 352478.0 70
1717328414379 352478.0 71
1717328421382 352478.0 72
1717328427945 352462.0 73
1717328434318 352478.0 74
1717328440668 352478.0 75
1717328446878 352478.0 76
1717328452957 352478.0 77
1717328458906 352478.0 78
1717328464879 352478.0 79
1717328470844 352478.0 80
1717328476816 352478.0 81
1717328482731 352478.0 82
1717328489678 352478.0 83
1717328495556 352478.0 84
1717328502132 352478.0 85
1717328508121 352478.0 86
1717328514014 352478.0 87
1717328521071 352478.0 88
1717328526955 352478.0 89
1717328532930 352478.0 90
1717328538899 352478.0 91
1717328544837 352478.0 92
1717328551017 352478.0 93
1717328557828 352478.0 94
1717328564909 352478.0 95
1717328571343 352478.0 96
1717328577334 352478.0 97
1717328583409 352478.0 98
1717328589365 352478.0 99
