1717248338067 440160.0 1
1717248342376 440160.0 2
1717248346626 440160.0 3
1717248350968 440160.0 4
1717248355555 440160.0 5
1717248360207 440160.0 6
1717248364719 440160.0 7
1717248369310 440160.0 8
1717248373699 440160.0 9
1717248378332 440160.0 10
1717248383037 440160.0 11
1717248387668 440160.0 12
1717248392186 440160.0 13
1717248396931 440160.0 14
1717248401964 440160.0 15
1717248406624 440160.0 16
1717248411231 440160.0 17
1717248415614 440160.0 18
1717248420131 440160.0 19
1717248425202 440160.0 20
1717248429771 440160.0 21
1717248434500 440160.0 22
1717248439055 440160.0 23
1717248443785 440160.0 24
1717248448316 440160.0 25
1717248453072 440160.0 26
1717248457658 440160.0 27
1717248462578 440160.0 28
1717248467192 440160.0 29
1717248471755 440160.0 30
1717248476162 440160.0 31
1717248480881 440160.0 32
1717248485579 440160.0 33
1717248490077 440160.0 34
1717248494534 440160.0 35
1717248499172 440160.0 36
1717248503904 440160.0 37
1717248508529 440160.0 38
1717248513002 440160.0 39
1717248517770 440160.0 40
1717248522568 440160.0 41
1717248526970 440160.0 42
1717248531728 440160.0 43
1717248536988 440160.0 44
1717248541739 440160.0 45
1717248546470 440160.0 46
1717248551794 440160.0 47
1717248556499 440160.0 48
1717248561026 440160.0 49
1717248565741 440160.0 50
1717248570447 440160.0 51
1717248574964 440160.0 52
1717248579407 440160.0 53
1717248584210 440160.0 54
1717248588911 440160.0 55
1717248593498 440160.0 56
1717248597976 440160.0 57
1717248602623 440160.0 58
1717248607094 440160.0 59
1717248611756 440160.0 60
1717248616442 440160.0 61
1717248621007 440160.0 62
1717248625526 440160.0 63
1717248630223 440160.0 64
1717248634668 440160.0 65
1717248639284 440160.0 66
1717248643996 440160.0 67
1717248648439 440160.0 68
1717248652945 440160.0 69
1717248657672 440160.0 70
1717248662297 440160.0 71
1717248666960 440160.0 72
1717248672151 440160.0 73
1717248677011 440160.0 74
1717248681584 440160.0 75
1717248686070 440160.0 76
1717248690736 440160.0 77
1717248695303 440160.0 78
1717248699821 440160.0 79
1717248704574 440160.0 80
1717248709126 440160.0 81
1717248713802 440160.0 82
1717248718560 440160.0 83
1717248723244 440160.0 84
1717248727818 440160.0 85
1717248732235 440160.0 86
1717248736768 440160.0 87
1717248741322 440160.0 88
1717248746042 440160.0 89
1717248750680 440160.0 90
1717248755200 440160.0 91
1717248759973 440160.0 92
1717248764522 440160.0 93
1717248769225 440160.0 94
1717248773864 440160.0 95
1717248778506 440160.0 96
1717248783152 440160.0 97
1717248787886 440160.0 98
1717248792728 440160.0 99
