1717248338067 0.588811842928862 1
1717248342376 0.7018786902829414 2
1717248346626 0.7376351775315223 3
1717248350968 0.7546692228522818 4
1717248355555 0.7688972093024851 5
1717248360207 0.7790738725100734 6
1717248364719 0.7922739952122703 7
1717248369310 0.8010068745266075 8
1717248373699 0.8094197057944683 9
1717248378332 0.8189409061484445 10
1717248383037 0.8228526803857084 11
1717248387668 0.8265621453299832 12
1717248392186 0.8292507191320351 13
1717248396931 0.8317282417866785 14
1717248401964 0.8336003340149806 15
1717248406624 0.8374024036907105 16
1717248411231 0.8360434217007935 17
1717248415614 0.8385859980236534 18
1717248420131 0.8371917744640689 19
1717248425202 0.8355379566346799 20
1717248429771 0.8369058925007045 21
1717248434500 0.8375145447613237 22
1717248439055 0.8392157158719398 23
1717248443785 0.8369851339484097 24
1717248448316 0.8394175387368433 25
1717248453072 0.8388665116351796 26
1717248457658 0.8410434579398486 27
1717248462578 0.8428480698281607 28
1717248467192 0.8425741720034926 29
1717248471755 0.8443565965542357 30
1717248476162 0.8450575275176142 31
1717248480881 0.8449294235306924 32
1717248485579 0.8479160860354825 33
1717248490077 0.8484145866687934 34
1717248494534 0.8485903910819123 35
1717248499172 0.8505465638766188 36
1717248503904 0.8504397086759939 37
1717248508529 0.8512529069302459 38
1717248513002 0.853574475918229 39
1717248517770 0.8549250876922769 40
1717248522568 0.8558967378988405 41
1717248526970 0.8558507541285452 42
1717248531728 0.8577164048168794 43
1717248536988 0.8582208430055844 44
1717248541739 0.8614181644309558 45
1717248546470 0.8599580074787435 46
1717248551794 0.8617532935476374 47
1717248556499 0.8615216933336306 48
1717248561026 0.8647055080777931 49
1717248565741 0.8641011717193628 50
1717248570447 0.8638541729039315 51
1717248574964 0.8659705031555828 52
1717248579407 0.8655744185053713 53
1717248584210 0.8671591245082303 54
1717248588911 0.8684073598997704 55
1717248593498 0.8698043349048776 56
1717248597976 0.8705782062347941 57
1717248602623 0.8724974258098391 58
1717248607094 0.8701852085523122 59
1717248611756 0.873078071597106 60
1717248616442 0.8735009419757495 61
1717248621007 0.8734704598151197 62
1717248625526 0.8732387279115572 63
1717248630223 0.8732610719631057 64
1717248634668 0.8749757095726161 65
1717248639284 0.875883978200416 66
1717248643996 0.8761043883368428 67
1717248648439 0.8764227370374004 68
1717248652945 0.8766366111812287 69
1717248657672 0.8784316004964081 70
1717248662297 0.8777515498794842 71
1717248666960 0.877583464108407 72
1717248672151 0.8794639317319225 73
1717248677011 0.8797259772187916 74
1717248681584 0.8799476963366538 75
1717248686070 0.880130909688273 76
1717248690736 0.8816867987265687 77
1717248695303 0.8820047425536314 78
1717248699821 0.8833615445643771 79
1717248704574 0.8816900763822362 80
1717248709126 0.8839655946348681 81
1717248713802 0.884582926192316 82
1717248718560 0.8835486530790848 83
1717248723244 0.8847212973878268 84
1717248727818 0.8845586344153615 85
1717248732235 0.8853473372666255 86
1717248736768 0.8855390743101429 87
1717248741322 0.8845370618112901 88
1717248746042 0.8857126011342064 89
1717248750680 0.8868883528754317 90
1717248755200 0.8868684502838645 91
1717248759973 0.8878864893759288 92
1717248764522 0.8868086142073645 93
1717248769225 0.8869111740053575 94
1717248773864 0.8882046042055535 95
1717248778506 0.8884950816023617 96
1717248783152 0.8883981744766589 97
1717248787886 0.891290160316667 98
1717248792728 0.8884320506552222 99
