1717248338067 0.3351305849426977 1
1717248342376 0.48175090273464394 2
1717248346626 0.5728007361655966 3
1717248350968 0.6146024524338202 4
1717248355555 0.6441669964257789 5
1717248360207 0.6669137494664282 6
1717248364719 0.6889961101234485 7
1717248369310 0.7039373810873156 8
1717248373699 0.7179086486785077 9
1717248378332 0.7303335974883836 10
1717248383037 0.7390614717304755 11
1717248387668 0.7471998239508543 12
1717248392186 0.7556506782501797 13
1717248396931 0.763069368620722 14
1717248401964 0.77044766233451 15
1717248406624 0.78044916900568 16
1717248411231 0.784548328164853 17
1717248415614 0.7910217306352417 18
1717248420131 0.7950496841388711 19
1717248425202 0.7974957859271625 20
1717248429771 0.8033605817247423 21
1717248434500 0.80794610103724 22
1717248439055 0.8116474084662447 23
1717248443785 0.8109228278460324 24
1717248448316 0.8165794976496381 25
1717248453072 0.8173045584604103 26
1717248457658 0.8210068050793592 27
1717248462578 0.8243020184271614 28
1717248467192 0.8258258683953913 29
1717248471755 0.829203335726366 30
1717248476162 0.8295951330171375 31
1717248480881 0.8305779639181068 32
1717248485579 0.8340661064356234 33
1717248490077 0.8365341205323021 34
1717248494534 0.8375200885641331 35
1717248499172 0.8394252994710699 36
1717248503904 0.838901879896191 37
1717248508529 0.8416525925671259 38
1717248513002 0.8440416394536905 39
1717248517770 0.8456813890311543 40
1717248522568 0.8470447040214184 41
1717248526970 0.8475578239920263 42
1717248531728 0.8491062717194091 43
1717248536988 0.8500706566167059 44
1717248541739 0.8527642241774406 45
1717248546470 0.8515923408193944 46
1717248551794 0.8544789609980691 47
1717248556499 0.8541352475614978 48
1717248561026 0.8578061388626095 49
1717248565741 0.8569209071976681 50
1717248570447 0.8560711278354194 51
1717248574964 0.8606195184933743 52
1717248579407 0.859646408838552 53
1717248584210 0.8600560618994296 54
1717248588911 0.862514861198546 55
1717248593498 0.864036766589391 56
1717248597976 0.8642977287902054 57
1717248602623 0.865743419800149 58
1717248607094 0.8647515035203057 59
1717248611756 0.867867796352307 60
1717248616442 0.8666894420795177 61
1717248621007 0.8677491515565593 62
1717248625526 0.8685819836729964 63
1717248630223 0.8686625952489431 64
1717248634668 0.8696529742497853 65
1717248639284 0.8709655802607874 66
1717248643996 0.8710092481927472 67
1717248648439 0.871742158677532 68
1717248652945 0.8713441667719112 69
1717248657672 0.8739346824283357 70
1717248662297 0.8738022689556055 71
1717248666960 0.8737737286703474 72
1717248672151 0.8744238075767733 73
1717248677011 0.8755302369979613 74
1717248681584 0.8756675694523103 75
1717248686070 0.877519477247854 76
1717248690736 0.8777009273588444 77
1717248695303 0.8786188659992756 78
1717248699821 0.8796793965421217 79
1717248704574 0.8781876280363385 80
1717248709126 0.8807507107518514 81
1717248713802 0.8810559416009193 82
1717248718560 0.8801123230849328 83
1717248723244 0.8817395327975587 84
1717248727818 0.8800098370432138 85
1717248732235 0.8824553211142706 86
1717248736768 0.8824499336559327 87
1717248741322 0.883049956181555 88
1717248746042 0.8825163446135686 89
1717248750680 0.8842751380724029 90
1717248755200 0.8841449391765012 91
1717248759973 0.8847339723701613 92
1717248764522 0.8839936669682121 93
1717248769225 0.8849953818754162 94
1717248773864 0.8858131457531156 95
1717248778506 0.8859500539702357 96
1717248783152 0.8863439276487302 97
1717248787886 0.8888154593842793 98
1717248792728 0.8862749942981725 99
