1717712983156 749755.0 1
1717712992198 749755.0 2
1717713000866 749755.0 3
1717713009962 749755.0 4
1717713019299 749755.0 5
1717713028473 749755.0 6
1717713038149 749755.0 7
1717713047465 749755.0 8
1717713056812 749755.0 9
1717713065659 749755.0 10
1717713074997 749755.0 11
1717713083541 749755.0 12
1717713092692 749755.0 13
1717713101934 749755.0 14
1717713110693 749755.0 15
1717713119450 749755.0 16
1717713128690 749755.0 17
1717713137899 749755.0 18
1717713147531 749755.0 19
1717713156710 749755.0 20
1717713165584 749755.0 21
1717713174378 749755.0 22
1717713183268 749755.0 23
1717713192453 749755.0 24
1717713202202 749755.0 25
1717713210958 749755.0 26
1717713219680 749755.0 27
1717713228499 749755.0 28
1717713237802 749755.0 29
1717713247221 749755.0 30
1717713256929 749755.0 31
1717713265875 749755.0 32
1717713275298 749755.0 33
1717713284695 749755.0 34
1717713293809 749755.0 35
1717713302564 749755.0 36
1717713311859 749755.0 37
1717713321419 749755.0 38
1717713330108 749755.0 39
1717713339417 749755.0 40
1717713348286 749755.0 41
1717713357257 749755.0 42
1717713365912 749755.0 43
1717713375295 749755.0 44
1717713384118 749755.0 45
1717713393007 749755.0 46
1717713401804 749755.0 47
1717713410316 749755.0 48
1717713419299 749755.0 49
1717713428126 749755.0 50
1717713436922 749755.0 51
1717713446018 749755.0 52
1717713454948 749755.0 53
1717713463449 749755.0 54
1717713472217 749755.0 55
1717713480819 749755.0 56
1717713489679 749755.0 57
1717713498945 749755.0 58
1717713508032 749755.0 59
1717713516278 749755.0 60
1717713524920 749755.0 61
1717713533869 749755.0 62
1717713542230 749755.0 63
1717713551674 749755.0 64
1717713560415 749755.0 65
1717713569854 749755.0 66
1717713579961 749755.0 67
1717713588911 749755.0 68
1717713599283 749755.0 69
1717713609097 749755.0 70
1717713619296 749755.0 71
1717713629526 749755.0 72
1717713639396 749755.0 73
1717713647850 749755.0 74
1717713657724 749755.0 75
1717713668020 749755.0 76
1717713676604 749755.0 77
1717713686373 749755.0 78
1717713695281 749755.0 79
1717713704804 749755.0 80
1717713713876 749755.0 81
1717713723626 749755.0 82
1717713733543 749755.0 83
1717713743657 749755.0 84
1717713753625 749755.0 85
1717713764119 749755.0 86
1717713774135 749755.0 87
1717713784044 749755.0 88
1717713794038 749755.0 89
1717713803773 749755.0 90
1717713813438 749755.0 91
1717713823804 749755.0 92
1717713833543 749755.0 93
1717713842270 749755.0 94
1717713851653 749755.0 95
1717713860677 749755.0 96
1717713869629 749755.0 97
1717713879276 749755.0 98
1717713887981 749755.0 99
