1717712983156 0.4987401887804314 1
1717712992198 0.6052886632287051 2
1717713000866 0.6444367949753922 3
1717713009962 0.6662466263524736 4
1717713019299 0.6796496665693835 5
1717713028473 0.6888841914918873 6
1717713038149 0.6958014605360485 7
1717713047465 0.7016575893790671 8
1717713056812 0.7068009296621139 9
1717713065659 0.7118920196005211 10
1717713074997 0.7169056855145177 11
1717713083541 0.722775460973451 12
1717713092692 0.7276075516396665 13
1717713101934 0.7309933959308929 14
1717713110693 0.7345283207693639 15
1717713119450 0.7384184874752188 16
1717713128690 0.7422236909739545 17
1717713137899 0.7451089930664758 18
1717713147531 0.7479244591720129 19
1717713156710 0.7499459297159841 20
1717713165584 0.7530115151849373 21
1717713174378 0.756155115783615 22
1717713183268 0.7587355452501628 23
1717713192453 0.7615690744908328 24
1717713202202 0.7649439507465462 25
1717713210958 0.7671661290181351 26
1717713219680 0.7694253701007273 27
1717713228499 0.7724109424265664 28
1717713237802 0.7748218867549849 29
1717713247221 0.7769609844859227 30
1717713256929 0.7786131013903849 31
1717713265875 0.7806946516823361 32
1717713275298 0.7823091849687669 33
1717713284695 0.7834341012168611 34
1717713293809 0.7851858806287172 35
1717713302564 0.786847997663712 36
1717713311859 0.7879430488080406 37
1717713321419 0.7893868523474894 38
1717713330108 0.7902563547405709 39
1717713339417 0.7914134917880992 40
1717713348286 0.7919492444750329 41
1717713357257 0.7931418061881397 42
1717713365912 0.7938843748185714 43
1717713375295 0.7944812148320435 44
1717713384118 0.7951705901641549 45
1717713393007 0.7958554657796749 46
1717713401804 0.7971060265517657 47
1717713410316 0.7979164307939864 48
1717713419299 0.7979216356298687 49
1717713428126 0.7980770011463364 50
1717713436922 0.7988383249358314 51
1717713446018 0.7986089078375834 52
1717713454948 0.7993715373435459 53
1717713463449 0.7999083119533367 54
1717713472217 0.8006021388929128 55
1717713480819 0.8010647241731537 56
1717713489679 0.8014896456621694 57
1717713498945 0.8017974969922677 58
1717713508032 0.8019792186277009 59
1717713516278 0.8030439521488497 60
1717713524920 0.8035823160056378 61
1717713533869 0.8041446189567084 62
1717713542230 0.8043857430073721 63
1717713551674 0.8045801356733693 64
1717713560415 0.8050464682674442 65
1717713569854 0.8053575436940044 66
1717713579961 0.8056151633653884 67
1717713588911 0.8056917928824731 68
1717713599283 0.806176170376659 69
1717713609097 0.8065433839261027 70
1717713619296 0.8068951941551296 71
1717713629526 0.8070436603217429 72
1717713639396 0.8077206606159023 73
1717713647850 0.8078785422251283 74
1717713657724 0.8083543446568664 75
1717713668020 0.8085758074828039 76
1717713676604 0.8088663021530759 77
1717713686373 0.8093456533088073 78
1717713695281 0.8097123684692097 79
1717713704804 0.8097807542322736 80
1717713713876 0.8099064430824999 81
1717713723626 0.8100515641270519 82
1717713733543 0.8103372229136085 83
1717713743657 0.8110380551230331 84
1717713753625 0.8110787045924455 85
1717713764119 0.8113012347035236 86
1717713774135 0.8111009600052288 87
1717713784044 0.8114397439072027 88
1717713794038 0.811405941044283 89
1717713803773 0.8117615565014931 90
1717713813438 0.8118994640023764 91
1717713823804 0.8124012487765689 92
1717713833543 0.8124598309236026 93
1717713842270 0.8128353389157199 94
1717713851653 0.8129761130682103 95
1717713860677 0.812967933492986 96
1717713869629 0.8132359798984177 97
1717713879276 0.8136470339327009 98
1717713887981 0.8136693830335859 99
