1717229269645 22898.0 1
1717229272141 12015.0 2
1717229274591 16106.0 3
1717229277140 19566.0 4
1717229279636 21101.0 5
1717229282087 21711.0 6
1717229284583 22125.0 7
1717229287080 22079.0 8
1717229289590 22718.0 9
1717229292087 22871.0 10
1717229294570 23098.0 11
1717229297073 23063.0 12
1717229299561 23104.0 13
1717229302025 23117.0 14
1717229304507 23179.0 15
1717229306961 23102.0 16
1717229309483 23242.0 17
1717229311970 23422.0 18
1717229314449 23164.0 19
1717229316926 23267.0 20
1717229319385 23186.0 21
1717229321960 23452.0 22
1717229324486 23262.0 23
1717229327009 23340.0 24
1717229329456 23229.0 25
1717229331900 23401.0 26
1717229334385 23490.0 27
1717229336872 23387.0 28
1717229339456 23516.0 29
1717229342155 23450.0 30
1717229344712 23399.0 31
1717229347311 23529.0 32
1717229349847 23539.0 33
1717229352344 23483.0 34
1717229354865 23536.0 35
1717229357729 23328.0 36
1717229360712 23585.0 37
1717229363575 23478.0 38
1717229366520 23503.0 39
1717229369440 23622.0 40
1717229372429 23487.0 41
1717229375340 23365.0 42
1717229378300 23402.0 43
1717229380927 23589.0 44
1717229383360 23537.0 45
1717229385789 23488.0 46
1717229388471 23660.0 47
1717229391062 23737.0 48
1717229393681 23663.0 49
1717229396267 23635.0 50
1717229398947 23610.0 51
1717229401650 23603.0 52
1717229404256 23778.0 53
1717229406837 23827.0 54
1717229409428 23793.0 55
1717229412009 23795.0 56
1717229414579 23910.0 57
1717229417139 23813.0 58
1717229419738 23720.0 59
1717229422339 23941.0 60
1717229424995 23899.0 61
1717229427587 23941.0 62
1717229430159 23941.0 63
1717229432734 23879.0 64
1717229435522 24100.0 65
1717229438168 24040.0 66
1717229440729 23984.0 67
1717229443168 24098.0 68
1717229445582 24072.0 69
1717229448007 24106.0 70
1717229450442 24116.0 71
1717229452834 24157.0 72
1717229455251 24311.0 73
1717229457746 24202.0 74
1717229460216 24313.0 75
1717229462611 24140.0 76
1717229465108 24372.0 77
1717229467510 24374.0 78
1717229470185 24252.0 79
1717229472551 24336.0 80
1717229474995 24410.0 81
1717229477338 24169.0 82
1717229479740 24190.0 83
1717229482175 24305.0 84
1717229484599 24434.0 85
1717229486994 24504.0 86
1717229489374 24412.0 87
1717229491808 24464.0 88
1717229494217 24479.0 89
1717229496634 24421.0 90
1717229499026 24558.0 91
1717229501418 24570.0 92
1717229503832 24458.0 93
1717229506256 24513.0 94
1717229508672 24642.0 95
1717229511027 24701.0 96
1717229513448 24562.0 97
1717229515776 24674.0 98
1717229518246 24554.0 99
