1717229269645 289972.0 1
1717229272141 300855.0 2
1717229274591 296764.0 3
1717229277140 293304.0 4
1717229279636 291769.0 5
1717229282087 291159.0 6
1717229284583 290745.0 7
1717229287080 290791.0 8
1717229289590 290152.0 9
1717229292087 289999.0 10
1717229294570 289772.0 11
1717229297073 289807.0 12
1717229299561 289766.0 13
1717229302025 289753.0 14
1717229304507 289691.0 15
1717229306961 289768.0 16
1717229309483 289628.0 17
1717229311970 289448.0 18
1717229314449 289706.0 19
1717229316926 289603.0 20
1717229319385 289684.0 21
1717229321960 289418.0 22
1717229324486 289608.0 23
1717229327009 289530.0 24
1717229329456 289641.0 25
1717229331900 289469.0 26
1717229334385 289380.0 27
1717229336872 289483.0 28
1717229339456 289354.0 29
1717229342155 289420.0 30
1717229344712 289471.0 31
1717229347311 289341.0 32
1717229349847 289331.0 33
1717229352344 289387.0 34
1717229354865 289334.0 35
1717229357729 289542.0 36
1717229360712 289285.0 37
1717229363575 289392.0 38
1717229366520 289367.0 39
1717229369440 289248.0 40
1717229372429 289383.0 41
1717229375340 289505.0 42
1717229378300 289468.0 43
1717229380927 289281.0 44
1717229383360 289333.0 45
1717229385789 289382.0 46
1717229388471 289210.0 47
1717229391062 289133.0 48
1717229393681 289207.0 49
1717229396267 289235.0 50
1717229398947 289260.0 51
1717229401650 289267.0 52
1717229404256 289092.0 53
1717229406837 289043.0 54
1717229409428 289077.0 55
1717229412009 289075.0 56
1717229414579 288960.0 57
1717229417139 289057.0 58
1717229419738 289150.0 59
1717229422339 288929.0 60
1717229424995 288971.0 61
1717229427587 288929.0 62
1717229430159 288929.0 63
1717229432734 288991.0 64
1717229435522 288770.0 65
1717229438168 288830.0 66
1717229440729 288886.0 67
1717229443168 288772.0 68
1717229445582 288798.0 69
1717229448007 288764.0 70
1717229450442 288754.0 71
1717229452834 288713.0 72
1717229455251 288559.0 73
1717229457746 288668.0 74
1717229460216 288557.0 75
1717229462611 288730.0 76
1717229465108 288498.0 77
1717229467510 288496.0 78
1717229470185 288618.0 79
1717229472551 288534.0 80
1717229474995 288460.0 81
1717229477338 288701.0 82
1717229479740 288680.0 83
1717229482175 288565.0 84
1717229484599 288436.0 85
1717229486994 288366.0 86
1717229489374 288458.0 87
1717229491808 288406.0 88
1717229494217 288391.0 89
1717229496634 288449.0 90
1717229499026 288312.0 91
1717229501418 288300.0 92
1717229503832 288412.0 93
1717229506256 288357.0 94
1717229508672 288228.0 95
1717229511027 288169.0 96
1717229513448 288308.0 97
1717229515776 288196.0 98
1717229518246 288316.0 99
