1717083676638 0.0 1
1717083677620 0.0 2
1717083678615 0.0 3
1717083679604 0.0 4
1717083680604 0.0 5
1717083681598 0.0 6
1717083682619 0.0 7
1717083683624 0.0 8
1717083684626 0.0 9
1717083685624 0.0 10
1717083686633 0.0 11
1717083687639 0.0 12
1717083688645 0.0 13
1717083689643 0.0 14
1717083690636 0.0 15
1717083691634 0.0 16
1717083692636 0.0 17
1717083693634 0.0 18
1717083694634 0.0 19
1717083695625 0.0 20
1717083696631 0.0 21
1717083697636 0.0 22
1717083698638 0.0 23
1717083699640 0.0 24
1717083700638 0.0 25
1717083701640 0.0 26
1717083702642 0.0 27
1717083703642 0.0 28
1717083704650 0.0 29
1717083705649 0.0 30
1717083706653 0.0 31
1717083707669 0.0 32
1717083708668 0.0 33
1717083709673 0.0 34
1717083710686 0.0 35
1717083711737 0.0 36
1717083712732 0.0 37
1717083713740 0.0 38
1717083714743 0.0 39
1717083715751 0.0 40
1717083716779 0.0 41
1717083717794 0.0 42
1717083718804 0.0 43
1717083719850 0.0 44
1717083720866 0.0 45
1717083721870 0.0 46
1717083722869 0.0 47
1717083723875 0.0 48
1717083724883 0.0 49
1717083725887 0.0 50
1717083726902 0.0 51
1717083727910 0.0 52
1717083728919 0.0 53
1717083729935 0.0 54
1717083730948 0.0 55
1717083731956 0.0 56
1717083732975 0.0 57
1717083733998 0.0 58
1717083735026 0.0 59
1717083736047 0.0 60
1717083737085 0.0 61
1717083738119 0.0 62
1717083739152 0.0021008403361344537 63
1717083740181 0.0 64
1717083741227 0.0 65
1717083742545 0.0 66
1717083743899 0.0 67
1717083745249 0.004481792717086834 68
1717083746632 0.006980089333030509 69
1717083747953 0.01014966144079596 70
1717083749274 0.013917322351314015 71
1717083750661 0.013917322351314015 72
1717083752133 0.013917322351314015 73
1717083753655 0.016981914524817083 74
1717083755232 0.028598392823957562 75
1717083756603 0.029944746228422348 76
1717083757970 0.03236605373447562 77
1717083759334 0.035665294909005475 78
1717083760660 0.03921586153958817 79
1717083761958 0.04748275923708261 80
1717083763333 0.06033344952242792 81
1717083764708 0.05018602394908094 82
1717083766063 0.04832786044332108 83
1717083767411 0.05018602394908094 84
1717083768774 0.05018602394908094 85
1717083770141 0.05018602394908094 86
1717083771542 0.05018602394908094 87
1717083772902 0.05018602394908094 88
1717083774287 0.05018602394908094 89
1717083775623 0.05018602394908094 90
1717083776986 0.06033344952242792 91
1717083778371 0.05018602394908094 92
1717083779729 0.05018602394908094 93
1717083781395 0.05018602394908094 94
1717083782771 0.06123131288967209 95
1717083784126 0.05018602394908094 96
1717083785497 0.05018602394908094 97
1717083786853 0.05018602394908094 98
1717083788203 0.05018602394908094 99
