1717344058948 0.594074626466478 1
1717344060816 0.8261016878085384 2
1717344062628 0.8101360443568433 3
1717344064505 0.8122359535674507 4
1717344066368 0.8255521010941951 5
1717344068227 0.834515526902217 6
1717344070112 0.8480720540667536 7
1717344071970 0.8696080646247407 8
1717344073855 0.8889010114702464 9
1717344075705 0.8905525875597424 10
1717344077785 0.8877457143314988 11
1717344079867 0.8860624432364823 12
1717344081870 0.8837605782833762 13
1717344084214 0.8833768209669368 14
1717344086196 0.8834928054036422 15
1717344088119 0.882309717797262 16
1717344090037 0.8833100602969102 17
1717344091937 0.8845507833418288 18
1717344093905 0.8852691331629008 19
1717344095771 0.8854462777601311 20
1717344097661 0.884790104361641 21
1717344099609 0.8862941663703925 22
1717344101493 0.8874067484706412 23
1717344103439 0.8884794943616613 24
1717344105294 0.8896217816414617 25
1717344107118 0.8890993902660186 26
1717344109006 0.8888592603194956 27
1717344110824 0.8895644037218611 28
1717344112669 0.8901028919859169 29
1717344114600 0.8909970730407891 30
1717344116448 0.8917959387706115 31
1717344118273 0.8922953781309073 32
1717344120222 0.8927673726348999 33
1717344122163 0.8934538020991527 34
1717344124078 0.8943972160210005 35
1717344125945 0.8953964055680032 36
1717344127841 0.896209142687497 37
1717344129818 0.8970775577288719 38
1717344131735 0.8982019018923607 39
1717344133604 0.8990392983573714 40
1717344135450 0.9000881719220359 41
1717344137277 0.9007295147074286 42
1717344139067 0.9014098585221397 43
1717344140905 0.9020626187493476 44
1717344142750 0.9028350891804787 45
1717344144539 0.9035505831968341 46
1717344146449 0.9042786015019769 47
1717344148301 0.9051484949464772 48
1717344150096 0.905984728204517 49
1717344151982 0.906792347529457 50
1717344153904 0.9074798302891889 51
1717344155835 0.9081128993781995 52
1717344157729 0.9089270488856346 53
1717344159577 0.909742525586606 54
1717344161481 0.9108365599532104 55
1717344163435 0.9137307321569279 56
1717344165326 0.9151163663597403 57
1717344167204 0.9174195278813583 58
1717344169045 0.9196743001885499 59
1717344170875 0.922438883434735 60
1717344172862 0.9245024804049081 61
1717344174749 0.9264535868792106 62
1717344176622 0.9283884110783389 63
1717344178599 0.9303427250271786 64
1717344180526 0.9321222524430497 65
1717344182551 0.9331988090095507 66
1717344184421 0.9334473408157 67
1717344186257 0.9333941820415611 68
1717344188140 0.9338378827198274 69
1717344190033 0.9346854119073029 70
1717344191952 0.9356440215851992 71
1717344193893 0.9361651929428297 72
1717344195799 0.9370389615406034 73
1717344197675 0.9373729954521882 74
1717344199522 0.9382280961711587 75
1717344201409 0.9385604609348446 76
1717344203441 0.9387928041218708 77
1717344205304 0.9392220094716403 78
1717344207165 0.9393047055460326 79
1717344209107 0.9394118518601124 80
1717344210906 0.9397357413971871 81
1717344212797 0.9397497778952562 82
1717344214693 0.9400212681480032 83
1717344216570 0.9404672760501195 84
1717344218454 0.9406004691221035 85
1717344220314 0.9410037645908572 86
1717344222147 0.9410482680671678 87
1717344224099 0.9411998812322632 88
1717344225996 0.941409663521028 89
1717344227981 0.9415555507512393 90
1717344229846 0.9419852632843386 91
1717344231704 0.9420924465957837 92
1717344233610 0.9422433235439187 93
1717344235521 0.9423183656541492 94
1717344237324 0.942479717507411 95
1717344239244 0.9425896194126272 96
1717344241121 0.9426146766503026 97
1717344243041 0.9426471356677938 98
1717344245026 0.9427528314433876 99
