1717344058948 1.3821107149124146 1
1717344060816 1.3698102235794067 2
1717344062628 1.3569711446762085 3
1717344064505 1.3414984941482544 4
1717344066368 1.3181226253509521 5
1717344068227 1.279699444770813 6
1717344070112 1.2172799110412598 7
1717344071970 1.1256769895553589 8
1717344073855 1.0519840717315674 9
1717344075705 1.02134108543396 10
1717344077785 1.0045033693313599 11
1717344079867 0.9923670291900635 12
1717344081870 0.9825904369354248 13
1717344084214 0.9753628373146057 14
1717344086196 0.9684005379676819 15
1717344088119 0.9614061117172241 16
1717344090037 0.9535125494003296 17
1717344091937 0.9453696608543396 18
1717344093905 0.9368555545806885 19
1717344095771 0.927851140499115 20
1717344097661 0.9186944961547852 21
1717344099609 0.9086567163467407 22
1717344101493 0.8963307738304138 23
1717344103439 0.8790953755378723 24
1717344105294 0.8570660352706909 25
1717344107118 0.8334755301475525 26
1717344109006 0.8156074285507202 27
1717344110824 0.8010416626930237 28
1717344112669 0.7888498902320862 29
1717344114600 0.7782460451126099 30
1717344116448 0.7694357633590698 31
1717344118273 0.7617024779319763 32
1717344120222 0.7544815540313721 33
1717344122163 0.7475523352622986 34
1717344124078 0.7407203316688538 35
1717344125945 0.7343686819076538 36
1717344127841 0.7285486459732056 37
1717344129818 0.72292560338974 38
1717344131735 0.7176246643066406 39
1717344133604 0.7125793695449829 40
1717344135450 0.7077723145484924 41
1717344137277 0.703170120716095 42
1717344139067 0.6986218690872192 43
1717344140905 0.694269061088562 44
1717344142750 0.6898390650749207 45
1717344144539 0.6854968667030334 46
1717344146449 0.681404709815979 47
1717344148301 0.6772695779800415 48
1717344150096 0.6730822920799255 49
1717344151982 0.668964147567749 50
1717344153904 0.6648639440536499 51
1717344155835 0.6608057022094727 52
1717344157729 0.6564210057258606 53
1717344159577 0.6519779562950134 54
1717344161481 0.6468007564544678 55
1717344163435 0.6393775939941406 56
1717344165326 0.6336501836776733 57
1717344167204 0.6283038258552551 58
1717344169045 0.6227149963378906 59
1717344170875 0.6169562935829163 60
1717344172862 0.6109980940818787 61
1717344174749 0.6051413416862488 62
1717344176622 0.5987799763679504 63
1717344178599 0.5925279259681702 64
1717344180526 0.586121141910553 65
1717344182551 0.5796599984169006 66
1717344184421 0.5728520750999451 67
1717344186257 0.565994143486023 68
1717344188140 0.55914705991745 69
1717344190033 0.5520509481430054 70
1717344191952 0.5464053750038147 71
1717344193893 0.5416808724403381 72
1717344195799 0.5366696119308472 73
1717344197675 0.5322077870368958 74
1717344199522 0.5278617143630981 75
1717344201409 0.5237511992454529 76
1717344203441 0.5201647877693176 77
1717344205304 0.5165277123451233 78
1717344207165 0.5133671164512634 79
1717344209107 0.5107086896896362 80
1717344210906 0.5080444812774658 81
1717344212797 0.5055661797523499 82
1717344214693 0.5035828351974487 83
1717344216570 0.5013991594314575 84
1717344218454 0.4993608295917511 85
1717344220314 0.4973176121711731 86
1717344222147 0.4954286217689514 87
1717344224099 0.49369004368782043 88
1717344225996 0.4919082820415497 89
1717344227981 0.4896749258041382 90
1717344229846 0.4876904785633087 91
1717344231704 0.4857470393180847 92
1717344233610 0.4838118851184845 93
1717344235521 0.4819062650203705 94
1717344237324 0.4802989959716797 95
1717344239244 0.4786906838417053 96
1717344241121 0.4774734675884247 97
1717344243041 0.4760572016239166 98
1717344245026 0.4746042788028717 99
