1716237224938 0.7543179148088817 1
1716237230350 0.8875750911239256 2
1716237235662 0.9018960904312748 3
1716237241295 0.9084633788278642 4
1716237246697 0.9136454528284117 5
1716237251969 0.9162915866990569 6
1716237257208 0.9166690371749932 7
1716237262545 0.9173776003788162 8
1716237267862 0.9100031551665541 9
1716237273709 0.9094820851405456 10
1716237279225 0.915254866947849 11
1716237284744 0.9174354009412801 12
1716237290335 0.9200813784575851 13
1716237295728 0.9188099442178329 14
1716237301568 0.918941040825017 15
1716237307475 0.9215219522494673 16
1716237312815 0.9214355825087736 17
1716237318647 0.9218446571423835 18
1716237324098 0.9208401716833173 19
1716237329989 0.9227180874970013 20
1716237335625 0.910799313267018 21
1716237342456 0.9202289312354511 22
1716237348293 0.9231877590105444 23
1716237353674 0.9250810295390965 24
1716237359203 0.9251163117267629 25
1716237364807 0.9250588739649778 26
1716237370450 0.9256441414844299 27
1716237376197 0.9252772853085472 28
1716237381658 0.9261326471337321 29
1716237387296 0.9232742890442663 30
1716237392840 0.9278618817372462 31
1716237398826 0.9260284130210464 32
1716237405662 0.9285470903095392 33
1716237411334 0.929555421890546 34
1716237416874 0.9293786583201904 35
1716237422405 0.9295848944374482 36
1716237428039 0.929621030966716 37
1716237433683 0.9306419105538694 38
1716237439129 0.9248547521641672 39
1716237444786 0.9299633352771567 40
1716237450357 0.9306629244909496 41
1716237455926 0.9304226646350846 42
1716237462906 0.9332330040878651 43
1716237468584 0.9314666118097292 44
1716237474095 0.930233800119812 45
1716237479645 0.9332066921726855 46
1716237485229 0.9311145486123109 47
1716237491104 0.9308328155079119 48
1716237496651 0.9315219190075519 49
1716237502210 0.9348688513432662 50
1716237507817 0.9294078599056042 51
1716237513366 0.9332510194322472 52
1716237518866 0.928183523339789 53
1716237524538 0.9312469422394497 54
1716237530142 0.9314978419459218 55
1716237535583 0.932355379700237 56
1716237541033 0.9336926396196115 57
1716237546650 0.9340154020686234 58
1716237552206 0.9360976669115484 59
1716237557908 0.9346213060703755 60
1716237563600 0.8979267663290756 61
1716237569111 0.9267211605607707 62
1716237574696 0.9292679419567571 63
1716237580235 0.9321984115894597 64
1716237587050 0.931089891655532 65
1716237592749 0.9343854078774678 66
1716237598284 0.933651015118935 67
1716237603794 0.9359961913014524 68
1716237609248 0.9362530047175852 69
1716237615037 0.9350757370020938 70
1716237620622 0.9366298216461661 71
1716237626268 0.9349039301759933 72
1716237631965 0.9368813266201997 73
1716237637522 0.9367997517195508 74
1716237643847 0.9378095598919527 75
1716237649501 0.9375769380211707 76
1716237655077 0.9375794431306985 77
1716237660766 0.9376900628398397 78
1716237666449 0.9393461876760881 79
1716237673242 0.9410223953563334 80
1716237678750 0.9416937036529086 81
1716237684595 0.9420609257358075 82
1716237690207 0.9418614693919329 83
1716237695936 0.9417489817495011 84
1716237701669 0.9411012291585183 85
1716237708846 0.9391335693244768 86
1716237714431 0.9404856112037207 87
1716237719846 0.9401297941964686 88
1716237725570 0.9402937262050265 89
1716237731305 0.9408530502597671 90
1716237737123 0.9370545192614628 91
1716237742841 0.9357704505636725 92
1716237748420 0.9385126299359242 93
1716237754172 0.9397702047034975 94
1716237759870 0.9401147649813592 95
1716237765590 0.9438199385402033 96
1716237772179 0.942216003322821 97
1716237777856 0.9412589379949611 98
1716237783970 0.9431092172902291 99
