1716237224938 1.1781303882598877 1
1716237230350 0.7675518989562988 2
1716237235662 0.653234601020813 3
1716237241295 0.5833001136779785 4
1716237246697 0.5321693420410156 5
1716237251969 0.5048953890800476 6
1716237257208 0.4911823868751526 7
1716237262545 0.48276594281196594 8
1716237267862 0.5214782357215881 9
1716237273709 0.524686336517334 10
1716237279225 0.47929292917251587 11
1716237284744 0.46876955032348633 12
1716237290335 0.4537127614021301 13
1716237295728 0.46207383275032043 14
1716237301568 0.4496510326862335 15
1716237307475 0.44085219502449036 16
1716237312815 0.43799903988838196 17
1716237318647 0.43433839082717896 18
1716237324098 0.44008103013038635 19
1716237329989 0.428555965423584 20
1716237335625 0.5169530510902405 21
1716237342456 0.4638945758342743 22
1716237348293 0.424323707818985 23
1716237353674 0.4174526333808899 24
1716237359203 0.41558441519737244 25
1716237364807 0.4120328724384308 26
1716237370450 0.4131717085838318 27
1716237376197 0.4156959652900696 28
1716237381658 0.4130435287952423 29
1716237387296 0.43115800619125366 30
1716237392840 0.40362051129341125 31
1716237398826 0.41075262427330017 32
1716237405662 0.4020192325115204 33
1716237411334 0.3991152048110962 34
1716237416874 0.3981427848339081 35
1716237422405 0.3998831808567047 36
1716237428039 0.4001918137073517 37
1716237433683 0.39282363653182983 38
1716237439129 0.4121524691581726 39
1716237444786 0.4027729630470276 40
1716237450357 0.39205190539360046 41
1716237455926 0.39137595891952515 42
1716237462906 0.3832787573337555 43
1716237468584 0.3961375653743744 44
1716237474095 0.3950338065624237 45
1716237479645 0.38526543974876404 46
1716237485229 0.3990919291973114 47
1716237491104 0.3886340260505676 48
1716237496651 0.39440321922302246 49
1716237502210 0.3800606429576874 50
1716237507817 0.4043532907962799 51
1716237513366 0.3844972252845764 52
1716237518866 0.42093557119369507 53
1716237524538 0.39722687005996704 54
1716237530142 0.3961065113544464 55
1716237535583 0.3925313353538513 56
1716237541033 0.3839848041534424 57
1716237546650 0.38904672861099243 58
1716237552206 0.3712536096572876 59
1716237557908 0.3883500099182129 60
1716237563600 0.6140884160995483 61
1716237569111 0.43691718578338623 62
1716237574696 0.42255905270576477 63
1716237580235 0.4019927382469177 64
1716237587050 0.3999153673648834 65
1716237592749 0.3885262906551361 66
1716237598284 0.3943938910961151 67
1716237603794 0.3822210133075714 68
1716237609248 0.37864813208580017 69
1716237615037 0.38879433274269104 70
1716237620622 0.38417840003967285 71
1716237626268 0.3843872547149658 72
1716237631965 0.381011426448822 73
1716237637522 0.3772500455379486 74
1716237643847 0.3736354410648346 75
1716237649501 0.3707849085330963 76
1716237655077 0.37470632791519165 77
1716237660766 0.3742271959781647 78
1716237666449 0.3596830368041992 79
1716237673242 0.3576081097126007 80
1716237678750 0.3557111918926239 81
1716237684595 0.34923240542411804 82
1716237690207 0.3540913164615631 83
1716237695936 0.3564978241920471 84
1716237701669 0.35446077585220337 85
1716237708846 0.3670203387737274 86
1716237714431 0.35701069235801697 87
1716237719846 0.36592134833335876 88
1716237725570 0.35491785407066345 89
1716237731305 0.35851606726646423 90
1716237737123 0.3732108175754547 91
1716237742841 0.38387399911880493 92
1716237748420 0.3701549172401428 93
1716237754172 0.3653188645839691 94
1716237759870 0.35628193616867065 95
1716237765590 0.34541717171669006 96
1716237772179 0.35639503598213196 97
1716237777856 0.3566116988658905 98
1716237783970 0.35126760601997375 99
