1716237224938 646878.0 1
1716237230350 775930.0 2
1716237235662 792424.0 3
1716237241295 793901.0 4
1716237246697 798449.0 5
1716237251969 800183.0 6
1716237257208 800305.0 7
1716237262545 800820.0 8
1716237267862 791330.0 9
1716237273709 791844.0 10
1716237279225 796003.0 11
1716237284744 799778.0 12
1716237290335 804188.0 13
1716237295728 802549.0 14
1716237301568 801029.0 15
1716237307475 805167.0 16
1716237312815 805587.0 17
1716237318647 805104.0 18
1716237324098 803648.0 19
1716237329989 806661.0 20
1716237335625 793828.0 21
1716237342456 804427.0 22
1716237348293 806800.0 23
1716237353674 810197.0 24
1716237359203 809467.0 25
1716237364807 809407.0 26
1716237370450 810777.0 27
1716237376197 810081.0 28
1716237381658 811316.0 29
1716237387296 806704.0 30
1716237392840 814431.0 31
1716237398826 810295.0 32
1716237405662 815063.0 33
1716237411334 816344.0 34
1716237416874 816065.0 35
1716237422405 816922.0 36
1716237428039 816644.0 37
1716237433683 818318.0 38
1716237439129 809133.0 39
1716237444786 817617.0 40
1716237450357 818211.0 41
1716237455926 817820.0 42
1716237462906 822637.0 43
1716237468584 819851.0 44
1716237474095 816811.0 45
1716237479645 822942.0 46
1716237485229 819519.0 47
1716237491104 818235.0 48
1716237496651 819194.0 49
1716237502210 825270.0 50
1716237507817 816983.0 51
1716237513366 822566.0 52
1716237518866 815975.0 53
1716237524538 819563.0 54
1716237530142 820399.0 55
1716237535583 821877.0 56
1716237541033 824075.0 57
1716237546650 824525.0 58
1716237552206 827482.0 59
1716237557908 826275.0 60
1716237563600 780500.0 61
1716237569111 814377.0 62
1716237574696 818054.0 63
1716237580235 821793.0 64
1716237587050 819885.0 65
1716237592749 825148.0 66
1716237598284 824324.0 67
1716237603794 828002.0 68
1716237609248 828061.0 69
1716237615037 827280.0 70
1716237620622 828894.0 71
1716237626268 825964.0 72
1716237631965 829555.0 73
1716237637522 829551.0 74
1716237643847 831151.0 75
1716237649501 830141.0 76
1716237655077 830662.0 77
1716237660766 830593.0 78
1716237666449 833203.0 79
1716237673242 836246.0 80
1716237678750 837656.0 81
1716237684595 838212.0 82
1716237690207 837843.0 83
1716237695936 838609.0 84
1716237701669 836421.0 85
1716237708846 832564.0 86
1716237714431 835303.0 87
1716237719846 834665.0 88
1716237725570 835150.0 89
1716237731305 836970.0 90
1716237737123 829752.0 91
1716237742841 827650.0 92
1716237748420 832301.0 93
1716237754172 835785.0 94
1716237759870 835894.0 95
1716237765590 841760.0 96
1716237772179 838347.0 97
1716237777856 837055.0 98
1716237783970 841987.0 99
