1716237224938 0.24369649346308875 1
1716237230350 0.3978716933339725 2
1716237235662 0.4345494408584416 3
1716237241295 0.4427489062958554 4
1716237246697 0.4565842944394169 5
1716237251969 0.46296867614525455 6
1716237257208 0.4644030909511278 7
1716237262545 0.4679059095567143 8
1716237267862 0.4550104282596804 9
1716237273709 0.45449114776372707 10
1716237279225 0.4620662020534593 11
1716237284744 0.4677603453878593 12
1716237290335 0.4753427353571907 13
1716237295728 0.47277692579495606 14
1716237301568 0.47266419930747744 15
1716237307475 0.4793582746337879 16
1716237312815 0.48001015580612316 17
1716237318647 0.48095972812317017 18
1716237324098 0.47798456657411265 19
1716237329989 0.4833668518425559 20
1716237335625 0.4583668531311922 21
1716237342456 0.4775198770751118 22
1716237348293 0.485018664547347 23
1716237353674 0.49077285216266375 24
1716237359203 0.4915520092503839 25
1716237364807 0.49096110422985856 26
1716237370450 0.4937599348612435 27
1716237376197 0.4923959923470515 28
1716237381658 0.4946838617740514 29
1716237387296 0.4867019514426879 30
1716237392840 0.5001401899445452 31
1716237398826 0.4943252629697684 32
1716237405662 0.5024332742124861 33
1716237411334 0.5056473390403039 34
1716237416874 0.5053697359838134 35
1716237422405 0.5065409166831136 36
1716237428039 0.5062059895860219 37
1716237433683 0.509796016555566 38
1716237439129 0.4897341726556119 39
1716237444786 0.5074718577574127 40
1716237450357 0.51027383586702 41
1716237455926 0.508701175362163 42
1716237462906 0.5180327232476528 43
1716237468584 0.5120832414991354 44
1716237474095 0.5084380637097782 45
1716237479645 0.518413309886739 46
1716237485229 0.5123383789851201 47
1716237491104 0.5103968607282027 48
1716237496651 0.5129724928172732 49
1716237502210 0.5242429653958462 50
1716237507817 0.5060589765835456 51
1716237513366 0.518186556975263 52
1716237518866 0.5020277922465823 53
1716237524538 0.5124161989503616 54
1716237530142 0.5123992053960078 55
1716237535583 0.5153922800783389 56
1716237541033 0.5212022903775059 57
1716237546650 0.5229372472676099 58
1716237552206 0.5293339691271923 59
1716237557908 0.5235429614364129 60
1716237563600 0.430442918181195 61
1716237569111 0.4962185154119798 62
1716237574696 0.5068420301115533 63
1716237580235 0.5161810311590529 64
1716237587050 0.5122782959713258 65
1716237592749 0.5231379775730476 66
1716237598284 0.5214810732107578 67
1716237603794 0.52951970125746 68
1716237609248 0.5306818751453738 69
1716237615037 0.5266325305941504 70
1716237620622 0.531816341938432 71
1716237626268 0.5253261408479244 72
1716237631965 0.5326653404295542 73
1716237637522 0.5329887048512921 74
1716237643847 0.5363310091497235 75
1716237649501 0.5354492796166772 76
1716237655077 0.534771815686692 77
1716237660766 0.53552411939744 78
1716237666449 0.5414355301214525 79
1716237673242 0.5484665381545453 80
1716237678750 0.551588359932253 81
1716237684595 0.5521141724836413 82
1716237690207 0.5521206310830976 83
1716237695936 0.5518620421064054 84
1716237701669 0.5483796514682552 85
1716237708846 0.5407477048259015 86
1716237714431 0.5472705208772303 87
1716237719846 0.5449516763927418 88
1716237725570 0.5450869359589297 89
1716237731305 0.548049269442175 90
1716237737123 0.5343401899480422 91
1716237742841 0.5290903727522174 92
1716237748420 0.5389750782520967 93
1716237754172 0.5444841378692992 94
1716237759870 0.5454329228786384 95
1716237765590 0.5602067249686234 96
1716237772179 0.5542056333763059 97
1716237777856 0.5496223690566214 98
1716237783970 0.5580076849081059 99
