1717339915873 0.042315330379705404 1
1717339921474 0.07634461796225253 2
1717339927027 0.08349234504054136 3
1717339932556 0.08349234504054136 4
1717339937980 0.08349234504054136 5
1717339943893 0.08349234504054136 6
1717339949632 0.08349234504054136 7
1717339955236 0.08349234504054136 8
1717339960971 0.08349234504054136 9
1717339966631 0.08349234504054136 10
1717339972213 0.08349234504054136 11
1717339978083 0.08349234504054136 12
1717339983910 0.08349234504054136 13
1717339989556 0.08349234504054136 14
1717339995015 0.08349234504054136 15
1717340000561 0.08349234504054136 16
1717340006248 0.08349234504054136 17
1717340011769 0.08349234504054136 18
1717340017371 0.08349234504054136 19
1717340022874 0.08349234504054136 20
1717340028398 0.08349234504054136 21
1717340033738 0.08349234504054136 22
1717340039156 0.08349234504054136 23
1717340044534 0.08349234504054136 24
1717340049927 0.08349234504054136 25
1717340055160 0.08349234504054136 26
1717340060527 0.08349234504054136 27
1717340065815 0.08349234504054136 28
1717340071131 0.08349234504054136 29
1717340076342 0.08349234504054136 30
1717340081485 0.08349234504054136 31
1717340086705 0.08349234504054136 32
1717340091982 0.08349234504054136 33
1717340098079 0.08349234504054136 34
1717340103633 0.08349234504054136 35
1717340108861 0.08349234504054136 36
1717340113848 0.08349234504054136 37
1717340118908 0.08349234504054136 38
1717340123958 0.08349234504054136 39
1717340128926 0.08349234504054136 40
1717340133949 0.08349234504054136 41
1717340139017 0.08349234504054136 42
1717340144966 0.08349234504054136 43
1717340150808 0.08349234504054136 44
1717340155757 0.08349234504054136 45
1717340160727 0.08349234504054136 46
1717340165717 0.08349234504054136 47
1717340170766 0.08349234504054136 48
1717340175745 0.08349234504054136 49
1717340180648 0.08349234504054136 50
1717340185571 0.08349234504054136 51
1717340190497 0.08349234504054136 52
1717340195533 0.08349234504054136 53
1717340200619 0.08349234504054136 54
1717340205608 0.08349234504054136 55
1717340210488 0.08349234504054136 56
1717340215569 0.08349234504054136 57
1717340220562 0.08349234504054136 58
1717340225610 0.08349234504054136 59
1717340230746 0.08349234504054136 60
1717340235783 0.08349234504054136 61
1717340240789 0.08349234504054136 62
1717340245808 0.08349234504054136 63
1717340250866 0.08349234504054136 64
1717340255898 0.08349234504054136 65
1717340260893 0.08349234504054136 66
1717340266019 0.08349234504054136 67
1717340271152 0.08349234504054136 68
1717340276211 0.08349234504054136 69
1717340281307 0.08349234504054136 70
1717340286393 0.08349234504054136 71
1717340294231 0.08349234504054136 72
1717340300319 0.08349234504054136 73
1717340305932 0.08349234504054136 74
1717340311361 0.08349234504054136 75
1717340316458 0.08349234504054136 76
1717340321794 0.08349234504054136 77
1717340327179 0.08349234504054136 78
1717340332721 0.08349234504054136 79
1717340338195 0.08349234504054136 80
1717340343350 0.08349234504054136 81
1717340348762 0.08349234504054136 82
1717340354076 0.08349234504054136 83
1717340359514 0.08349234504054136 84
1717340364960 0.08349234504054136 85
1717340370113 0.08349234504054136 86
1717340375489 0.08349234504054136 87
1717340380906 0.08349234504054136 88
1717340386061 0.08349234504054136 89
1717340391588 0.08349234504054136 90
1717340396793 0.08349234504054136 91
1717340401975 0.08349234504054136 92
1717340407311 0.08349234504054136 93
1717340412584 0.08349234504054136 94
1717340418082 0.08349234504054136 95
1717340423283 0.08349234504054136 96
1717340428465 0.08349234504054136 97
1717340433590 0.08349234504054136 98
1717340439060 0.08349234504054136 99
