1717446151570 0.555053174495697 1
1717446172507 0.6156007051467896 2
1717446192920 0.6483049392700195 3
1717446212753 0.6773179173469543 4
1717446233316 0.6937333941459656 5
1717446253943 0.7008107304573059 6
1717446274176 0.7060540318489075 7
1717446295299 0.7119774222373962 8
1717446316108 0.7147738337516785 9
1717446337194 0.7172941565513611 10
1717446358152 0.7191153764724731 11
1717446380193 0.7208428382873535 12
1717446401368 0.7220924496650696 13
1717446422731 0.7232875227928162 14
1717446445189 0.7246937155723572 15
1717446467079 0.7254598140716553 16
1717446488382 0.726592481136322 17
1717446508730 0.7280850410461426 18
1717446529045 0.729457437992096 19
1717446549773 0.7302767634391785 20
1717446569268 0.7312942147254944 21
1717446589460 0.7323288321495056 22
1717446610561 0.7332263588905334 23
1717446631688 0.734124481678009 24
1717446653424 0.73504638671875 25
1717446675917 0.735973060131073 26
1717446697161 0.7366668581962585 27
1717446718420 0.7374478578567505 28
1717446740200 0.7382933497428894 29
1717446760830 0.7391526699066162 30
1717446781948 0.7398577332496643 31
1717446804197 0.7405775785446167 32
1717446825598 0.7415921688079834 33
1717446847723 0.7421565055847168 34
1717446868807 0.7427813410758972 35
1717446890006 0.7437340617179871 36
1717446911201 0.7440951466560364 37
1717446932931 0.7446542382240295 38
1717446954513 0.7452850341796875 39
1717446976141 0.7458453178405762 40
1717446997820 0.7466791272163391 41
1717447019520 0.7470624446868896 42
1717447041137 0.7481821775436401 43
1717447062555 0.7489820718765259 44
1717447082563 0.7496453523635864 45
1717447103172 0.75042724609375 46
1717447123233 0.751181960105896 47
1717447143837 0.7518277168273926 48
1717447164625 0.7527268528938293 49
1717447185760 0.7534968256950378 50
1717447206918 0.7541240453720093 51
1717447228118 0.755089282989502 52
1717447249408 0.7558396458625793 53
1717447270060 0.7568431496620178 54
1717447290597 0.7577618956565857 55
1717447311714 0.7588690519332886 56
1717447332855 0.759354293346405 57
1717447352210 0.7601044774055481 58
1717447371369 0.7608794569969177 59
1717447391240 0.7618119120597839 60
1717447411258 0.7623555064201355 61
1717447431283 0.7631869912147522 62
1717447452192 0.7638915777206421 63
1717447473428 0.7645073533058167 64
1717447494959 0.7655237913131714 65
1717447516513 0.7662780284881592 66
1717447538106 0.7670060396194458 67
1717447559704 0.7676603198051453 68
1717447581463 0.7683578729629517 69
1717447603134 0.7691267728805542 70
1717447624871 0.7700360417366028 71
1717447646679 0.771233856678009 72
1717447668459 0.7720118761062622 73
1717447690358 0.7726261019706726 74
1717447712237 0.7731820344924927 75
1717447734072 0.7738528847694397 76
1717447755863 0.7743924260139465 77
1717447777736 0.774821937084198 78
1717447799549 0.7753509879112244 79
1717447821480 0.775874137878418 80
1717447843471 0.7763502597808838 81
1717447865379 0.7767696976661682 82
1717447887292 0.7774537801742554 83
1717447909281 0.7778725028038025 84
1717447931156 0.7779790759086609 85
1717447953018 0.7786673307418823 86
1717447975030 0.7788979411125183 87
1717447997029 0.7792349457740784 88
1717448018971 0.7794284224510193 89
1717448040927 0.7799316048622131 90
1717448062798 0.7803370356559753 91
1717448084743 0.7805712819099426 92
1717448106759 0.7809605002403259 93
1717448128812 0.7811853885650635 94
1717448150861 0.7815344333648682 95
1717448172948 0.7818850874900818 96
1717448195052 0.7822667360305786 97
1717448217096 0.7823044061660767 98
1717448239291 0.7829231023788452 99
