1717446151570 0.97902380103279 1
1717446172507 0.983205718806656 2
1717446192920 0.9839681940819184 3
1717446212753 0.9844940973711883 4
1717446233316 0.984964975891205 5
1717446253943 0.9857925811927813 6
1717446274176 0.9863814623891446 7
1717446295299 0.9867796152387055 8
1717446316108 0.9871249825963443 9
1717446337194 0.987415756132483 10
1717446358152 0.9877030696176231 11
1717446380193 0.9877876759995595 12
1717446401368 0.9878887233219021 13
1717446422731 0.9880271722840757 14
1717446445189 0.9881649982123909 15
1717446467079 0.9881775919137954 16
1717446488382 0.9882421624738208 17
1717446508730 0.9882946936301013 18
1717446529045 0.988389677918127 19
1717446549773 0.9884282323439473 20
1717446569268 0.988543551418565 21
1717446589460 0.9885789003736002 22
1717446610561 0.9886466104574918 23
1717446631688 0.988724208306854 24
1717446653424 0.9887607026678155 25
1717446675917 0.9888402700079505 26
1717446697161 0.9888423678033876 27
1717446718420 0.988825413761366 28
1717446740200 0.9889086563568824 29
1717446760830 0.9890106616394544 30
1717446781948 0.9889947119088075 31
1717446804197 0.9889734726874229 32
1717446825598 0.9890368500737818 33
1717446847723 0.9890732091336486 34
1717446868807 0.9891002591992907 35
1717446890006 0.9891292557012529 36
1717446911201 0.9891645154846918 37
1717446932931 0.9891827308202542 38
1717446954513 0.9891693155568825 39
1717446976141 0.9892409816491039 40
1717446997820 0.989244590877932 41
1717447019520 0.9892625251568727 42
1717447041137 0.9892874891779292 43
1717447062555 0.9893433604740894 44
1717447082563 0.9893583191947503 45
1717447103172 0.9894467604491383 46
1717447123233 0.9894885095607882 47
1717447143837 0.9895560095315659 48
1717447164625 0.989603628704266 49
1717447185760 0.9896100251292521 50
1717447206918 0.9896562117924242 51
1717447228118 0.9897180497058881 52
1717447249408 0.9897249905530674 53
1717447270060 0.9898209837818982 54
1717447290597 0.9898923923021652 55
1717447311714 0.9899378049345651 56
1717447332855 0.9900137012335717 57
1717447352210 0.9900734750209972 58
1717447371369 0.9901657584947324 59
1717447391240 0.9901758765399975 60
1717447411258 0.9902473003554016 61
1717447431283 0.9903636345312784 62
1717447452192 0.9903906035539684 63
1717447473428 0.9905169901704318 64
1717447494959 0.9905596263206663 65
1717447516513 0.9906167001317002 66
1717447538106 0.9906929908774621 67
1717447559704 0.9907412941119957 68
1717447581463 0.9908305202305053 69
1717447603134 0.9908969591117366 70
1717447624871 0.9909416942780152 71
1717447646679 0.991089462639419 72
1717447668459 0.9911877484191771 73
1717447690358 0.9912085078285264 74
1717447712237 0.9912432129638611 75
1717447734072 0.9912817505470614 76
1717447755863 0.9913005148807267 77
1717447777736 0.9913551740819401 78
1717447799549 0.9913913690463454 79
1717447821480 0.9914383608867826 80
1717447843471 0.9914413031286929 81
1717447865379 0.9914770623508588 82
1717447887292 0.9915030286422717 83
1717447909281 0.9915099330706826 84
1717447931156 0.991505408733801 85
1717447953018 0.9915266310099862 86
1717447975030 0.9915485176047466 87
1717447997029 0.9915000145772854 88
1717448018971 0.9915210265496349 89
1717448040927 0.9915589496891536 90
1717448062798 0.9915919491378301 91
1717448084743 0.991544721507313 92
1717448106759 0.9915803985025562 93
1717448128812 0.9915915191139718 94
1717448150861 0.9916354069548339 95
1717448172948 0.9916984053889859 96
1717448195052 0.9916970092250582 97
1717448217096 0.991697539889623 98
1717448239291 0.9917510695552187 99
