1717094582145 86032.0 1
1717094583157 86032.0 2
1717094584153 86032.0 3
1717094585204 86032.0 4
1717094586248 86032.0 5
1717094587253 86032.0 6
1717094588259 86032.0 7
1717094589256 86032.0 8
1717094590261 86032.0 9
1717094591249 86032.0 10
1717094592251 86032.0 11
1717094593257 86032.0 12
1717094594277 86032.0 13
1717094595283 86032.0 14
1717094596288 86032.0 15
1717094597339 86032.0 16
1717094598345 86032.0 17
1717094599670 86032.0 18
1717094600886 86032.0 19
1717094602123 86032.0 20
1717094603374 86032.0 21
1717094604581 86032.0 22
1717094605805 86032.0 23
1717094606835 86032.0 24
1717094607830 86032.0 25
1717094608824 86032.0 26
1717094609838 86032.0 27
1717094610846 86032.0 28
1717094611849 86032.0 29
1717094612843 86032.0 30
1717094613838 86032.0 31
1717094614864 86032.0 32
1717094615869 86032.0 33
1717094616860 86032.0 34
1717094617852 86032.0 35
1717094618863 86032.0 36
1717094619861 86032.0 37
1717094620860 86032.0 38
1717094621852 86032.0 39
1717094622881 86032.0 40
1717094623922 86032.0 41
1717094624964 86032.0 42
1717094625962 86032.0 43
1717094626977 86032.0 44
1717094627991 86032.0 45
1717094629006 86032.0 46
1717094630012 86032.0 47
1717094631012 86032.0 48
1717094632091 86032.0 49
1717094633112 86032.0 50
1717094634126 86032.0 51
1717094635137 86032.0 52
1717094636168 86032.0 53
1717094637170 86032.0 54
1717094638157 86032.0 55
1717094639158 86032.0 56
1717094640169 86032.0 57
1717094641493 86032.0 58
1717094642482 86032.0 59
1717094643487 86032.0 60
1717094644503 86032.0 61
1717094645515 86032.0 62
1717094646514 86032.0 63
1717094647523 86032.0 64
1717094648524 86032.0 65
1717094649531 86032.0 66
1717094650528 86032.0 67
1717094651518 86032.0 68
1717094652527 86032.0 69
1717094653580 86032.0 70
1717094654574 86032.0 71
1717094655586 86032.0 72
1717094656579 86032.0 73
1717094657576 86032.0 74
1717094658574 86032.0 75
1717094659585 86032.0 76
1717094660574 86032.0 77
1717094661562 86032.0 78
1717094662572 86032.0 79
1717094663573 86032.0 80
1717094664563 86032.0 81
1717094665571 86032.0 82
1717094666590 86032.0 83
1717094667576 86032.0 84
1717094668584 86032.0 85
1717094669581 86032.0 86
1717094670566 86032.0 87
1717094671560 86032.0 88
1717094672561 86032.0 89
1717094673544 86032.0 90
1717094674517 86032.0 91
1717094675527 86032.0 92
1717094676523 86032.0 93
1717094677516 86032.0 94
1717094678502 86032.0 95
1717094679496 86032.0 96
1717094680489 86032.0 97
1717094681484 86032.0 98
1717094682454 86032.0 99
