1717094582145 0.25657893344277793 1
1717094583157 0.2631241267411863 2
1717094584153 0.2631241267411863 3
1717094585204 0.2631241267411863 4
1717094586248 0.2631241267411863 5
1717094587253 0.2631241267411863 6
1717094588259 0.2631241267411863 7
1717094589256 0.2631241267411863 8
1717094590261 0.2631241267411863 9
1717094591249 0.2631241267411863 10
1717094592251 0.2631241267411863 11
1717094593257 0.2631241267411863 12
1717094594277 0.2631241267411863 13
1717094595283 0.2631241267411863 14
1717094596288 0.2631241267411863 15
1717094597339 0.2631241267411863 16
1717094598345 0.2631241267411863 17
1717094599670 0.2631241267411863 18
1717094600886 0.2631241267411863 19
1717094602123 0.2631241267411863 20
1717094603374 0.2631241267411863 21
1717094604581 0.2631241267411863 22
1717094605805 0.2631241267411863 23
1717094606835 0.2631241267411863 24
1717094607830 0.2631241267411863 25
1717094608824 0.2631241267411863 26
1717094609838 0.2631241267411863 27
1717094610846 0.2631241267411863 28
1717094611849 0.2631241267411863 29
1717094612843 0.2631241267411863 30
1717094613838 0.2631241267411863 31
1717094614864 0.2631241267411863 32
1717094615869 0.2631241267411863 33
1717094616860 0.2631241267411863 34
1717094617852 0.2631241267411863 35
1717094618863 0.2631241267411863 36
1717094619861 0.2631241267411863 37
1717094620860 0.2631241267411863 38
1717094621852 0.2631241267411863 39
1717094622881 0.2631241267411863 40
1717094623922 0.2631241267411863 41
1717094624964 0.2631241267411863 42
1717094625962 0.2631241267411863 43
1717094626977 0.2631241267411863 44
1717094627991 0.2631241267411863 45
1717094629006 0.2631241267411863 46
1717094630012 0.2631241267411863 47
1717094631012 0.2631241267411863 48
1717094632091 0.2631241267411863 49
1717094633112 0.2631241267411863 50
1717094634126 0.2631241267411863 51
1717094635137 0.2631241267411863 52
1717094636168 0.2631241267411863 53
1717094637170 0.2631241267411863 54
1717094638157 0.2631241267411863 55
1717094639158 0.2631241267411863 56
1717094640169 0.2631241267411863 57
1717094641493 0.2631241267411863 58
1717094642482 0.2631241267411863 59
1717094643487 0.2631241267411863 60
1717094644503 0.2631241267411863 61
1717094645515 0.2631241267411863 62
1717094646514 0.2631241267411863 63
1717094647523 0.2631241267411863 64
1717094648524 0.2631241267411863 65
1717094649531 0.2631241267411863 66
1717094650528 0.2631241267411863 67
1717094651518 0.2631241267411863 68
1717094652527 0.2631241267411863 69
1717094653580 0.2631241267411863 70
1717094654574 0.2631241267411863 71
1717094655586 0.2631241267411863 72
1717094656579 0.2631241267411863 73
1717094657576 0.2631241267411863 74
1717094658574 0.2631241267411863 75
1717094659585 0.2631241267411863 76
1717094660574 0.2631241267411863 77
1717094661562 0.2631241267411863 78
1717094662572 0.2631241267411863 79
1717094663573 0.2631241267411863 80
1717094664563 0.2631241267411863 81
1717094665571 0.2631241267411863 82
1717094666590 0.2631241267411863 83
1717094667576 0.2631241267411863 84
1717094668584 0.2631241267411863 85
1717094669581 0.2631241267411863 86
1717094670566 0.2631241267411863 87
1717094671560 0.2631241267411863 88
1717094672561 0.2631241267411863 89
1717094673544 0.2631241267411863 90
1717094674517 0.2631241267411863 91
1717094675527 0.2631241267411863 92
1717094676523 0.2631241267411863 93
1717094677516 0.2631241267411863 94
1717094678502 0.2631241267411863 95
1717094679496 0.2631241267411863 96
1717094680489 0.2631241267411863 97
1717094681484 0.2631241267411863 98
1717094682454 0.2631241267411863 99
