1717094582145 0.9518101761252445 1
1717094583157 1.0 2
1717094584153 1.0 3
1717094585204 1.0 4
1717094586248 1.0 5
1717094587253 1.0 6
1717094588259 1.0 7
1717094589256 1.0 8
1717094590261 1.0 9
1717094591249 1.0 10
1717094592251 1.0 11
1717094593257 1.0 12
1717094594277 1.0 13
1717094595283 1.0 14
1717094596288 1.0 15
1717094597339 1.0 16
1717094598345 1.0 17
1717094599670 1.0 18
1717094600886 1.0 19
1717094602123 1.0 20
1717094603374 1.0 21
1717094604581 1.0 22
1717094605805 1.0 23
1717094606835 1.0 24
1717094607830 1.0 25
1717094608824 1.0 26
1717094609838 1.0 27
1717094610846 1.0 28
1717094611849 1.0 29
1717094612843 1.0 30
1717094613838 1.0 31
1717094614864 1.0 32
1717094615869 1.0 33
1717094616860 1.0 34
1717094617852 1.0 35
1717094618863 1.0 36
1717094619861 1.0 37
1717094620860 1.0 38
1717094621852 1.0 39
1717094622881 1.0 40
1717094623922 1.0 41
1717094624964 1.0 42
1717094625962 1.0 43
1717094626977 1.0 44
1717094627991 1.0 45
1717094629006 1.0 46
1717094630012 1.0 47
1717094631012 1.0 48
1717094632091 1.0 49
1717094633112 1.0 50
1717094634126 1.0 51
1717094635137 1.0 52
1717094636168 1.0 53
1717094637170 1.0 54
1717094638157 1.0 55
1717094639158 1.0 56
1717094640169 1.0 57
1717094641493 1.0 58
1717094642482 1.0 59
1717094643487 1.0 60
1717094644503 1.0 61
1717094645515 1.0 62
1717094646514 1.0 63
1717094647523 1.0 64
1717094648524 1.0 65
1717094649531 1.0 66
1717094650528 1.0 67
1717094651518 1.0 68
1717094652527 1.0 69
1717094653580 1.0 70
1717094654574 1.0 71
1717094655586 1.0 72
1717094656579 1.0 73
1717094657576 1.0 74
1717094658574 1.0 75
1717094659585 1.0 76
1717094660574 1.0 77
1717094661562 1.0 78
1717094662572 1.0 79
1717094663573 1.0 80
1717094664563 1.0 81
1717094665571 1.0 82
1717094666590 1.0 83
1717094667576 1.0 84
1717094668584 1.0 85
1717094669581 1.0 86
1717094670566 1.0 87
1717094671560 1.0 88
1717094672561 1.0 89
1717094673544 1.0 90
1717094674517 1.0 91
1717094675527 1.0 92
1717094676523 1.0 93
1717094677516 1.0 94
1717094678502 1.0 95
1717094679496 1.0 96
1717094680489 1.0 97
1717094681484 1.0 98
1717094682454 1.0 99
