1717094582145 0.2565789222717285 1
1717094583157 0.26312413811683655 2
1717094584153 0.26312413811683655 3
1717094585204 0.26312413811683655 4
1717094586248 0.26312413811683655 5
1717094587253 0.26312413811683655 6
1717094588259 0.26312413811683655 7
1717094589256 0.26312413811683655 8
1717094590261 0.26312413811683655 9
1717094591249 0.26312413811683655 10
1717094592251 0.26312413811683655 11
1717094593257 0.26312413811683655 12
1717094594277 0.26312413811683655 13
1717094595283 0.26312413811683655 14
1717094596288 0.26312413811683655 15
1717094597339 0.26312413811683655 16
1717094598345 0.26312413811683655 17
1717094599670 0.26312413811683655 18
1717094600886 0.26312413811683655 19
1717094602123 0.26312413811683655 20
1717094603374 0.26312413811683655 21
1717094604581 0.26312413811683655 22
1717094605805 0.26312413811683655 23
1717094606835 0.26312413811683655 24
1717094607830 0.26312413811683655 25
1717094608824 0.26312413811683655 26
1717094609838 0.26312413811683655 27
1717094610846 0.26312413811683655 28
1717094611849 0.26312413811683655 29
1717094612843 0.26312413811683655 30
1717094613838 0.26312413811683655 31
1717094614864 0.26312413811683655 32
1717094615869 0.26312413811683655 33
1717094616860 0.26312413811683655 34
1717094617852 0.26312413811683655 35
1717094618863 0.26312413811683655 36
1717094619861 0.26312413811683655 37
1717094620860 0.26312413811683655 38
1717094621852 0.26312413811683655 39
1717094622881 0.26312413811683655 40
1717094623922 0.26312413811683655 41
1717094624964 0.26312413811683655 42
1717094625962 0.26312413811683655 43
1717094626977 0.26312413811683655 44
1717094627991 0.26312413811683655 45
1717094629006 0.26312413811683655 46
1717094630012 0.26312413811683655 47
1717094631012 0.26312413811683655 48
1717094632091 0.26312413811683655 49
1717094633112 0.26312413811683655 50
1717094634126 0.26312413811683655 51
1717094635137 0.26312413811683655 52
1717094636168 0.26312413811683655 53
1717094637170 0.26312413811683655 54
1717094638157 0.26312413811683655 55
1717094639158 0.26312413811683655 56
1717094640169 0.26312413811683655 57
1717094641493 0.26312413811683655 58
1717094642482 0.26312413811683655 59
1717094643487 0.26312413811683655 60
1717094644503 0.26312413811683655 61
1717094645515 0.26312413811683655 62
1717094646514 0.26312413811683655 63
1717094647523 0.26312413811683655 64
1717094648524 0.26312413811683655 65
1717094649531 0.26312413811683655 66
1717094650528 0.26312413811683655 67
1717094651518 0.26312413811683655 68
1717094652527 0.26312413811683655 69
1717094653580 0.26312413811683655 70
1717094654574 0.26312413811683655 71
1717094655586 0.26312413811683655 72
1717094656579 0.26312413811683655 73
1717094657576 0.26312413811683655 74
1717094658574 0.26312413811683655 75
1717094659585 0.26312413811683655 76
1717094660574 0.26312413811683655 77
1717094661562 0.26312413811683655 78
1717094662572 0.26312413811683655 79
1717094663573 0.26312413811683655 80
1717094664563 0.26312413811683655 81
1717094665571 0.26312413811683655 82
1717094666590 0.26312413811683655 83
1717094667576 0.26312413811683655 84
1717094668584 0.26312413811683655 85
1717094669581 0.26312413811683655 86
1717094670566 0.26312413811683655 87
1717094671560 0.26312413811683655 88
1717094672561 0.26312413811683655 89
1717094673544 0.26312413811683655 90
1717094674517 0.26312413811683655 91
1717094675527 0.26312413811683655 92
1717094676523 0.26312413811683655 93
1717094677516 0.26312413811683655 94
1717094678502 0.26312413811683655 95
1717094679496 0.26312413811683655 96
1717094680489 0.26312413811683655 97
1717094681484 0.26312413811683655 98
1717094682454 0.26312413811683655 99
