1717629548054 0.2989404848722626 1
1717629549858 0.2617349240086087 2
1717629551699 0.2548197209711064 3
1717629553820 0.2854044869316461 4
1717629555706 0.2766300827205364 5
1717629557472 0.2778353545127752 6
1717629559305 0.2870354474266467 7
1717629561436 0.3009211186057234 8
1717629563255 0.31298100656729133 9
1717629565090 0.3238386453961716 10
1717629567017 0.3278428004908604 11
1717629568980 0.3361099499310318 12
1717629570977 0.33788129695895974 13
1717629572917 0.34433556209026883 14
1717629574883 0.34811592158931665 15
1717629576894 0.3485774916061105 16
1717629578894 0.3498035955863667 17
1717629580623 0.35107718295471657 18
1717629582350 0.34889824861644203 19
