1717257479009 99.9336929321289 1
1717257481184 99.9336929321289 2
1717257483313 99.9336929321289 3
1717257485445 99.9336929321289 4
1717257487642 99.9336929321289 5
1717257489738 99.9336929321289 6
1717257491880 99.9336929321289 7
1717257494010 99.9336929321289 8
1717257496125 99.9336929321289 9
1717257498235 99.9336929321289 10
1717257500378 99.9336929321289 11
1717257502495 99.9336929321289 12
1717257504616 99.9336929321289 13
1717257506740 99.9336929321289 14
1717257508883 99.9336929321289 15
1717257511065 99.9336929321289 16
1717257513155 99.9336929321289 17
1717257515304 99.9336929321289 18
1717257517440 99.9336929321289 19
1717257519585 99.9336929321289 20
1717257521735 99.9336929321289 21
1717257523850 99.9336929321289 22
1717257525977 99.9336929321289 23
1717257528085 99.9336929321289 24
1717257530253 99.9336929321289 25
1717257532379 99.9336929321289 26
1717257534493 99.9336929321289 27
1717257536663 99.9336929321289 28
1717257538786 99.9336929321289 29
1717257540911 99.9336929321289 30
1717257543026 99.9336929321289 31
1717257545181 99.9336929321289 32
1717257547306 99.9336929321289 33
1717257549425 99.9336929321289 34
1717257551530 99.9336929321289 35
1717257553646 99.9336929321289 36
1717257555774 99.9336929321289 37
1717257557914 99.9336929321289 38
1717257560074 99.9336929321289 39
1717257562168 99.9336929321289 40
1717257564286 99.9336929321289 41
1717257566427 99.9336929321289 42
1717257568534 99.9336929321289 43
1717257570666 99.9336929321289 44
1717257572774 99.9336929321289 45
1717257574911 99.9336929321289 46
1717257577042 99.9336929321289 47
1717257579140 99.9336929321289 48
1717257581292 99.9336929321289 49
1717257583419 99.9336929321289 50
1717257585561 99.9336929321289 51
1717257587652 99.9336929321289 52
1717257589741 99.9336929321289 53
1717257591852 99.9336929321289 54
1717257593942 99.9336929321289 55
1717257596061 99.9336929321289 56
1717257598148 99.9336929321289 57
1717257600259 99.9336929321289 58
1717257602356 99.9336929321289 59
1717257604461 99.9336929321289 60
1717257606608 99.9336929321289 61
1717257608703 99.9336929321289 62
1717257610889 99.9336929321289 63
1717257613032 99.9336929321289 64
1717257615159 99.9336929321289 65
1717257617283 99.9336929321289 66
1717257619402 99.9336929321289 67
1717257621540 99.9336929321289 68
1717257623646 99.9336929321289 69
1717257625773 99.9336929321289 70
1717257627892 99.9336929321289 71
1717257629986 99.9336929321289 72
1717257632128 99.9336929321289 73
1717257634320 99.9336929321289 74
1717257636452 99.9336929321289 75
1717257638553 99.9336929321289 76
1717257640679 99.9336929321289 77
1717257642768 99.9336929321289 78
1717257644898 99.9336929321289 79
1717257647076 99.9336929321289 80
1717257649189 99.9336929321289 81
1717257651337 99.9336929321289 82
1717257653486 99.9336929321289 83
1717257655672 99.9336929321289 84
1717257657789 99.9336929321289 85
1717257659959 99.9336929321289 86
1717257662115 99.9336929321289 87
1717257664552 99.9336929321289 88
1717257666890 99.9336929321289 89
1717257669123 99.9336929321289 90
1717257671324 99.9336929321289 91
1717257673538 99.9336929321289 92
1717257676057 99.9336929321289 93
1717257678182 99.9336929321289 94
1717257680346 99.9336929321289 95
1717257682438 99.9336929321289 96
1717257684573 99.9336929321289 97
1717257686786 99.9336929321289 98
1717257689132 99.9336929321289 99
