1717257479009 112400.0 1
1717257481184 112400.0 2
1717257483313 112400.0 3
1717257485445 112400.0 4
1717257487642 112400.0 5
1717257489738 112400.0 6
1717257491880 112400.0 7
1717257494010 112400.0 8
1717257496125 112400.0 9
1717257498235 112400.0 10
1717257500378 112400.0 11
1717257502495 112400.0 12
1717257504616 112400.0 13
1717257506740 112400.0 14
1717257508883 112400.0 15
1717257511065 112400.0 16
1717257513155 112400.0 17
1717257515304 112400.0 18
1717257517440 112400.0 19
1717257519585 112400.0 20
1717257521735 112400.0 21
1717257523850 112400.0 22
1717257525977 112400.0 23
1717257528085 112400.0 24
1717257530253 112400.0 25
1717257532379 112400.0 26
1717257534493 112400.0 27
1717257536663 112400.0 28
1717257538786 112400.0 29
1717257540911 112400.0 30
1717257543026 112400.0 31
1717257545181 112400.0 32
1717257547306 112400.0 33
1717257549425 112400.0 34
1717257551530 112400.0 35
1717257553646 112400.0 36
1717257555774 112400.0 37
1717257557914 112400.0 38
1717257560074 112400.0 39
1717257562168 112400.0 40
1717257564286 112400.0 41
1717257566427 112400.0 42
1717257568534 112400.0 43
1717257570666 112400.0 44
1717257572774 112400.0 45
1717257574911 112400.0 46
1717257577042 112400.0 47
1717257579140 112400.0 48
1717257581292 112400.0 49
1717257583419 112400.0 50
1717257585561 112400.0 51
1717257587652 112400.0 52
1717257589741 112400.0 53
1717257591852 112400.0 54
1717257593942 112400.0 55
1717257596061 112400.0 56
1717257598148 112400.0 57
1717257600259 112400.0 58
1717257602356 112400.0 59
1717257604461 112400.0 60
1717257606608 112400.0 61
1717257608703 112400.0 62
1717257610889 112400.0 63
1717257613032 112400.0 64
1717257615159 112400.0 65
1717257617283 112400.0 66
1717257619402 112400.0 67
1717257621540 112400.0 68
1717257623646 112400.0 69
1717257625773 112400.0 70
1717257627892 112400.0 71
1717257629986 112400.0 72
1717257632128 112400.0 73
1717257634320 112400.0 74
1717257636452 112400.0 75
1717257638553 112400.0 76
1717257640679 112400.0 77
1717257642768 112400.0 78
1717257644898 112400.0 79
1717257647076 112400.0 80
1717257649189 112400.0 81
1717257651337 112400.0 82
1717257653486 112400.0 83
1717257655672 112400.0 84
1717257657789 112400.0 85
1717257659959 112400.0 86
1717257662115 112400.0 87
1717257664552 112400.0 88
1717257666890 112400.0 89
1717257669123 112400.0 90
1717257671324 112400.0 91
1717257673538 112400.0 92
1717257676057 112400.0 93
1717257678182 112400.0 94
1717257680346 112400.0 95
1717257682438 112400.0 96
1717257684573 112400.0 97
1717257686786 112400.0 98
1717257689132 112400.0 99
