1717089215930 172140.0 1
1717089224978 150984.0 2
1717089234003 143780.0 3
1717089243217 144354.0 4
1717089252618 145025.0 5
1717089261746 146860.0 6
1717089270889 143746.0 7
1717089280178 145607.0 8
1717089289811 143830.0 9
1717089299325 145783.0 10
1717089308859 147086.0 11
1717089318337 145607.0 12
1717089327508 147363.0 13
1717089336717 148842.0 14
1717089345899 148842.0 15
1717089355148 148842.0 16
1717089364615 148842.0 17
1717089374038 145607.0 18
1717089383301 147363.0 19
1717089392597 148842.0 20
1717089401897 147363.0 21
1717089411534 148842.0 22
1717089422917 148842.0 23
1717089433007 148842.0 24
1717089443283 147363.0 25
1717089453694 147086.0 26
1717089464078 148842.0 27
1717089474334 148842.0 28
1717089484757 148842.0 29
1717089495305 148842.0 30
1717089506263 147086.0 31
1717089516822 148842.0 32
1717089527797 148842.0 33
1717089538360 147363.0 34
1717089549136 148842.0 35
1717089559722 148842.0 36
1717089570878 148842.0 37
1717089581700 148842.0 38
1717089592755 148842.0 39
1717089604828 148842.0 40
1717089615769 148842.0 41
1717089626647 148842.0 42
1717089637903 148842.0 43
1717089649066 148842.0 44
1717089660014 148842.0 45
1717089671047 148842.0 46
1717089682180 148842.0 47
1717089693562 148842.0 48
1717089704555 148842.0 49
1717089714541 148842.0 50
1717089724620 148842.0 51
1717089734504 148842.0 52
1717089743977 148842.0 53
1717089753491 148842.0 54
1717089762953 148842.0 55
1717089772454 148842.0 56
1717089782092 147086.0 57
1717089791312 148842.0 58
1717089800604 148842.0 59
1717089809720 148842.0 60
1717089819212 148842.0 61
1717089828461 148842.0 62
1717089837619 148842.0 63
1717089846954 148842.0 64
1717089856122 148842.0 65
1717089865822 148842.0 66
1717089875255 148842.0 67
1717089885019 148842.0 68
1717089896648 151212.0 69
1717089906731 145842.0 70
1717089915979 145607.0 71
1717089926494 145607.0 72
1717089936059 145607.0 73
1717089945231 147363.0 74
1717089954485 147363.0 75
1717089964536 148842.0 76
1717089974041 148842.0 77
1717089983294 148842.0 78
1717089992546 148842.0 79
1717090002351 148842.0 80
1717090011708 148842.0 81
1717090021188 148842.0 82
1717090030546 148842.0 83
1717090039758 148842.0 84
1717090049524 148842.0 85
1717090059589 148842.0 86
1717090068976 148842.0 87
1717090078613 148842.0 88
1717090088414 148842.0 89
1717090098089 147086.0 90
1717090108065 157632.0 91
1717090117747 156147.0 92
1717090127269 145607.0 93
1717090136985 145607.0 94
1717090146400 145607.0 95
1717090155881 145607.0 96
1717090165508 145607.0 97
1717090174998 148842.0 98
1717090184611 147363.0 99
