1717089215930 329906.0 1
1717089224978 329906.0 2
1717089234003 329906.0 3
1717089243217 329906.0 4
1717089252618 329906.0 5
1717089261746 329906.0 6
1717089270889 329906.0 7
1717089280178 329906.0 8
1717089289811 329906.0 9
1717089299325 329906.0 10
1717089308859 329906.0 11
1717089318337 329906.0 12
1717089327508 329906.0 13
1717089336717 329906.0 14
1717089345899 329906.0 15
1717089355148 329906.0 16
1717089364615 329906.0 17
1717089374038 329906.0 18
1717089383301 329906.0 19
1717089392597 329906.0 20
1717089401897 329906.0 21
1717089411534 329906.0 22
1717089422917 329906.0 23
1717089433007 329906.0 24
1717089443283 329906.0 25
1717089453694 329906.0 26
1717089464078 329906.0 27
1717089474334 329906.0 28
1717089484757 329906.0 29
1717089495305 329906.0 30
1717089506263 329906.0 31
1717089516822 329906.0 32
1717089527797 329906.0 33
1717089538360 329906.0 34
1717089549136 329906.0 35
1717089559722 329906.0 36
1717089570878 329906.0 37
1717089581700 329906.0 38
1717089592755 329906.0 39
1717089604828 329906.0 40
1717089615769 329906.0 41
1717089626647 329906.0 42
1717089637903 329906.0 43
1717089649066 329906.0 44
1717089660014 329906.0 45
1717089671047 329906.0 46
1717089682180 329906.0 47
1717089693562 329906.0 48
1717089704555 329906.0 49
1717089714541 329906.0 50
1717089724620 329906.0 51
1717089734504 329906.0 52
1717089743977 329906.0 53
1717089753491 329906.0 54
1717089762953 329906.0 55
1717089772454 329906.0 56
1717089782092 329906.0 57
1717089791312 329906.0 58
1717089800604 329906.0 59
1717089809720 329906.0 60
1717089819212 329906.0 61
1717089828461 329906.0 62
1717089837619 329906.0 63
1717089846954 329906.0 64
1717089856122 329906.0 65
1717089865822 329906.0 66
1717089875255 329906.0 67
1717089885019 329906.0 68
1717089896648 329906.0 69
1717089906731 329906.0 70
1717089915979 329906.0 71
1717089926494 329906.0 72
1717089936059 329906.0 73
1717089945231 329906.0 74
1717089954485 329906.0 75
1717089964536 329906.0 76
1717089974041 329906.0 77
1717089983294 329906.0 78
1717089992546 329906.0 79
1717090002351 329906.0 80
1717090011708 329906.0 81
1717090021188 329906.0 82
1717090030546 329906.0 83
1717090039758 329906.0 84
1717090049524 329906.0 85
1717090059589 329906.0 86
1717090068976 329906.0 87
1717090078613 329906.0 88
1717090088414 329906.0 89
1717090098089 329906.0 90
1717090108065 329906.0 91
1717090117747 329906.0 92
1717090127269 329906.0 93
1717090136985 329906.0 94
1717090146400 329906.0 95
1717090155881 329906.0 96
1717090165508 329906.0 97
1717090174998 329906.0 98
1717090184611 329906.0 99
