1717097311121 0.7089833617210388 1
1717097314629 0.8226845264434814 2
1717097318200 0.5294283032417297 3
1717097321821 0.4800909161567688 4
1717097325409 0.4776291251182556 5
1717097328844 0.47615763545036316 6
1717097332383 0.47487473487854004 7
1717097335905 0.4737602770328522 8
1717097339400 0.4727499783039093 9
1717097343068 0.4719075560569763 10
1717097346585 0.4710891842842102 11
1717097350184 0.4707319140434265 12
1717097353662 0.46976858377456665 13
1717097357150 0.46957874298095703 14
1717097360626 0.4693429470062256 15
1717097364142 0.46904289722442627 16
1717097367721 0.4689801037311554 17
1717097371223 0.4686475992202759 18
1717097374791 0.4685303568840027 19
1717097378350 0.4682810306549072 20
1717097381871 0.4681481420993805 21
1717097385317 0.4678954780101776 22
1717097388871 0.4679940640926361 23
1717097392366 0.46727222204208374 24
1717097395980 0.49916785955429077 25
1717097399498 0.5492635369300842 26
1717097403068 0.4789026081562042 27
1717097406826 0.47412002086639404 28
1717097411258 0.47138312458992004 29
1717097415276 0.4700942039489746 30
1717097418770 0.4693850874900818 31
1717097422285 0.46899518370628357 32
1717097425819 0.4686853289604187 33
1717097429387 0.4688369631767273 34
1717097433123 0.4684158265590668 35
1717097436570 0.4680390954017639 36
1717097440084 0.4681166410446167 37
1717097443570 0.4680106043815613 38
1717097447048 0.46773427724838257 39
1717097450545 0.4676662087440491 40
1717097454023 0.4676354229450226 41
1717097457828 0.4676099419593811 42
1717097461274 0.46758776903152466 43
1717097464642 0.46756842732429504 44
1717097468052 0.4675508439540863 45
1717097471444 0.4675352871417999 46
1717097474762 0.4675687253475189 47
1717097478058 0.46754422783851624 48
1717097481260 0.4674954414367676 49
1717097484557 0.46753522753715515 50
1717097487861 0.46753349900245667 51
1717097491095 0.467481404542923 52
1717097494351 0.4675027132034302 53
1717097497535 0.46751558780670166 54
1717097500774 0.46746471524238586 55
1717097504063 0.46783381700515747 56
1717097507263 0.4676640033721924 57
1717097510510 0.46733200550079346 58
1717097513790 0.4673593044281006 59
1717097517060 0.46797454357147217 60
1717097520320 0.46874314546585083 61
1717097523721 0.4672810733318329 62
1717097526966 0.46709296107292175 63
1717097530171 0.46822044253349304 64
1717097533432 0.4677368700504303 65
1717097536673 0.46729394793510437 66
1717097539916 0.46704375743865967 67
1717097543157 0.464582622051239 68
1717097546355 0.47892946004867554 69
1717097549571 0.530929446220398 70
1717097552779 0.4763317108154297 71
1717097555999 0.47290971875190735 72
1717097559172 0.4724700450897217 73
1717097562422 0.4717203974723816 74
1717097565696 0.4787183701992035 75
1717097568936 0.48059383034706116 76
1717097572159 0.4628552794456482 77
1717097575354 0.46723175048828125 78
1717097578624 0.4590909779071808 79
1717097581849 0.46413373947143555 80
1717097585110 0.4353829622268677 81
1717097588296 0.42554014921188354 82
1717097591549 0.4247824549674988 83
1717097594760 0.42989253997802734 84
1717097597982 0.4301682710647583 85
1717097601219 0.4134637117385864 86
1717097604348 0.4695437252521515 87
1717097607597 0.472045361995697 88
1717097610772 0.4696730375289917 89
1717097613961 0.468903124332428 90
1717097617238 0.4682285189628601 91
1717097620510 0.4676620662212372 92
1717097623754 0.46887725591659546 93
1717097626977 0.4677826464176178 94
1717097630213 0.4682604670524597 95
1717097633479 0.46733811497688293 96
1717097636758 0.4614503085613251 97
1717097640303 0.4818061590194702 98
1717097643776 0.4640284478664398 99
