1717097311121 0.808773218205133 1
1717097314629 0.7946801271097063 2
1717097318200 0.8035369098880707 3
1717097321821 0.8055929308228753 4
1717097325409 0.8055929308228753 5
1717097328844 0.8055929308228753 6
1717097332383 0.8055929308228753 7
1717097335905 0.8055929308228753 8
1717097339400 0.8055929308228753 9
1717097343068 0.8055929308228753 10
1717097346585 0.8055929308228753 11
1717097350184 0.8055929308228753 12
1717097353662 0.8055929308228753 13
1717097357150 0.8055929308228753 14
1717097360626 0.8055929308228753 15
1717097364142 0.8055929308228753 16
1717097367721 0.8055929308228753 17
1717097371223 0.8055929308228753 18
1717097374791 0.8055929308228753 19
1717097378350 0.8065168038860391 20
1717097381871 0.8090095567256164 21
1717097385317 0.8096435320001356 22
1717097388871 0.8120901558907672 23
1717097392366 0.8121119716726508 24
1717097395980 0.8130877942586021 25
1717097399498 0.8057323796584168 26
1717097403068 0.8055929308228753 27
1717097406826 0.8055929308228753 28
1717097411258 0.8055929308228753 29
1717097415276 0.8055929308228753 30
1717097418770 0.8055929308228753 31
1717097422285 0.8056574930632552 32
1717097425819 0.8057971447270231 33
1717097429387 0.8057088762675184 34
1717097433123 0.8058620878622738 35
1717097436570 0.8059096308284501 36
1717097440084 0.8083239448761732 37
1717097443570 0.8118705662317283 38
1717097447048 0.815563064823059 39
1717097450545 0.8171544737304197 40
1717097454023 0.8180061006464843 41
1717097457828 0.8186935812603149 42
1717097461274 0.8188882895652267 43
1717097464642 0.8188796013238784 44
1717097468052 0.8188796013238784 45
1717097471444 0.8192720004265344 46
1717097474762 0.8209128510371619 47
1717097478058 0.8218082329092595 48
1717097481260 0.8227269878877637 49
1717097484557 0.8229422100234187 50
1717097487861 0.8248097244814341 51
1717097491095 0.8247471050930908 52
1717097494351 0.8237597369185368 53
1717097497535 0.8249671005808805 54
1717097500774 0.8255271853478455 55
1717097504063 0.8222347864030262 56
1717097507263 0.8251231300176332 57
1717097510510 0.8250488476788496 58
1717097513790 0.8249068990356738 59
1717097517060 0.8207383637296912 60
1717097520320 0.8182380772906537 61
1717097523721 0.8212101675262722 62
1717097526966 0.8229542564499935 63
1717097530171 0.8250966015938335 64
1717097533432 0.8210573749985945 65
1717097536673 0.821382512705477 66
1717097539916 0.822205411232755 67
1717097543157 0.8256069343640022 68
1717097546355 0.8173833084478332 69
1717097549571 0.8092749528724872 70
1717097552779 0.8055929308228753 71
1717097555999 0.8055929308228753 72
1717097559172 0.8055929308228753 73
1717097562422 0.8055929308228753 74
1717097565696 0.8081729672699498 75
1717097568936 0.8074453578571976 76
1717097572159 0.8055929308228753 77
1717097575354 0.8056346045540212 78
1717097578624 0.8062969527063213 79
1717097581849 0.8133907829598945 80
1717097585110 0.8124890783420515 81
1717097588296 0.8156821021711846 82
1717097591549 0.82853858102762 83
1717097594760 0.8349914864644565 84
1717097597982 0.8319743060769077 85
1717097601219 0.8411822928825626 86
1717097604348 0.8112940955634262 87
1717097607597 0.8055929308228753 88
1717097610772 0.8093307757929908 89
1717097613961 0.8140625047518968 90
1717097617238 0.8149200829711822 91
1717097620510 0.8166574749847966 92
1717097623754 0.8167849851641891 93
1717097626977 0.8156103748137093 94
1717097630213 0.8168774805246959 95
1717097633479 0.8192384935452013 96
1717097636758 0.8211384507143142 97
1717097640303 0.816747823027631 98
1717097643776 0.8094417438089339 99
