1717002839661 21709.0 1
1717002844365 21709.0 2
1717002848930 21709.0 3
1717002853587 21709.0 4
1717002858271 21709.0 5
1717002862861 21709.0 6
1717002867656 21709.0 7
1717002872308 21709.0 8
1717002876943 21709.0 9
1717002881681 21709.0 10
1717002886302 21709.0 11
1717002890983 21709.0 12
1717002895733 21709.0 13
1717002900514 21709.0 14
1717002905303 21709.0 15
1717002909956 21709.0 16
1717002914752 21709.0 17
1717002919663 21709.0 18
1717002924312 21709.0 19
1717002928947 21709.0 20
1717002934203 21709.0 21
1717002938932 21709.0 22
1717002943775 21709.0 23
1717002948602 21709.0 24
1717002953391 21709.0 25
1717002958106 21709.0 26
1717002962799 21709.0 27
1717002967521 21709.0 28
1717002972558 21709.0 29
1717002977325 21709.0 30
1717002982068 21709.0 31
1717002986605 21709.0 32
1717002991260 21709.0 33
1717002995944 21709.0 34
1717003000658 21709.0 35
1717003005269 21709.0 36
1717003009909 21709.0 37
1717003014652 21709.0 38
1717003019327 21709.0 39
1717003023992 21709.0 40
1717003028723 21709.0 41
1717003033443 21709.0 42
1717003038176 21709.0 43
1717003042791 21709.0 44
1717003047468 21709.0 45
1717003052165 21709.0 46
1717003057017 21709.0 47
1717003061803 21709.0 48
1717003066592 21709.0 49
1717003071192 21709.0 50
1717003075807 21709.0 51
1717003080487 21709.0 52
1717003085051 21709.0 53
1717003089777 21709.0 54
1717003094536 21709.0 55
1717003099120 21709.0 56
1717003103719 21709.0 57
1717003108460 21709.0 58
1717003113485 21709.0 59
1717003118189 21709.0 60
1717003122978 21709.0 61
1717003127737 21709.0 62
1717003132493 21709.0 63
1717003137188 21709.0 64
1717003141853 21709.0 65
1717003146543 21709.0 66
1717003151205 21709.0 67
1717003155819 21709.0 68
1717003160487 21709.0 69
1717003165080 21709.0 70
1717003169716 21709.0 71
1717003174343 21709.0 72
1717003178956 21709.0 73
1717003183580 21709.0 74
1717003188183 21709.0 75
1717003192836 21709.0 76
1717003197625 21709.0 77
1717003202307 21709.0 78
1717003206957 21709.0 79
1717003211707 21709.0 80
1717003216469 21709.0 81
1717003221137 21709.0 82
1717003225825 21709.0 83
1717003230492 21709.0 84
1717003235223 21709.0 85
1717003239914 21709.0 86
1717003244667 21709.0 87
1717003249387 21709.0 88
1717003253985 21709.0 89
1717003258778 21709.0 90
1717003263611 21709.0 91
1717003268352 21709.0 92
1717003273067 21709.0 93
1717003277654 21709.0 94
1717003282437 21709.0 95
1717003287087 21709.0 96
1717003291747 21709.0 97
1717003297075 21709.0 98
1717003301749 21709.0 99
