1717256807720 21590.0 1
1717256809231 21590.0 2
1717256810732 21590.0 3
1717256812204 21590.0 4
1717256813718 21590.0 5
1717256815270 21590.0 6
1717256817002 21590.0 7
1717256818525 21590.0 8
1717256820119 21590.0 9
1717256821626 21590.0 10
1717256823253 21590.0 11
1717256826002 21590.0 12
1717256827707 21590.0 13
1717256829285 21590.0 14
1717256830764 21590.0 15
1717256832221 21590.0 16
1717256833668 21590.0 17
1717256835192 21590.0 18
1717256836858 21590.0 19
1717256839672 21590.0 20
1717256841456 21590.0 21
1717256842939 21590.0 22
1717256844636 21590.0 23
1717256846479 21590.0 24
1717256847934 21590.0 25
1717256849383 21590.0 26
1717256850802 21590.0 27
1717256852285 21590.0 28
1717256853764 21590.0 29
1717256855334 21590.0 30
1717256856813 21590.0 31
1717256858268 21590.0 32
1717256859832 21590.0 33
1717256861303 21590.0 34
1717256862838 21590.0 35
1717256864308 21590.0 36
1717256865782 21590.0 37
1717256867233 21590.0 38
1717256868660 21590.0 39
1717256870100 21590.0 40
1717256871546 21590.0 41
1717256872994 21590.0 42
1717256874413 21590.0 43
1717256875856 21590.0 44
1717256877350 21590.0 45
1717256878780 21590.0 46
1717256880196 21590.0 47
1717256881637 21590.0 48
1717256883068 21590.0 49
1717256884508 21590.0 50
1717256885926 21590.0 51
1717256887364 21590.0 52
1717256888833 21590.0 53
1717256890274 21590.0 54
1717256891775 21590.0 55
1717256893244 21590.0 56
1717256894705 21590.0 57
1717256896159 21590.0 58
1717256897613 21590.0 59
1717256899102 21590.0 60
1717256900613 21590.0 61
1717256902100 21590.0 62
1717256903574 21590.0 63
1717256906049 21590.0 64
1717256908082 21590.0 65
1717256909570 21590.0 66
1717256911117 21590.0 67
1717256912857 21590.0 68
1717256914398 21590.0 69
1717256916023 21590.0 70
1717256917500 21590.0 71
1717256919061 21590.0 72
1717256920491 21590.0 73
1717256922034 21590.0 74
1717256923496 21590.0 75
1717256924946 21590.0 76
1717256926400 21590.0 77
1717256927873 21590.0 78
1717256929325 21590.0 79
1717256930790 21590.0 80
1717256932239 21590.0 81
1717256933712 21590.0 82
1717256935546 21590.0 83
1717256937083 21590.0 84
1717256938720 21590.0 85
1717256940706 21590.0 86
1717256942219 21590.0 87
1717256943662 21590.0 88
1717256945113 21590.0 89
1717256946600 21590.0 90
1717256948280 21590.0 91
1717256949728 21590.0 92
1717256951212 21590.0 93
1717256952923 21590.0 94
1717256954429 21590.0 95
1717256955928 21590.0 96
1717256957382 21590.0 97
1717256958886 21590.0 98
1717256960342 21590.0 99
