1717256807720 0.2807841899519263 1
1717256809231 0.40215703696612803 2
1717256810732 0.47541667685043587 3
1717256812204 0.5191539813329717 4
1717256813718 0.5208554242369903 5
1717256815270 0.5507471942202062 6
1717256817002 0.5487134126033333 7
1717256818525 0.5681449875466149 8
1717256820119 0.5752779116222313 9
1717256821626 0.5934671427812643 10
1717256823253 0.6008249594065685 11
1717256826002 0.6034487199881776 12
1717256827707 0.6146525020212847 13
1717256829285 0.6171283878877813 14
1717256830764 0.6356789657674959 15
1717256832221 0.6298946205915442 16
1717256833668 0.6549132792328491 17
1717256835192 0.6509279432654045 18
1717256836858 0.6486867801596365 19
1717256839672 0.6658374584059409 20
1717256841456 0.6478344233325003 21
1717256842939 0.6411466016411281 22
1717256844636 0.6597995490241001 23
1717256846479 0.6520950507304177 24
1717256847934 0.6769678677546629 25
1717256849383 0.6520054154664668 26
1717256850802 0.6545959272793528 27
1717256852285 0.6676737546402857 28
1717256853764 0.6575340208301955 29
1717256855334 0.6562018054728057 30
1717256856813 0.6560585646034489 31
1717256858268 0.633743842922038 32
1717256859832 0.656208777347315 33
1717256861303 0.646415484684074 34
1717256862838 0.6458085291919194 35
1717256864308 0.6354578031212212 36
1717256865782 0.6296790056840441 37
1717256867233 0.6425285596391513 38
1717256868660 0.6467255453916657 39
1717256870100 0.656566225529275 40
1717256871546 0.6546192310343241 41
1717256872994 0.6599899554175283 42
1717256874413 0.670271231972127 43
1717256875856 0.661455788593709 44
1717256877350 0.6614719164081545 45
1717256878780 0.665765175755411 46
1717256880196 0.6619937961897823 47
1717256881637 0.6665015535226118 48
1717256883068 0.6645371814643207 49
1717256884508 0.6662917351883109 50
1717256885926 0.6673109685670933 51
1717256887364 0.6632593074687461 52
1717256888833 0.6663819341837922 53
1717256890274 0.6672015942844597 54
1717256891775 0.6704700463373034 55
1717256893244 0.6692838893248861 56
1717256894705 0.6722038003567608 57
1717256896159 0.6731824462183756 58
1717256897613 0.6737794988483401 59
1717256899102 0.674647718885073 60
1717256900613 0.6742804807892898 61
1717256902100 0.6775276566940175 62
1717256903574 0.6788596500317764 63
1717256906049 0.6729973202385103 64
1717256908082 0.677994388457856 65
1717256909570 0.6748588611375581 66
1717256911117 0.6785446167963964 67
1717256912857 0.675064877994333 68
1717256914398 0.6716178203806571 69
1717256916023 0.6767001769211973 70
1717256917500 0.6768953454247214 71
1717256919061 0.6800475788911297 72
1717256920491 0.6719022049340871 73
1717256922034 0.6756897602285598 74
1717256923496 0.676257437962647 75
1717256924946 0.6804152896882896 76
1717256926400 0.6791705579690883 77
1717256927873 0.6792151952874036 78
1717256929325 0.6755430658273293 79
1717256930790 0.6790285076208581 80
1717256932239 0.6752779466356682 81
1717256933712 0.6821216332895204 82
1717256935546 0.6772707873406532 83
1717256937083 0.6786612928516997 84
1717256938720 0.6793648096429303 85
1717256940706 0.6789390852129543 86
1717256942219 0.6802220502880415 87
1717256943662 0.6797705991795123 88
1717256945113 0.6831761531320614 89
1717256946600 0.6793154819627581 90
1717256948280 0.6762627004681573 91
1717256949728 0.6717704844150594 92
1717256951212 0.6793078198815444 93
1717256952923 0.6780768280767279 94
1717256954429 0.6746435177723337 95
1717256955928 0.679287785640813 96
1717256957382 0.6818952830925031 97
1717256958886 0.67977610552983 98
1717256960342 0.6818903256488826 99
