1717570278005 0.5101362286210827 1
1717570283237 0.6300064476077338 2
1717570287887 0.6939305034564107 3
1717570292431 0.716109298050222 4
1717570297708 0.7483326110762505 5
1717570302904 0.7612479409011121 6
1717570307990 0.7796455840561377 7
1717570313179 0.7871489682076388 8
1717570318383 0.7980593094828508 9
1717570324416 0.8066837629406329 10
1717570330271 0.8179185650844791 11
1717570336278 0.8279373019276759 12
1717570342463 0.8355242606997737 13
1717570347996 0.8419964224370524 14
1717570352467 0.8452023198721481 15
1717570356995 0.8533930197824307 16
1717570361563 0.8589263620466585 17
1717570366146 0.8633398573116475 18
1717570371190 0.8665942502746908 19
1717570376227 0.8686624153144454 20
1717570381309 0.8700226879327919 21
1717570387149 0.8726674636842687 22
1717570392462 0.8739765643958827 23
1717570397081 0.8769207540061651 24
1717570401716 0.87736936317339 25
1717570406177 0.8794162216539465 26
1717570410841 0.8789104254999656 27
1717570415628 0.8789010088868324 28
1717570422350 0.8802079865828711 29
1717570428445 0.8817021738343718 30
1717570433766 0.881722431503599 31
1717570438870 0.8833078278140106 32
1717570444090 0.8828198384257041 33
1717570449112 0.8858303432349349 34
1717570453615 0.8861103965963001 35
1717570458075 0.8869207558286476 36
1717570463120 0.8890003055326231 37
1717570468021 0.8892274029918403 38
1717570472702 0.8907565752035989 39
1717570477290 0.8902686011024905 40
1717570482809 0.8924697430069458 41
1717570488077 0.8936582199016658 42
1717570493142 0.894797631026787 43
1717570499108 0.8952595936513791 44
1717570505815 0.8959193824137771 45
1717570511378 0.8972310019829342 46
1717570517041 0.897369229044669 47
1717570522782 0.8982967732005147 48
1717570527795 0.8971961934094712 49
1717570532751 0.8994195114977054 50
1717570538515 0.8987455386503024 51
1717570544363 0.8998871089009153 52
1717570550078 0.8994253928276266 53
1717570555949 0.8999814126570411 54
1717570561639 0.8999339739381035 55
1717570567176 0.8997128242607868 56
1717570572947 0.9008016818543249 57
1717570578302 0.9010863897357299 58
1717570583647 0.9012426925630639 59
1717570588422 0.9016713004160819 60
1717570593060 0.9018125526524785 61
1717570597629 0.9014976894243895 62
1717570602352 0.902244535534537 63
1717570607005 0.9024057663398902 64
1717570611524 0.9028812884464144 65
1717570616566 0.9032686577931478 66
1717570621296 0.9032054665143557 67
1717570625969 0.9042891976983329 68
1717570631072 0.9036869600995362 69
1717570635681 0.9044984174695228 70
1717570640358 0.9047598131190718 71
1717570645026 0.9049758842914518 72
1717570649592 0.9050686754115709 73
1717570654301 0.9049462113440399 74
1717570659259 0.9065198619717549 75
1717570663964 0.906186044562811 76
1717570668640 0.906287320510886 77
1717570673381 0.9063141201955079 78
1717570678285 0.9066803622258894 79
1717570683008 0.9067848066812905 80
1717570687722 0.9071846298599324 81
1717570692466 0.9078208435309301 82
1717570697200 0.9073001150965092 83
1717570701794 0.9074537629973686 84
1717570706601 0.9079017798924484 85
1717570711572 0.9083719339952853 86
1717570716215 0.9088219919113947 87
1717570720879 0.9091372823065803 88
1717570725607 0.9079304872004681 89
1717570730320 0.908667599391914 90
1717570735177 0.9089858013115817 91
1717570739889 0.9100170256159922 92
1717570744555 0.9094272866563654 93
1717570749236 0.909817068864992 94
1717570754075 0.9095029282132532 95
1717570758734 0.9096180517226359 96
1717570763493 0.9096680073470312 97
1717570768102 0.9100427240443197 98
1717570772768 0.9099740673160872 99
