1717331406463 0.06108487200951414 1
1717331415213 0.0 2
1717331423906 0.1 3
1717331432298 0.04128735632183909 4
1717331440722 0.06370175438596491 5
1717331450230 0.21936800933232692 6
1717331459262 0.09731766274902058 7
1717331467573 0.20215912001661632 8
1717331476195 0.41369292259418255 9
1717331484751 0.5183725290795926 10
1717331494104 0.4989050870462924 11
1717331502611 0.46285809122856136 12
1717331511055 0.483207961052596 13
1717331520192 0.585713158700423 14
1717331528825 0.6165224753220505 15
1717331537316 0.6377561954432447 16
1717331545706 0.6150066562627983 17
1717331554939 0.16731403224839658 18
1717331563438 0.11546448087431693 19
1717331571974 0.47772934510423115 20
1717331580795 0.49741564328847987 21
1717331590138 0.5224614431954133 22
1717331598609 0.4288175932504211 23
1717331607725 0.46964954722345575 24
1717331616300 0.49360189012080136 25
1717331624756 0.49732509940612635 26
1717331633381 0.48781898604922025 27
1717331642649 0.5112873741141464 28
1717331651729 0.4915367949433424 29
1717331660329 0.4956187059506165 30
1717331668977 0.4586523518959306 31
1717331677642 0.3150272396498358 32
1717331686873 0.5025501760316008 33
1717331695481 0.5111424396855102 34
1717331704079 0.5067279672014167 35
1717331712726 0.5068196825997223 36
1717331722186 0.5209803182439396 37
1717331730958 0.5245156081644915 38
1717331739404 0.5352422701391487 39
1717331748639 0.5249530900537149 40
1717331757735 0.5341259305533724 41
1717331766420 0.5524940901667371 42
1717331775590 0.4919830228474941 43
1717331784176 0.5470330981256859 44
1717331794061 0.5447363445570483 45
1717331802726 0.5662260827429925 46
1717331811319 0.5690107706315467 47
1717331819888 0.5926376855155286 48
1717331829327 0.5702463662793998 49
1717331838038 0.6023704694500526 50
1717331846938 0.5789960989287746 51
1717331855585 0.6049600807820681 52
1717331865026 0.5629509261521204 53
1717331873726 0.6103874495305133 54
1717331882301 0.5879049043884623 55
1717331891567 0.17175064564543216 56
1717331900174 0.058333333333333334 57
1717331908841 0.04 58
1717331917235 0.17891134053875093 59
1717331925903 0.36232326362738065 60
1717331934389 0.5302020668005857 61
1717331943910 0.5264007351976919 62
1717331952349 0.5918326427546876 63
1717331961014 0.6089515980357684 64
1717331969648 0.5734118858728419 65
1717331979108 0.6173572422358612 66
1717331987760 0.5965324483007908 67
1717331996379 0.6188576091917986 68
1717332004930 0.6231659986995342 69
1717332014420 0.6306695871121422 70
1717332022890 0.7052783757909042 71
1717332031543 0.6880635758037135 72
1717332041085 0.6692433159982139 73
1717332049630 0.6964724338931891 74
1717332058873 0.6838715112718226 75
1717332067514 0.6570563957837317 76
1717332076220 0.6869812892724301 77
1717332084699 0.6797054046794642 78
1717332094390 0.5097324304400184 79
1717332103005 0.6601512107118459 80
1717332111605 0.6561105352506693 81
1717332120286 0.6151365793793497 82
1717332129558 0.6623629485488205 83
1717332138148 0.6665272954614594 84
1717332146724 0.667607077236364 85
1717332155582 0.6424307946959513 86
1717332165092 0.6782573875857544 87
1717332173820 0.6640696465461837 88
1717332182434 0.6693617343648908 89
1717332191921 0.6757875902707778 90
1717332200575 0.6666365755117816 91
1717332209203 0.6747130815404916 92
1717332218519 0.6606696600174503 93
1717332227275 0.6765728428870115 94
1717332235957 0.6697933496125458 95
1717332245554 0.678941631019492 96
1717332254716 0.6731200989751777 97
1717332263223 0.6729796826434952 98
1717332271871 0.6740068661193896 99
