1717331406463 0.025765174999833107 1
1717331415213 0.0 2
1717331423906 0.0012499999720603228 3
1717331432298 0.001981997862458229 4
1717331440722 0.0032142959535121918 5
1717331450230 0.02931324578821659 6
1717331459262 0.008156316354870796 7
1717331467573 0.04150151088833809 8
1717331476195 0.01728011667728424 9
1717331484751 0.06998822093009949 10
1717331494104 0.11591042578220367 11
1717331502611 0.10184188187122345 12
1717331511055 0.15923619270324707 13
1717331520192 0.23269812762737274 14
1717331528825 0.26655811071395874 15
1717331537316 0.32321977615356445 16
1717331545706 0.3396050035953522 17
1717331554939 0.037712980061769485 18
1717331563438 0.027664881199598312 19
1717331571974 0.12218282371759415 20
1717331580795 0.19465237855911255 21
1717331590138 0.21853026747703552 22
1717331598609 0.18984761834144592 23
1717331607725 0.1752396821975708 24
1717331616300 0.22227950394153595 25
1717331624756 0.21957352757453918 26
1717331633381 0.21116872131824493 27
1717331642649 0.22182953357696533 28
1717331651729 0.20100729167461395 29
1717331660329 0.20742282271385193 30
1717331668977 0.16943608224391937 31
1717331677642 0.1056027039885521 32
1717331686873 0.18256250023841858 33
1717331695481 0.22568950057029724 34
1717331704079 0.22736430168151855 35
1717331712726 0.23014803230762482 36
1717331722186 0.23167741298675537 37
1717331730958 0.2203795462846756 38
1717331739404 0.23866327106952667 39
1717331748639 0.22362461686134338 40
1717331757735 0.22552236914634705 41
1717331766420 0.25981420278549194 42
1717331775590 0.17083510756492615 43
1717331784176 0.2525184750556946 44
1717331794061 0.25973519682884216 45
1717331802726 0.2596246600151062 46
1717331811319 0.289835125207901 47
1717331819888 0.30873528122901917 48
1717331829327 0.319640189409256 49
1717331838038 0.30476075410842896 50
1717331846938 0.3026235103607178 51
1717331855585 0.32502463459968567 52
1717331865026 0.2950112223625183 53
1717331873726 0.311487078666687 54
1717331882301 0.31033867597579956 55
1717331891567 0.07844609767198563 56
1717331900174 0.0012211077846586704 57
1717331908841 0.00847913883626461 58
1717331917235 0.06561647355556488 59
1717331925903 0.12936267256736755 60
1717331934389 0.13880598545074463 61
1717331943910 0.19269335269927979 62
1717331952349 0.2247258424758911 63
1717331961014 0.2528640627861023 64
1717331969648 0.2771119773387909 65
1717331979108 0.28519517183303833 66
1717331987760 0.2927446961402893 67
1717331996379 0.30357426404953003 68
1717332004930 0.3405552804470062 69
1717332014420 0.30785849690437317 70
1717332022890 0.4423641264438629 71
1717332031543 0.4395785331726074 72
1717332041085 0.46119484305381775 73
1717332049630 0.43806925415992737 74
1717332058873 0.45865002274513245 75
1717332067514 0.44330865144729614 76
1717332076220 0.46201205253601074 77
1717332084699 0.47309789061546326 78
1717332094390 0.285306841135025 79
1717332103005 0.3241376280784607 80
1717332111605 0.4289666712284088 81
1717332120286 0.3470117449760437 82
1717332129558 0.43031400442123413 83
1717332138148 0.4568226933479309 84
1717332146724 0.4526078701019287 85
1717332155582 0.44877195358276367 86
1717332165092 0.45430245995521545 87
1717332173820 0.46762242913246155 88
1717332182434 0.45959195494651794 89
1717332191921 0.4707469940185547 90
1717332200575 0.46558159589767456 91
1717332209203 0.46139001846313477 92
1717332218519 0.47561874985694885 93
1717332227275 0.47095412015914917 94
1717332235957 0.4820038378238678 95
1717332245554 0.47754374146461487 96
1717332254716 0.4749254286289215 97
1717332263223 0.47586098313331604 98
1717332271871 0.4782137870788574 99
