1717331406463 0.9151313810616186 1
1717331415213 0.9672498065918486 2
1717331423906 0.9672673966876488 3
1717331432298 0.9671620883285108 4
1717331440722 0.9671407438953447 5
1717331450230 0.96723274126797 6
1717331459262 0.9670921750999575 7
1717331467573 0.9670576533027886 8
1717331476195 0.9672228652013596 9
1717331484751 0.9673669203552908 10
1717331494104 0.9676067637399189 11
1717331502611 0.9661499208937965 12
1717331511055 0.9670719112014016 13
1717331520192 0.9676986381342161 14
1717331528825 0.9689200990703142 15
1717331537316 0.9695161780765963 16
1717331545706 0.9693217709770725 17
1717331554939 0.9652118449821007 18
1717331563438 0.967357848030488 19
1717331571974 0.9670576796401799 20
1717331580795 0.9670617112412042 21
1717331590138 0.9672742574614173 22
1717331598609 0.9667960199420467 23
1717331607725 0.9669421673137952 24
1717331616300 0.9668803108175507 25
1717331624756 0.9669614997559043 26
1717331633381 0.9670021587452549 27
1717331642649 0.9671817099828022 28
1717331651729 0.9669269569752338 29
1717331660329 0.9669671159139057 30
1717331668977 0.9666803046231361 31
1717331677642 0.9661875753638464 32
1717331686873 0.9670754574045114 33
1717331695481 0.9671043979876195 34
1717331704079 0.9670688570728064 35
1717331712726 0.9670606614916807 36
1717331722186 0.967325882418279 37
1717331730958 0.967208076370994 38
1717331739404 0.9669305515423126 39
1717331748639 0.967457226355551 40
1717331757735 0.9675539154719077 41
1717331766420 0.9676497346004581 42
1717331775590 0.9673339290290072 43
1717331784176 0.9679617239629049 44
1717331794061 0.9677170564394529 45
1717331802726 0.9683013626296877 46
1717331811319 0.9684694794647374 47
1717331819888 0.9690404024100511 48
1717331829327 0.9683459419881372 49
1717331838038 0.9690528028996201 50
1717331846938 0.9683903266783955 51
1717331855585 0.9693439295306753 52
1717331865026 0.9673737613627441 53
1717331873726 0.9692146979169676 54
1717331882301 0.9688507386688834 55
1717331891567 0.9645996083672912 56
1717331900174 0.9670926260930706 57
1717331908841 0.9671470885691745 58
1717331917235 0.966873827972981 59
1717331925903 0.9667360650870739 60
1717331934389 0.9676225606835042 61
1717331943910 0.9675821341610877 62
1717331952349 0.9684147142564624 63
1717331961014 0.9689585873662064 64
1717331969648 0.9682007946464608 65
1717331979108 0.9687242013868402 66
1717331987760 0.9683504632540307 67
1717331996379 0.9694982121975564 68
1717332004930 0.9685775423152538 69
1717332014420 0.9709617074531206 70
1717332022890 0.972969904893467 71
1717332031543 0.9723158841148829 72
1717332041085 0.9724308870702647 73
1717332049630 0.9721820031513448 74
1717332058873 0.972616327371373 75
1717332067514 0.9715163417159598 76
1717332076220 0.9729151366623869 77
1717332084699 0.9730335828948707 78
1717332094390 0.966024398811238 79
1717332103005 0.9701719054652465 80
1717332111605 0.9714250312394432 81
1717332120286 0.9696308749393499 82
1717332129558 0.9715400607828399 83
1717332138148 0.9723348414023315 84
1717332146724 0.972222829853864 85
1717332155582 0.9716001572966297 86
1717332165092 0.9724230766949227 87
1717332173820 0.9724540203470712 88
1717332182434 0.9720848479541179 89
1717332191921 0.9728174941119638 90
1717332200575 0.9722260619114318 91
1717332209203 0.9724854606547382 92
1717332218519 0.9722764161990615 93
1717332227275 0.9726028970788183 94
1717332235957 0.9726368397750436 95
1717332245554 0.9727996379126903 96
1717332254716 0.9726639252480609 97
1717332263223 0.9727853518842758 98
1717332271871 0.9728481971252844 99
