1717464408704 0.8166136792414623 1
1717464419737 0.9532271464215573 2
1717464431323 0.9479423013628564 3
1717464442787 0.9446755332169917 4
1717464454332 0.9425158819482571 5
1717464465842 0.9425641778221692 6
1717464476942 0.9434321805736944 7
1717464488447 0.9306028869690482 8
1717464499960 0.9256773999595903 9
1717464511522 0.920538886999662 10
1717464523237 0.9179762613723297 11
1717464535061 0.9181524112151861 12
1717464547267 0.9188569015926865 13
1717464559068 0.9193330193260815 14
1717464570867 0.9194741633104926 15
1717464582714 0.9198016775531961 16
1717464594539 0.9197929441340283 17
1717464606435 0.920156028467732 18
1717464618336 0.920304930469075 19
1717464630282 0.9205805215114137 20
1717464642245 0.9205814923605292 21
1717464654159 0.920414419201501 22
1717464666237 0.9204110757563833 23
1717464678447 0.9200880108343357 24
1717464690271 0.9203803930690271 25
1717464702157 0.9204541398017638 26
1717464714157 0.920631474095516 27
1717464726136 0.9207302934490307 28
1717464738247 0.9211701174823189 29
1717464750390 0.9216625302605536 30
1717464762570 0.9220502185092262 31
1717464774579 0.9222151809902189 32
1717464786501 0.9227906180430777 33
1717464798448 0.923536319129711 34
1717464810208 0.9238356626191047 35
1717464822025 0.9240608037001545 36
1717464833873 0.9246204818144098 37
1717464845961 0.9251460873756528 38
1717464858016 0.9255341082363643 39
1717464870178 0.9263710110283129 40
1717464882358 0.9267481186267573 41
1717464894509 0.9267949782907475 42
1717464906674 0.9271328243961211 43
1717464918960 0.9275042582047244 44
1717464931202 0.9276634401163053 45
1717464943461 0.9280395827825259 46
1717464955673 0.9281921616768493 47
1717464967936 0.9282632882406653 48
1717464980150 0.9282581861135805 49
1717464992464 0.9283534232054781 50
1717465004827 0.9285126015116864 51
1717465017107 0.9283083008739271 52
1717465029285 0.9283937117410043 53
1717465041543 0.9287028842554818 54
1717465053854 0.9286326460325589 55
1717465066100 0.9290078111985671 56
1717465078265 0.929302366958634 57
1717465090513 0.9296844199018267 58
1717465102481 0.929652690024681 59
1717465114277 0.9302142785606723 60
1717465126577 0.9302983287598846 61
1717465138934 0.9306878602247971 62
1717465151218 0.9310371837658069 63
1717465163487 0.931202587276501 64
1717465175765 0.9314687463472996 65
1717465188234 0.9319542609709317 66
1717465200672 0.9319628252469158 67
1717465213202 0.9324166375245045 68
1717465225742 0.932656927723036 69
1717465238226 0.9328755677041067 70
1717465250724 0.9331835993498331 71
1717465263122 0.933537614637341 72
1717465275604 0.9337028534529768 73
1717465287682 0.9341904872293414 74
1717465299722 0.9349087245642442 75
1717465311751 0.9355952430864043 76
1717465326611 0.9358650749160458 77
1717465337973 0.9359765583218405 78
1717465349287 0.9369554809182257 79
1717465361108 0.9377885204800236 80
1717465372706 0.9382063496816434 81
1717465384328 0.9383866499018708 82
1717465396136 0.9387325775110806 83
1717465407927 0.9395085376192885 84
1717465419911 0.9398041297283883 85
1717465431981 0.940005969015028 86
1717465444030 0.9404751030296669 87
1717465456244 0.9402941663854489 88
1717465468249 0.9406301193440493 89
1717465480366 0.9409318635418681 90
1717465492472 0.9411106967052414 91
1717465504652 0.9415858395437687 92
1717465516788 0.9417754005405162 93
1717465528802 0.9420776283254674 94
1717465540927 0.9419875068434008 95
1717465553044 0.9422445472522845 96
1717465565160 0.9424809277787437 97
1717465577300 0.9429422381061855 98
1717465589466 0.9430205107529749 99
