1717443948376 0.18532086531227446 1
1717443948731 0.22452837178336918 2
1717443949090 0.3303896769629707 3
1717443949421 0.9420002053836181 4
1717443949790 1.0 5
1717443950157 0.9515181579439541 6
1717443950529 0.9746374625850704 7
1717443950886 0.9662028638087341 8
1717443951274 0.9606430968443456 9
1717443951661 0.979192375979023 10
1717443952050 0.9724282270857725 11
1717443952435 0.9657376391598032 12
1717443952813 0.9698919462190316 13
1717443953199 0.9602389253129769 14
1717443953588 0.9664045527240399 15
1717443953969 0.9864109516316845 16
1717443954344 0.9767102240735406 17
1717443954719 0.9703461872204737 18
1717443955099 0.9756431692318068 19
1717443955483 0.9849965447790523 20
1717443955871 0.9839025996510862 21
1717443956244 0.9849042326693875 22
1717443956633 0.986044863877577 23
1717443957010 0.982794703185649 24
1717443957392 0.98205959640314 25
1717443957789 0.9791900886849572 26
1717443958164 0.9800607129933621 27
1717443958608 0.9826804749865268 28
1717443959043 0.9813609779846088 29
1717443959442 0.9789469620739663 30
1717443959819 0.9745432550867729 31
1717443960208 0.9729644234092905 32
1717443960619 0.9797705227801322 33
1717443961015 0.9802348847752101 34
1717443961411 0.9738920548149789 35
1717443961780 0.9690417921158029 36
1717443962225 0.9661200004861943 37
1717443962602 0.9466509802103485 38
1717443962980 0.8846076323153289 39
1717443963363 0.8770880194736456 40
1717443963754 1.0 41
1717443964143 0.8664848909003152 42
1717443964516 1.0 43
1717443964903 0.9927793428881415 44
1717443965287 0.9947956989247312 45
1717443965694 1.0 46
1717443966073 0.9934938320732193 47
1717443966458 1.0 48
1717443966854 1.0 49
1717443967254 1.0 50
1717443967643 1.0 51
1717443968034 1.0 52
1717443968430 1.0 53
1717443968825 1.0 54
1717443969270 1.0 55
1717443969686 1.0 56
1717443970096 1.0 57
1717443970507 1.0 58
1717443970910 1.0 59
1717443971348 1.0 60
1717443971737 1.0 61
1717443972146 1.0 62
1717443972582 1.0 63
1717443972980 1.0 64
1717443973379 1.0 65
1717443973772 1.0 66
1717443974170 1.0 67
1717443974561 1.0 68
1717443974944 1.0 69
1717443975333 1.0 70
1717443975723 1.0 71
1717443976102 1.0 72
1717443976472 1.0 73
1717443976867 1.0 74
1717443977283 1.0 75
1717443977639 1.0 76
1717443978002 1.0 77
1717443978383 1.0 78
1717443978773 1.0 79
1717443979151 1.0 80
1717443979522 1.0 81
1717443979909 1.0 82
1717443980294 1.0 83
1717443980686 1.0 84
1717443981086 1.0 85
1717443981495 1.0 86
1717443981884 1.0 87
1717443982265 1.0 88
1717443982643 1.0 89
1717443983033 1.0 90
1717443983429 1.0 91
1717443983847 1.0 92
1717443984228 1.0 93
1717443984632 1.0 94
1717443985016 1.0 95
1717443985406 1.0 96
1717443985807 1.0 97
1717443986202 1.0 98
1717443986595 1.0 99
