1717520450571 101.6126480102539 1
1717520451753 102.05695343017578 2
1717520452968 102.05695343017578 3
1717520454183 102.05695343017578 4
1717520455381 102.05695343017578 5
1717520456555 102.05695343017578 6
1717520457753 102.05695343017578 7
1717520458952 102.05695343017578 8
1717520460170 102.05695343017578 9
1717520461341 102.05695343017578 10
1717520462543 102.05695343017578 11
1717520463720 102.05695343017578 12
1717520464920 102.05695343017578 13
1717520466117 102.05695343017578 14
1717520467377 102.05695343017578 15
1717520468610 102.05695343017578 16
1717520469839 102.05695343017578 17
1717520471141 102.05695343017578 18
1717520472360 102.05695343017578 19
1717520473559 102.05695343017578 20
1717520474799 102.05695343017578 21
1717520476000 102.05695343017578 22
1717520477192 102.05695343017578 23
1717520478410 102.05695343017578 24
1717520479612 102.05695343017578 25
1717520480833 102.05695343017578 26
1717520482079 102.05695343017578 27
1717520483314 102.05695343017578 28
1717520484532 102.05695343017578 29
1717520485748 102.05695343017578 30
1717520486961 102.05695343017578 31
1717520488251 102.05695343017578 32
1717520489464 102.05695343017578 33
1717520490665 102.05695343017578 34
1717520491870 102.05695343017578 35
1717520493058 102.05695343017578 36
1717520494250 102.05695343017578 37
1717520495471 102.05695343017578 38
1717520496683 102.05695343017578 39
1717520497882 102.05695343017578 40
1717520499272 102.05695343017578 41
1717520500755 102.05695343017578 42
1717520502252 102.05695343017578 43
1717520503497 102.05695343017578 44
1717520504716 102.05695343017578 45
1717520506009 102.05695343017578 46
1717520507220 102.05695343017578 47
1717520508450 102.05695343017578 48
1717520509991 102.05695343017578 49
1717520511417 102.05695343017578 50
1717520513025 102.05695343017578 51
1717520514505 102.05695343017578 52
1717520516032 102.05695343017578 53
1717520517470 102.05695343017578 54
1717520518889 102.05695343017578 55
1717520520332 102.05695343017578 56
1717520521683 102.05695343017578 57
1717520523068 102.05695343017578 58
1717520524418 102.05695343017578 59
1717520525845 102.05695343017578 60
1717520527301 102.05695343017578 61
1717520528766 102.05695343017578 62
1717520530247 102.05695343017578 63
1717520531724 102.05695343017578 64
1717520533200 102.05695343017578 65
1717520534652 102.05695343017578 66
1717520536085 102.05695343017578 67
1717520537466 102.05695343017578 68
1717520538883 102.05695343017578 69
1717520540369 102.05695343017578 70
1717520541958 102.05695343017578 71
1717520543392 102.05695343017578 72
1717520544740 102.05695343017578 73
1717520545958 102.05695343017578 74
1717520547190 102.05695343017578 75
1717520548362 102.05695343017578 76
1717520549590 102.05695343017578 77
1717520550811 102.05695343017578 78
1717520552021 102.05695343017578 79
1717520553228 102.05695343017578 80
1717520554424 102.05695343017578 81
1717520555617 102.05695343017578 82
1717520556820 102.05695343017578 83
1717520558034 102.05695343017578 84
1717520559255 102.05695343017578 85
1717520560478 102.05695343017578 86
1717520561679 102.05695343017578 87
1717520562886 102.05695343017578 88
1717520564073 102.05695343017578 89
1717520565503 102.05695343017578 90
1717520566746 102.05695343017578 91
1717520567964 102.05695343017578 92
1717520569146 102.05695343017578 93
1717520570358 102.05695343017578 94
1717520571673 102.05695343017578 95
1717520572875 102.05695343017578 96
1717520574108 102.05695343017578 97
1717520575312 102.05695343017578 98
1717520576540 102.05695343017578 99
