1717708596966 0.0013018633540372582 1
1717708599139 0.1570086956521739 2
1717708601303 0.46362236024844716 3
1717708603941 0.42475031055900625 4
1717708606302 0.44031801242236024 5
1717708608577 0.46317018633540374 6
1717708610768 0.4695055900621118 7
1717708613018 0.4271701863354037 8
1717708615652 0.39678012422360254 9
1717708617718 0.4067229813664597 10
1717708619875 0.28662360248447205 11
1717708622149 0.2784 12
1717708624351 0.26738385093167705 13
1717708626478 0.2610434782608696 14
1717708628748 0.2672 15
1717708630859 0.291567701863354 16
