1717248082621 0.7304729982715953 1
1717248084907 0.7825898118518932 2
1717248087061 0.7856007164639655 3
1717248089228 0.7864921840652345 4
1717248091554 0.7906430763933693 5
1717248093849 0.7937288844586128 6
1717248096209 0.7964123474749842 7
1717248098586 0.7999016333127019 8
1717248101013 0.7994222642413497 9
1717248103436 0.802687744161078 10
1717248105870 0.8045036625347064 11
1717248108546 0.8058786953253911 12
1717248110984 0.8065795791277025 13
1717248113368 0.8088945258688246 14
1717248115776 0.8091461249063053 15
1717248118207 0.8104656281859963 16
1717248120606 0.811394938456362 17
1717248123039 0.8129331218883192 18
1717248125455 0.8139341653665928 19
1717248127857 0.8153043267370021 20
1717248130450 0.8170309868817974 21
1717248132909 0.8181307424457648 22
1717248135308 0.8193408807432514 23
1717248137727 0.8201384869137434 24
1717248140121 0.8218616944092619 25
1717248142536 0.8230274584534238 26
1717248144921 0.8236798814807615 27
1717248147354 0.8246199312038849 28
1717248149762 0.8245967746476599 29
1717248152130 0.8252981060773552 30
1717248154538 0.8256045546233958 31
1717248156958 0.826369511507773 32
1717248159389 0.8265411213384711 33
1717248161845 0.826441370637687 34
1717248164272 0.8267972510162299 35
1717248166609 0.8263472089747352 36
1717248169077 0.8265761808110694 37
1717248171436 0.8270603530504284 38
1717248173842 0.8269458888519405 39
1717248176273 0.8272273415159191 40
1717248178683 0.8273495864427441 41
1717248181057 0.8280012394964079 42
1717248183429 0.8282635876550861 43
1717248185869 0.8282967991828597 44
1717248188263 0.8286617338103773 45
1717248190910 0.8296240629978031 46
1717248193304 0.8302216746948462 47
1717248195685 0.8305221352507417 48
1717248198047 0.8312552851934221 49
1717248200405 0.831411571040292 50
1717248202752 0.8319596335711585 51
1717248205162 0.8327053966439688 52
1717248207524 0.8331987552120201 53
1717248209867 0.8334109594958209 54
1717248212267 0.833824727298282 55
1717248214625 0.8342590692930276 56
1717248217031 0.8348013673510342 57
1717248219378 0.8359348742914369 58
1717248221792 0.836537296448155 59
1717248224252 0.8374006238758439 60
1717248226603 0.8385516974735799 61
1717248229000 0.8392926502768681 62
1717248231598 0.840312587571234 63
1717248234419 0.840488015353525 64
1717248236896 0.840592164148535 65
1717248239281 0.8413385287623614 66
1717248241650 0.8417670375882855 67
1717248244055 0.8424367094583352 68
1717248246478 0.8425718185615951 69
1717248248858 0.843073808919403 70
1717248251220 0.8432326912800493 71
1717248253629 0.8436806883985581 72
1717248256024 0.8445784731761341 73
1717248258409 0.8446064414513966 74
1717248260806 0.8454507508215556 75
1717248263181 0.8455091466946333 76
1717248265578 0.8458950479933797 77
1717248267929 0.8463610024074264 78
1717248270339 0.8461831892581602 79
1717248272734 0.846845649475889 80
1717248275119 0.8473293387629167 81
1717248277460 0.8477773070145918 82
1717248279873 0.8476454340149837 83
1717248282459 0.8482617346829111 84
1717248284843 0.8492583720754626 85
1717248287185 0.8493084784414635 86
1717248289539 0.8495898787332102 87
1717248291909 0.8497285294103885 88
1717248294273 0.8497987684196758 89
1717248296603 0.8496134275676258 90
1717248298955 0.8505990041756044 91
1717248301287 0.8502725952967515 92
1717248303647 0.8502298083825993 93
1717248306072 0.8503693768380364 94
1717248308426 0.8508186122886746 95
1717248310750 0.8502608151932523 96
1717248313125 0.8503819905626531 97
1717248315478 0.850935947172807 98
1717248317836 0.8510473114908963 99
