1717248082621 1.092853307723999 1
1717248084907 0.9583141207695007 2
1717248087061 0.8937220573425293 3
1717248089228 0.8574085235595703 4
1717248091554 0.8363837599754333 5
1717248093849 0.8188241124153137 6
1717248096209 0.8039805889129639 7
1717248098586 0.7933675646781921 8
1717248101013 0.7817087769508362 9
1717248103436 0.7729106545448303 10
1717248105870 0.7653644680976868 11
1717248108546 0.7604550719261169 12
1717248110984 0.7516099214553833 13
1717248113368 0.7455505728721619 14
1717248115776 0.7413954138755798 15
1717248118207 0.7351393699645996 16
1717248120606 0.7319972515106201 17
1717248123039 0.7276619076728821 18
1717248125455 0.7239009737968445 19
1717248127857 0.7201462388038635 20
1717248130450 0.7167921662330627 21
1717248132909 0.7130529880523682 22
1717248135308 0.7100096940994263 23
1717248137727 0.7068747878074646 24
1717248140121 0.7029582858085632 25
1717248142536 0.6994203925132751 26
1717248144921 0.6958077549934387 27
1717248147354 0.6922791004180908 28
1717248149762 0.6895554661750793 29
1717248152130 0.6865187883377075 30
1717248154538 0.6834304332733154 31
1717248156958 0.6806834936141968 32
1717248159389 0.6785455942153931 33
1717248161845 0.6760768890380859 34
1717248164272 0.6745790243148804 35
1717248166609 0.6716879606246948 36
1717248169077 0.6695186495780945 37
1717248171436 0.66764235496521 38
1717248173842 0.6660504341125488 39
1717248176273 0.6646997332572937 40
1717248178683 0.6624817252159119 41
1717248181057 0.6611997485160828 42
1717248183429 0.6595797538757324 43
1717248185869 0.6578667163848877 44
1717248188263 0.656972348690033 45
1717248190910 0.6557680368423462 46
1717248193304 0.6545043587684631 47
1717248195685 0.6532233357429504 48
1717248198047 0.65203857421875 49
1717248200405 0.6505768895149231 50
1717248202752 0.6487978100776672 51
1717248205162 0.6471246480941772 52
1717248207524 0.6455118656158447 53
1717248209867 0.6444374918937683 54
1717248212267 0.6430684924125671 55
1717248214625 0.6419756412506104 56
1717248217031 0.6403906941413879 57
1717248219378 0.6389490962028503 58
1717248221792 0.6374459862709045 59
1717248224252 0.6358329057693481 60
1717248226603 0.6343974471092224 61
1717248229000 0.6326294541358948 62
1717248231598 0.6315912008285522 63
1717248234419 0.6305338144302368 64
1717248236896 0.6292714476585388 65
1717248239281 0.6282570958137512 66
1717248241650 0.6274557113647461 67
1717248244055 0.6266843676567078 68
1717248246478 0.6258644461631775 69
1717248248858 0.6249241828918457 70
1717248251220 0.6237022280693054 71
1717248253629 0.6234720349311829 72
1717248256024 0.6221892833709717 73
1717248258409 0.6218680143356323 74
1717248260806 0.620782196521759 75
1717248263181 0.61968594789505 76
1717248265578 0.6191701292991638 77
1717248267929 0.6177563667297363 78
1717248270339 0.6173388957977295 79
1717248272734 0.6165130734443665 80
1717248275119 0.6150610446929932 81
1717248277460 0.6143695712089539 82
1717248279873 0.6140058636665344 83
1717248282459 0.6126883029937744 84
1717248284843 0.6121311187744141 85
1717248287185 0.6114217638969421 86
1717248289539 0.6105608344078064 87
1717248291909 0.6103865504264832 88
1717248294273 0.6093966364860535 89
1717248296603 0.6085606813430786 90
1717248298955 0.6075933575630188 91
1717248301287 0.607369601726532 92
1717248303647 0.6064929962158203 93
1717248306072 0.605879545211792 94
1717248308426 0.6052903532981873 95
1717248310750 0.6048992276191711 96
1717248313125 0.6044608950614929 97
1717248315478 0.603801429271698 98
1717248317836 0.6037839651107788 99
