1717248082621 53430.0 1
1717248084907 53430.0 2
1717248087061 53430.0 3
1717248089228 53430.0 4
1717248091554 53430.0 5
1717248093849 53430.0 6
1717248096209 53430.0 7
1717248098586 53430.0 8
1717248101013 53430.0 9
1717248103436 53430.0 10
1717248105870 53430.0 11
1717248108546 53430.0 12
1717248110984 53430.0 13
1717248113368 53430.0 14
1717248115776 53430.0 15
1717248118207 53430.0 16
1717248120606 53430.0 17
1717248123039 53430.0 18
1717248125455 53430.0 19
1717248127857 53430.0 20
1717248130450 53430.0 21
1717248132909 53430.0 22
1717248135308 53430.0 23
1717248137727 53430.0 24
1717248140121 53430.0 25
1717248142536 53430.0 26
1717248144921 53430.0 27
1717248147354 53430.0 28
1717248149762 53430.0 29
1717248152130 53430.0 30
1717248154538 53430.0 31
1717248156958 53430.0 32
1717248159389 53430.0 33
1717248161845 53430.0 34
1717248164272 53430.0 35
1717248166609 53430.0 36
1717248169077 53430.0 37
1717248171436 53430.0 38
1717248173842 53430.0 39
1717248176273 53430.0 40
1717248178683 53430.0 41
1717248181057 53430.0 42
1717248183429 53430.0 43
1717248185869 53430.0 44
1717248188263 53430.0 45
1717248190910 53430.0 46
1717248193304 53430.0 47
1717248195685 53430.0 48
1717248198047 53430.0 49
1717248200405 53430.0 50
1717248202752 53430.0 51
1717248205162 53430.0 52
1717248207524 53430.0 53
1717248209867 53430.0 54
1717248212267 53430.0 55
1717248214625 53430.0 56
1717248217031 53430.0 57
1717248219378 53430.0 58
1717248221792 53430.0 59
1717248224252 53430.0 60
1717248226603 53430.0 61
1717248229000 53430.0 62
1717248231598 53430.0 63
1717248234419 53430.0 64
1717248236896 53430.0 65
1717248239281 53430.0 66
1717248241650 53430.0 67
1717248244055 53430.0 68
1717248246478 53430.0 69
1717248248858 53430.0 70
1717248251220 53430.0 71
1717248253629 53430.0 72
1717248256024 53430.0 73
1717248258409 53430.0 74
1717248260806 53430.0 75
1717248263181 53430.0 76
1717248265578 53430.0 77
1717248267929 53430.0 78
1717248270339 53430.0 79
1717248272734 53430.0 80
1717248275119 53430.0 81
1717248277460 53430.0 82
1717248279873 53430.0 83
1717248282459 53430.0 84
1717248284843 53430.0 85
1717248287185 53430.0 86
1717248289539 53430.0 87
1717248291909 53430.0 88
1717248294273 53430.0 89
1717248296603 53430.0 90
1717248298955 53430.0 91
1717248301287 53430.0 92
1717248303647 53430.0 93
1717248306072 53430.0 94
1717248308426 53430.0 95
1717248310750 53430.0 96
1717248313125 53430.0 97
1717248315478 53430.0 98
1717248317836 53430.0 99
