1717631472177 0.151898976485286 1
1717631473413 0.1739441080949543 2
1717631474787 0.18930124101958026 3
1717631475926 0.20774193725460416 4
1717631477042 0.2127718024454311 5
1717631478195 0.20677205556876516 6
1717631479404 0.2065334030219987 7
1717631480441 0.22013290124777385 8
1717631481657 0.2206895580757839 9
1717631482762 0.221032230399365 10
1717631483899 0.20883713657409325 11
1717631485139 0.19744401616096915 12
1717631486551 0.20113355369245453 13
1717631487837 0.21142843495382257 14
1717631489152 0.2004270770148754 15
1717631490404 0.2030053051259214 16
1717631491678 0.211846005531224 17
1717631492882 0.21138408539568854 18
1717631494039 0.2246942199834135 19
1717631495270 0.21964476552114856 20
1717631496433 0.21779560048950722 21
1717631497634 0.21564164763632448 22
1717631498834 0.21137310457955974 23
1717631500084 0.20817508703034918 24
1717631501509 0.21065762565519452 25
1717631502983 0.21038429995472022 26
1717631504821 0.20503294029693403 27
1717631506357 0.20811180718608568 28
1717631507526 0.2126542091456508 29
1717631509008 0.21508029489988287 30
1717631510224 0.20128407451376973 31
1717631511465 0.20553763094402835 32
1717631512701 0.20524456799085036 33
1717631513774 0.21198828466562378 34
1717631514855 0.2116116851745734 35
1717631516015 0.21063101266988477 36
1717631517080 0.2103986513598362 37
1717631518497 0.21280742076003506 38
1717631519855 0.21358654011255687 39
1717631521212 0.21007024573482905 40
1717631522468 0.2118826085659594 41
1717631523846 0.2097322766032488 42
1717631525269 0.21123574953645322 43
1717631526387 0.21573567488139422 44
1717631527501 0.21751256358782126 45
1717631528765 0.21966265615074973 46
1717631530070 0.21811458009469525 47
1717631531189 0.21821582784297724 48
1717631532405 0.22714951762335123 49
1717631533541 0.2255459272082399 50
1717631534745 0.21565776889412083 51
1717631536144 0.2147449374395056 52
1717631537935 0.20939926720654858 53
1717631539317 0.2193339972282568 54
1717631540828 0.2092629061549109 55
1717631542522 0.21283405359669907 56
1717631544228 0.21327092350647006 57
1717631545791 0.2151391201111824 58
1717631547144 0.2143487812861471 59
1717631548547 0.21530621353379703 60
1717631550127 0.2180940360834945 61
1717631551581 0.2233039646930403 62
1717631552866 0.21496544516054003 63
1717631554122 0.21611548634866798 64
1717631555342 0.2192489873617708 65
1717631556815 0.2153671213419555 66
1717631558190 0.21605017215001682 67
1717631559336 0.22140533792852696 68
1717631560527 0.22584212952277444 69
1717631561739 0.2293425393851803 70
1717631562924 0.22263328259513043 71
1717631564095 0.22656158725977973 72
1717631565218 0.23048574535105282 73
1717631566589 0.23805705227796387 74
1717631567858 0.24701706701035736 75
1717631569179 0.23359810503686412 76
1717631570486 0.2073778892596191 77
1717631571862 0.21932053131421103 78
1717631572892 0.22387127391452805 79
1717631574117 0.25056522546198035 80
1717631575293 0.25776817966520993 81
1717631576497 0.26110145617671787 82
1717631578061 0.24997171838072552 83
1717631579341 0.25695371775317405 84
1717631580835 0.2535829044234847 85
1717631582324 0.2613477732700654 86
1717631583764 0.27429461081406314 87
1717631585459 0.2792943324537994 88
1717631586774 0.23879933055737887 89
1717631588165 0.23964646286272678 90
1717631589290 0.2449316462396539 91
1717631590441 0.2554794423855766 92
1717631591896 0.2608101122414411 93
1717631593135 0.2613410628522097 94
1717631594431 0.27225354206670477 95
1717631595702 0.2770761075295408 96
1717631596772 0.27589714244272473 97
1717631597969 0.2772620633932417 98
1717631599213 0.27849246086733637 99
