1717631472177 169422.0 1
1717631473413 166575.0 2
1717631474787 164650.0 3
1717631475926 205489.0 4
1717631477042 210211.0 5
1717631478195 206692.0 6
1717631479404 221026.0 7
1717631480441 251089.0 8
1717631481657 251455.0 9
1717631482762 251943.0 10
1717631483899 228927.0 11
1717631485139 181335.0 12
1717631486551 196449.0 13
1717631487837 213737.0 14
1717631489152 197995.0 15
1717631490404 185937.0 16
1717631491678 190704.0 17
1717631492882 197530.0 18
1717631494039 257832.0 19
1717631495270 247903.0 20
1717631496433 245398.0 21
1717631497634 229271.0 22
1717631498834 223809.0 23
1717631500084 205493.0 24
1717631501509 213813.0 25
1717631502983 195022.0 26
1717631504821 183284.0 27
1717631506357 202783.0 28
1717631507526 180082.0 29
1717631509008 208633.0 30
1717631510224 193135.0 31
1717631511465 188750.0 32
1717631512701 184650.0 33
1717631513774 197023.0 34
1717631514855 190136.0 35
1717631516015 187788.0 36
1717631517080 187420.0 37
1717631518497 195793.0 38
1717631519855 188143.0 39
1717631521212 201177.0 40
1717631522468 193112.0 41
1717631523846 180245.0 42
1717631525269 206798.0 43
1717631526387 193590.0 44
1717631527501 203079.0 45
1717631528765 199964.0 46
1717631530070 195017.0 47
1717631531189 201074.0 48
1717631532405 207124.0 49
1717631533541 192979.0 50
1717631534745 184422.0 51
1717631536144 196902.0 52
1717631537935 182418.0 53
1717631539317 200245.0 54
1717631540828 181335.0 55
1717631542522 187487.0 56
1717631544228 188381.0 57
1717631545791 193193.0 58
1717631547144 190275.0 59
1717631548547 185398.0 60
1717631550127 184102.0 61
1717631551581 202357.0 62
1717631552866 185160.0 63
1717631554122 185965.0 64
1717631555342 191875.0 65
1717631556815 180857.0 66
1717631558190 179917.0 67
1717631559336 196724.0 68
1717631560527 207368.0 69
1717631561739 203633.0 70
1717631562924 191666.0 71
1717631564095 189110.0 72
1717631565218 189828.0 73
1717631566589 207870.0 74
1717631567858 212536.0 75
1717631569179 203946.0 76
1717631570486 185855.0 77
1717631571862 198707.0 78
1717631572892 194555.0 79
1717631574117 204334.0 80
1717631575293 197695.0 81
1717631576497 196257.0 82
1717631578061 179737.0 83
1717631579341 184693.0 84
1717631580835 174419.0 85
1717631582324 187081.0 86
1717631583764 186018.0 87
1717631585459 200091.0 88
1717631586774 177644.0 89
1717631588165 197788.0 90
1717631589290 195390.0 91
1717631590441 189666.0 92
1717631591896 178723.0 93
1717631593135 174475.0 94
1717631594431 184038.0 95
1717631595702 185238.0 96
1717631596772 183660.0 97
1717631597969 186527.0 98
1717631599213 182672.0 99
