1717631472177 0.917261819291293 1
1717631473413 0.9370018598915366 2
1717631474787 0.9429041983731385 3
1717631475926 0.9418445785902161 4
1717631477042 0.9436430009312903 5
1717631478195 0.9416197132282215 6
1717631479404 0.9395212428651851 7
1717631480441 0.9364081385652732 8
1717631481657 0.9364480294453776 9
1717631482762 0.9364358097688233 10
1717631483899 0.9370238754368674 11
1717631485139 0.9433569198523458 12
1717631486551 0.9421753473009546 13
1717631487837 0.940795766676987 14
1717631489152 0.9415183127844942 15
1717631490404 0.9443262535241381 16
1717631491678 0.9472637184265386 17
1717631492882 0.9426332773532334 18
1717631494039 0.9359979404806166 19
1717631495270 0.9369015083688209 20
1717631496433 0.9370429862614581 21
1717631497634 0.9396900792558329 22
1717631498834 0.9396258138367819 23
1717631500084 0.9417706982165668 24
1717631501509 0.9414415892156435 25
1717631502983 0.9449053033711589 26
1717631504821 0.9468738275453515 27
1717631506357 0.9438022185991096 28
1717631507526 0.9494661860682482 29
1717631509008 0.9439626546369871 30
1717631510224 0.9435172994470662 31
1717631511465 0.9460746848385043 32
1717631512701 0.9472292712149503 33
1717631513774 0.9461634123414833 34
1717631514855 0.9475104994036889 35
1717631516015 0.948258180058789 36
1717631517080 0.9480601751792934 37
1717631518497 0.9471474188285504 38
1717631519855 0.948365529919716 39
1717631521212 0.9442373248593966 40
1717631522468 0.9469122063680309 41
1717631523846 0.9492593291006893 42
1717631525269 0.9437814193186119 43
1717631526387 0.9480494382133298 44
1717631527501 0.9462530123961643 45
1717631528765 0.9475501642206924 46
1717631530070 0.9486448551268105 47
1717631531189 0.9474582357130668 48
1717631532405 0.9482391338406411 49
1717631533541 0.9507634784914912 50
1717631534745 0.9490874452951044 51
1717631536144 0.9467585234544015 52
1717631537935 0.9485440890684129 53
1717631539317 0.9471320485196801 54
1717631540828 0.9496998364347105 55
1717631542522 0.949292778151938 56
1717631544228 0.9494095916204839 57
1717631545791 0.9481963175481418 58
1717631547144 0.9490145234764571 59
1717631548547 0.9508703326708863 60
1717631550127 0.9514510010988875 61
1717631551581 0.9485420575681048 62
1717631552866 0.9513098741769949 63
1717631554122 0.9515606683864737 64
1717631555342 0.9504176027513975 65
1717631556815 0.9522457784924152 66
1717631558190 0.9525631443752702 67
1717631559336 0.9500513168280457 68
1717631560527 0.9484060827842711 69
1717631561739 0.9496418070526288 70
1717631562924 0.9515389592523076 71
1717631564095 0.9537956373907228 72
1717631565218 0.9529575517696022 73
1717631566589 0.951649022572407 74
1717631567858 0.9532054420762189 75
1717631569179 0.9533695926667848 76
1717631570486 0.9473005911997678 77
1717631571862 0.9480644572698645 78
1717631572892 0.9505881350569599 79
1717631574117 0.957164453069914 80
1717631575293 0.9615090475122774 81
1717631576497 0.9659257133711472 82
1717631578061 0.969130890712463 83
1717631579341 0.9687305691613711 84
1717631580835 0.973000497979535 85
1717631582324 0.9703159143060878 86
1717631583764 0.9755217686222764 87
1717631585459 0.9688244988274571 88
1717631586774 0.964167433127458 89
1717631588165 0.9550209372784972 90
1717631589290 0.9602445848281241 91
1717631590441 0.9666021847173837 92
1717631591896 0.974428513686589 93
1717631593135 0.9771624259187864 94
1717631594431 0.9767235243146609 95
1717631595702 0.9770847591537505 96
1717631596772 0.9778813239509139 97
1717631597969 0.9765966390049082 98
1717631599213 0.9798640092954731 99
