1717631472177 0.09617806140736847 1
1717631473413 0.1055199709034506 2
1717631474787 0.1143316719695299 3
1717631475926 0.13098813479276858 4
1717631477042 0.13441231742427914 5
1717631478195 0.13075040021200984 6
1717631479404 0.1330358160996031 7
1717631480441 0.15495081969308888 8
1717631481657 0.1555762839380536 9
1717631482762 0.1560649142776465 10
1717631483899 0.14062594987836066 11
1717631485139 0.12132632968881978 12
1717631486551 0.12348605520792066 13
1717631487837 0.13830778721542936 14
1717631489152 0.12551319338417816 15
1717631490404 0.12424776299002885 16
1717631491678 0.13005386842430944 17
1717631492882 0.13275002807310238 18
1717631494039 0.16353106190122044 19
1717631495270 0.15284462002867533 20
1717631496433 0.15075784268071785 21
1717631497634 0.1431104995072688 22
1717631498834 0.1374861310560984 23
1717631500084 0.13182442015157847 24
1717631501509 0.13385444986521514 25
1717631502983 0.1302860429680966 26
1717631504821 0.1272102274925962 27
1717631506357 0.13001124934483604 28
1717631507526 0.13010953272340192 29
1717631509008 0.14019654914165952 30
1717631510224 0.12347281092320735 31
1717631511465 0.12442868191507174 32
1717631512701 0.12561928416899085 33
1717631513774 0.13013872108042596 34
1717631514855 0.12846813193195408 35
1717631516015 0.1275994566143725 36
1717631517080 0.12685548700096325 37
1717631518497 0.1307109432483953 38
1717631519855 0.12999450883442054 39
1717631521212 0.13055528070747574 40
1717631522468 0.1303333258167097 41
1717631523846 0.12590316648765382 42
1717631525269 0.13177387031082258 43
1717631526387 0.13273336711108177 44
1717631527501 0.13433989949617267 45
1717631528765 0.13710819291260076 46
1717631530070 0.13308878651092143 47
1717631531189 0.13540636751492607 48
1717631532405 0.14365562924114336 49
1717631533541 0.14156020333397937 50
1717631534745 0.13403148893933742 51
1717631536144 0.13344607445889883 52
1717631537935 0.12717106528971714 53
1717631539317 0.14301530523181177 54
1717631540828 0.12568283247110015 55
1717631542522 0.12860576839616303 56
1717631544228 0.12857709555311406 57
1717631545791 0.131508121357389 58
1717631547144 0.13054972946366336 59
1717631548547 0.12937572557558916 60
1717631550127 0.1322748257461326 61
1717631551581 0.1404191317125845 62
1717631552866 0.12905963498375939 63
1717631554122 0.1299055969065651 64
1717631555342 0.13293222674980726 65
1717631556815 0.12922075576333977 66
1717631558190 0.12951980687906858 67
1717631559336 0.1362898212425591 68
1717631560527 0.14147975515417052 69
1717631561739 0.14687281814898936 70
1717631562924 0.13524844824733748 71
1717631564095 0.13753987531050066 72
1717631565218 0.14687943873424264 73
1717631566589 0.1519255434123856 74
1717631567858 0.15620468302739432 75
1717631569179 0.15540007990616383 76
1717631570486 0.1281420018412456 77
1717631571862 0.1355950677087746 78
1717631572892 0.13854525167037252 79
1717631574117 0.15547814066688653 80
1717631575293 0.16012469335644283 81
1717631576497 0.16023039280384646 82
1717631578061 0.15228510671278736 83
1717631579341 0.1576379047460952 84
1717631580835 0.15104846470687908 85
1717631582324 0.16130153181717624 86
1717631583764 0.1654867818209954 87
1717631585459 0.17417823075105796 88
1717631586774 0.17120500464601587 89
1717631588165 0.1497025446735292 90
1717631589290 0.15105386231474946 91
1717631590441 0.15519406043329165 92
1717631591896 0.15537487276668013 93
1717631593135 0.15524830736973433 94
1717631594431 0.16337605735748698 95
1717631595702 0.16665404572296347 96
1717631596772 0.16642087523766597 97
1717631597969 0.1685773647094289 98
1717631599213 0.16662156238092404 99
