1717240312192 0.9734084010124207 1
1717240314230 0.6099252700805664 2
1717240316164 0.589360237121582 3
1717240318077 0.5834387540817261 4
1717240319905 0.5781981945037842 5
1717240321786 0.5785897374153137 6
1717240323669 0.5734649896621704 7
1717240325604 0.582908570766449 8
1717240327447 0.5716801285743713 9
1717240329279 0.5674055814743042 10
1717240331141 0.5769396424293518 11
1717240333011 0.5727750062942505 12
1717240334890 0.5699793100357056 13
1717240336733 0.5680894255638123 14
1717240338585 0.566865086555481 15
1717240340445 0.565043568611145 16
1717240342309 0.5635751485824585 17
1717240344147 0.5712493658065796 18
1717240345974 0.5637872219085693 19
1717240347824 0.5612353682518005 20
1717240349712 0.5581387877464294 21
1717240351585 0.5693232417106628 22
1717240353442 0.5612948536872864 23
1717240355349 0.5588422417640686 24
1717240357219 0.5557236075401306 25
1717240359077 0.5686695575714111 26
1717240361193 0.5595995187759399 27
1717240363055 0.5573436617851257 28
1717240364900 0.55451500415802 29
1717240366787 0.5548825860023499 30
1717240368715 0.5647156238555908 31
1717240370579 0.5680161714553833 32
1717240372434 0.5533257126808167 33
1717240374476 0.5513742566108704 34
1717240376265 0.5730709433555603 35
1717240378043 0.5786659717559814 36
1717240379911 0.5652987360954285 37
1717240381798 0.5599237084388733 38
1717240383675 0.5550318956375122 39
1717240385539 0.5527216792106628 40
1717240387450 0.5693963766098022 41
1717240389310 0.5603998899459839 42
1717240391247 0.5556884407997131 43
1717240393139 0.5530840158462524 44
1717240395008 0.5586984157562256 45
1717240396873 0.5516559481620789 46
1717240398726 0.5471251606941223 47
1717240400615 0.5490038990974426 48
1717240402494 0.561821699142456 49
1717240404342 0.5533176064491272 50
1717240406229 0.5617637634277344 51
1717240408096 0.5522182583808899 52
1717240409964 0.5171791315078735 53
1717240411828 0.5411057472229004 54
1717240413680 0.49223724007606506 55
1717240415565 0.47516804933547974 56
1717240417426 0.46748408675193787 57
1717240419278 0.46173691749572754 58
1717240421281 0.5792771577835083 59
1717240423130 0.5588591694831848 60
1717240424974 0.5552575588226318 61
1717240426823 0.5529717206954956 62
1717240428691 0.5524404644966125 63
1717240430552 0.550396740436554 64
1717240432463 0.5492611527442932 65
1717240434302 0.564777135848999 66
1717240436150 0.5911701917648315 67
1717240438021 0.5612586736679077 68
1717240439890 0.5533719062805176 69
1717240441727 0.5640221834182739 70
1717240443598 0.5529994964599609 71
1717240445523 0.5503462553024292 72
1717240447395 0.5551906824111938 73
1717240449281 0.5491478443145752 74
1717240451186 0.5522529482841492 75
1717240453063 0.5490654706954956 76
1717240454945 0.5500383973121643 77
1717240456834 0.5481358766555786 78
1717240458767 0.5480351448059082 79
1717240460633 0.5466864109039307 80
1717240462522 0.5557735562324524 81
1717240464394 0.5561417937278748 82
1717240466264 0.5601015686988831 83
1717240468132 0.5436682105064392 84
1717240469991 0.5377713441848755 85
1717240471843 0.5515836477279663 86
1717240473677 0.5737536549568176 87
1717240475556 0.5538502335548401 88
1717240477413 0.5531061887741089 89
1717240479288 0.5529085397720337 90
1717240481190 0.5547425150871277 91
1717240483055 0.5473963618278503 92
1717240484938 0.5483502149581909 93
1717240486814 0.5449823141098022 94
1717240488677 0.550822377204895 95
1717240490534 0.5638352036476135 96
1717240492452 0.5468236207962036 97
1717240494439 0.5442832708358765 98
1717240496309 0.5444244146347046 99
