1717240312192 30418.0 1
1717240314230 35193.0 2
1717240316164 35918.0 3
1717240318077 35815.0 4
1717240319905 35272.0 5
1717240321786 34133.0 6
1717240323669 35209.0 7
1717240325604 33968.0 8
1717240327447 35754.0 9
1717240329279 33517.0 10
1717240331141 29776.0 11
1717240333011 35384.0 12
1717240334890 34292.0 13
1717240336733 33527.0 14
1717240338585 32668.0 15
1717240340445 31938.0 16
1717240342309 31226.0 17
1717240344147 33148.0 18
1717240345974 31871.0 19
1717240347824 30897.0 20
1717240349712 30430.0 21
1717240351585 30686.0 22
1717240353442 31986.0 23
1717240355349 30572.0 24
1717240357219 30150.0 25
1717240359077 30037.0 26
1717240361193 31460.0 27
1717240363055 30290.0 28
1717240364900 30196.0 29
1717240366787 30408.0 30
1717240368715 30499.0 31
1717240370579 32237.0 32
1717240372434 29577.0 33
1717240374476 30052.0 34
1717240376265 32175.0 35
1717240378043 28261.0 36
1717240379911 32018.0 37
1717240381798 30988.0 38
1717240383675 30230.0 39
1717240385539 30102.0 40
1717240387450 31912.0 41
1717240389310 29234.0 42
1717240391247 30218.0 43
1717240393139 30079.0 44
1717240395008 31134.0 45
1717240396873 29330.0 46
1717240398726 30247.0 47
1717240400615 29580.0 48
1717240402494 30293.0 49
1717240404342 29513.0 50
1717240406229 30320.0 51
1717240408096 29451.0 52
1717240409964 29566.0 53
1717240411828 27480.0 54
1717240413680 30905.0 55
1717240415565 30103.0 56
1717240417426 29810.0 57
1717240419278 29042.0 58
1717240421281 33944.0 59
1717240423130 29414.0 60
1717240424974 30370.0 61
1717240426823 30448.0 62
1717240428691 29642.0 63
1717240430552 29548.0 64
1717240432463 29542.0 65
1717240434302 27481.0 66
1717240436150 29860.0 67
1717240438021 29759.0 68
1717240439890 28457.0 69
1717240441727 30555.0 70
1717240443598 29336.0 71
1717240445523 29679.0 72
1717240447395 29106.0 73
1717240449281 29361.0 74
1717240451186 29248.0 75
1717240453063 28386.0 76
1717240454945 29120.0 77
1717240456834 28840.0 78
1717240458767 29140.0 79
1717240460633 28764.0 80
1717240462522 29905.0 81
1717240464394 28455.0 82
1717240466264 29555.0 83
1717240468132 28207.0 84
1717240469991 29156.0 85
1717240471843 28454.0 86
1717240473677 27632.0 87
1717240475556 27914.0 88
1717240477413 27859.0 89
1717240479288 27983.0 90
1717240481190 28432.0 91
1717240483055 27739.0 92
1717240484938 28580.0 93
1717240486814 28541.0 94
1717240488677 28434.0 95
1717240490534 30626.0 96
1717240492452 28601.0 97
1717240494439 28471.0 98
1717240496309 28158.0 99
