1717223817181 0.18436267221832678 1
1717223820646 0.22412082294529032 2
1717223824173 0.23073945105049817 3
1717223827697 0.24946203997632663 4
1717223831245 0.27614747228659947 5
1717223834796 0.2870843575979648 6
1717223838392 0.3074992501612011 7
1717223841940 0.3351704878218654 8
1717223845503 0.3749973308055755 9
1717223849004 0.4084987328509082 10
1717223852657 0.4261099012639559 11
1717223856123 0.43722167144216256 12
1717223859571 0.44908917156751665 13
1717223863146 0.4600032257396379 14
1717223866735 0.4769955270275704 15
1717223870376 0.48761544393379613 16
1717223874008 0.501048515633696 17
1717223877634 0.5219738141877912 18
1717223881245 0.5411956343978511 19
1717223884843 0.5576432729605388 20
1717223888450 0.5689990643424475 21
1717223892067 0.5851054136966833 22
1717223895679 0.5989653821701042 23
1717223899368 0.6105307117708693 24
1717223902976 0.6153336166408344 25
1717223906491 0.6326424933682723 26
1717223910011 0.6417031495609586 27
1717223913618 0.6458502202166926 28
1717223917228 0.6584647215792291 29
1717223920794 0.6647289318444617 30
1717223924331 0.6705703677800294 31
1717223928002 0.6749267661631954 32
1717223931552 0.6719391125021152 33
1717223935160 0.6735933936146048 34
1717223938827 0.6786971171619925 35
1717223942453 0.6882677144589626 36
1717223946091 0.6880192335317163 37
1717223949800 0.6927579532323855 38
1717223953260 0.698320093660749 39
1717223956896 0.6993846178513417 40
1717223960554 0.7061869773574851 41
1717223964172 0.711025161576359 42
1717223967797 0.7107600451662586 43
1717223971431 0.7112668644712102 44
1717223975019 0.7186278021918596 45
1717223978605 0.7229031497997382 46
1717223982242 0.7227251141354387 47
1717223985869 0.7219585191402424 48
1717223989907 0.7269696820912499 49
1717223993562 0.7259255083891769 50
1717223997247 0.7254741097460476 51
1717224000952 0.7318485614721529 52
1717224004586 0.735311326540133 53
1717224008246 0.7392777090713771 54
1717224011817 0.7418957085653599 55
1717224015468 0.7462766401479091 56
1717224019171 0.7463838477275324 57
1717224022781 0.7486797302203128 58
1717224026427 0.7496640255760083 59
1717224029992 0.7458089018251384 60
1717224033678 0.7361294137850054 61
1717224037291 0.7406355878181387 62
1717224040906 0.7476922148493499 63
1717224044554 0.7493281388258962 64
1717224048209 0.7377426650714709 65
1717224051870 0.7558791254033908 66
1717224055496 0.7512617498481233 67
1717224059150 0.7641495721001108 68
1717224062852 0.7706177806115809 69
1717224066478 0.7712376071154537 70
1717224070126 0.7723251690382471 71
1717224073742 0.7746078848368686 72
1717224077300 0.7751367741456311 73
1717224080981 0.7704454475571941 74
1717224084582 0.7655009789757183 75
1717224088239 0.7681773367287867 76
1717224091817 0.7662958658863168 77
1717224095460 0.7663881115516825 78
1717224099106 0.7773125146337027 79
1717224102758 0.7789191526296347 80
1717224106343 0.7824733936180879 81
1717224110000 0.7806080854001654 82
1717224113658 0.7776264335363314 83
1717224117241 0.7665432236257302 84
1717224120894 0.7613708545429173 85
1717224124550 0.7561574023866775 86
1717224128109 0.7669031386867846 87
1717224131712 0.7798846036667273 88
1717224135409 0.7781626906049094 89
1717224139055 0.7911387384081812 90
1717224142709 0.7942219016319992 91
1717224146346 0.8007213312049795 92
1717224150003 0.8007113748072147 93
1717224153721 0.8032359717194817 94
1717224157376 0.8030309838042727 95
1717224160942 0.8041673926490198 96
1717224164517 0.8043794263288205 97
1717224168248 0.8054605118816504 98
1717224171903 0.8071008093934557 99
