1717461826954 583145.0 1
1717461838383 612032.0 2
1717461850153 626673.0 3
1717461861514 636175.0 4
1717461873411 644654.0 5
1717461885315 650903.0 6
1717461896874 656117.0 7
1717461908392 660313.0 8
1717461919995 663828.0 9
1717461931731 667034.0 10
1717461943111 670171.0 11
1717461954730 673067.0 12
1717461966274 675398.0 13
1717461977814 677492.0 14
1717461989626 679006.0 15
1717462001405 680306.0 16
1717462012522 681446.0 17
1717462024228 682516.0 18
1717462035759 683574.0 19
1717462047612 684506.0 20
1717462058904 685406.0 21
1717462070403 686177.0 22
1717462081769 687003.0 23
1717462093410 687799.0 24
1717462104702 688526.0 25
1717462116115 689092.0 26
1717462127897 689543.0 27
1717462139517 690071.0 28
1717462151077 690612.0 29
1717462162688 690939.0 30
1717462174521 691149.0 31
1717462186428 691445.0 32
1717462198264 691883.0 33
1717462209583 692470.0 34
1717462221639 693012.0 35
1717462233061 693570.0 36
1717462244824 693944.0 37
1717462256371 694269.0 38
1717462268322 694680.0 39
1717462279782 694958.0 40
1717462291243 695176.0 41
1717462302600 695523.0 42
1717462314061 695842.0 43
1717462325391 696212.0 44
1717462336723 696415.0 45
1717462347959 696725.0 46
1717462359153 697008.0 47
1717462370583 697315.0 48
1717462382148 697566.0 49
1717462393618 697915.0 50
1717462405299 698171.0 51
1717462416850 698421.0 52
1717462428554 698668.0 53
1717462440102 698922.0 54
1717462451630 699210.0 55
1717462463181 699440.0 56
1717462474363 699701.0 57
1717462486026 699887.0 58
1717462497376 700145.0 59
1717462508776 700379.0 60
1717462520207 700689.0 61
1717462531691 700926.0 62
1717462543526 701126.0 63
1717462555128 701332.0 64
1717462566966 701424.0 65
1717462578450 701631.0 66
1717462589693 701733.0 67
1717462600987 701718.0 68
1717462613120 701582.0 69
1717462624800 701621.0 70
1717462636109 701712.0 71
1717462647608 702116.0 72
1717462659678 702472.0 73
1717462670968 702736.0 74
1717462682184 703014.0 75
1717462693945 703204.0 76
1717462705120 703346.0 77
1717462717029 703411.0 78
1717462728406 703433.0 79
1717462739690 703410.0 80
1717462750973 703529.0 81
1717462762613 703468.0 82
1717462773802 703824.0 83
1717462784982 704284.0 84
1717462796457 704849.0 85
1717462807745 705230.0 86
1717462818860 705483.0 87
1717462830575 705661.0 88
1717462842021 705898.0 89
1717462853435 706089.0 90
1717462865123 706265.0 91
1717462876451 706449.0 92
1717462887686 706569.0 93
1717462899133 706744.0 94
1717462910820 706890.0 95
1717462922320 707001.0 96
1717462933505 707172.0 97
1717462944896 707366.0 98
1717462956291 707482.0 99
