1717461826954 0.8879835591039383 1
1717461838383 0.931256545702712 2
1717461850153 0.9334436079266044 3
1717461861514 0.9363867881301636 4
1717461873411 0.9379605200859265 5
1717461885315 0.9391716070582098 6
1717461896874 0.9401327107096347 7
1717461908392 0.9412622815300463 8
1717461919995 0.9423680594386428 9
1717461931731 0.9429494656651937 10
1717461943111 0.9433803669374669 11
1717461954730 0.9438014166722135 12
1717461966274 0.9447722836154366 13
1717461977814 0.9457041286359148 14
1717461989626 0.9464012596934137 15
1717462001405 0.9472998419151484 16
1717462012522 0.9480744408612402 17
1717462024228 0.9485794842238889 18
1717462035759 0.948752505246878 19
1717462047612 0.9491139632450558 20
1717462058904 0.949615347703318 21
1717462070403 0.9502855862029239 22
1717462081769 0.9505787234160121 23
1717462093410 0.9512630607789743 24
1717462104702 0.9515192887318961 25
1717462116115 0.9518228898544542 26
1717462127897 0.9522110607716698 27
1717462139517 0.9525934669344047 28
1717462151077 0.9524272399516838 29
1717462162688 0.9525932077400583 30
1717462174521 0.9525874220723497 31
1717462186428 0.9523613831679512 32
1717462198264 0.9527572943824651 33
1717462209583 0.9532497738911229 34
1717462221639 0.9538378960829897 35
1717462233061 0.9541648984935748 36
1717462244824 0.9545796497087463 37
1717462256371 0.9550818034263853 38
1717462268322 0.9551984975715693 39
1717462279782 0.9555700335543352 40
1717462291243 0.9560382146162549 41
1717462302600 0.9561343385467049 42
1717462314061 0.956564878338565 43
1717462325391 0.9566734706012898 44
1717462336723 0.9570848641392167 45
1717462347959 0.9574019139921776 46
1717462359153 0.957785437791922 47
1717462370583 0.9582183088405083 48
1717462382148 0.9584821859374778 49
1717462393618 0.9585497049638101 50
1717462405299 0.9586230779855445 51
1717462416850 0.9589310606943096 52
1717462428554 0.9590982521768675 53
1717462440102 0.9593232494287693 54
1717462451630 0.9594727895656169 55
1717462463181 0.959675179037859 56
1717462474363 0.9598699736275591 57
1717462486026 0.9602539956623815 58
1717462497376 0.9604262639810318 59
1717462508776 0.9606680944970741 60
1717462520207 0.9607732443568135 61
1717462531691 0.9610729374659989 62
1717462543526 0.9612844581191985 63
1717462555128 0.9615508251440337 64
1717462566966 0.961834248235344 65
1717462578450 0.9617717329226224 66
1717462589693 0.9616765046612895 67
1717462600987 0.9616413143157073 68
1717462613120 0.9615634864348036 69
1717462624800 0.9615552213642085 70
1717462636109 0.9616777591011356 71
1717462647608 0.962015080207268 72
1717462659678 0.9623846865418338 73
1717462670968 0.9630751038775102 74
1717462682184 0.9635045437329622 75
1717462693945 0.9637073272475478 76
1717462705120 0.964034180971667 77
1717462717029 0.9644712161929232 78
1717462728406 0.9645582243132708 79
1717462739690 0.9647889884097904 80
1717462750973 0.9646839136455717 81
1717462762613 0.9644347178887376 82
1717462773802 0.9655989581103248 83
1717462784982 0.9662453742482676 84
1717462796457 0.9667096219878545 85
1717462807745 0.9668407461311844 86
1717462818860 0.9672204113040266 87
1717462830575 0.9674333529229449 88
1717462842021 0.96768415442037 89
1717462853435 0.9678154943394227 90
1717462865123 0.9679930643223665 91
1717462876451 0.9681876497108525 92
1717462887686 0.9684475253515097 93
1717462899133 0.9685957746813296 94
1717462910820 0.9689642207008521 95
1717462922320 0.9693280873268151 96
1717462933505 0.9694846365165262 97
1717462944896 0.9695907901106946 98
1717462956291 0.9695287102097964 99
