1717242693525 440160.0 1
1717242697735 440160.0 2
1717242701964 440160.0 3
1717242706226 440160.0 4
1717242710450 440160.0 5
1717242714699 440160.0 6
1717242718990 440160.0 7
1717242723300 440160.0 8
1717242727605 440160.0 9
1717242731901 440160.0 10
1717242736229 440160.0 11
1717242740541 440160.0 12
1717242744840 440160.0 13
1717242749168 440160.0 14
1717242753471 440160.0 15
1717242757809 440160.0 16
1717242762417 440160.0 17
1717242766765 440160.0 18
1717242771274 440160.0 19
1717242775747 440160.0 20
1717242780086 440160.0 21
1717242784423 440160.0 22
1717242788769 440160.0 23
1717242793119 440160.0 24
1717242797433 440160.0 25
1717242801782 440160.0 26
1717242806152 440160.0 27
1717242810500 440160.0 28
1717242814840 440160.0 29
1717242819175 440160.0 30
1717242823717 440160.0 31
1717242828216 440160.0 32
1717242832611 440160.0 33
1717242836981 440160.0 34
1717242841310 440160.0 35
1717242845698 440160.0 36
1717242850039 440160.0 37
1717242854387 440160.0 38
1717242858731 440160.0 39
1717242863093 440160.0 40
1717242867449 440160.0 41
1717242871751 440160.0 42
1717242876079 440160.0 43
1717242880413 440160.0 44
1717242884737 440160.0 45
1717242889086 440160.0 46
1717242893457 440160.0 47
1717242897811 440160.0 48
1717242902126 440160.0 49
1717242906448 440160.0 50
1717242910805 440160.0 51
1717242915124 440160.0 52
1717242919443 440160.0 53
1717242923779 440160.0 54
1717242928128 440160.0 55
1717242932472 440160.0 56
1717242936781 440160.0 57
1717242941124 440160.0 58
1717242945453 440160.0 59
1717242949813 440160.0 60
1717242954150 440160.0 61
1717242958487 440160.0 62
1717242962818 440160.0 63
1717242967166 440160.0 64
1717242971500 440160.0 65
1717242975827 440160.0 66
1717242980156 440160.0 67
1717242984567 440160.0 68
1717242988905 440160.0 69
1717242993234 440160.0 70
1717242997671 440160.0 71
1717243002022 440160.0 72
1717243006516 440160.0 73
1717243011073 440160.0 74
1717243015423 440160.0 75
1717243019781 440160.0 76
1717243024122 440160.0 77
1717243028486 440160.0 78
1717243032840 440160.0 79
1717243037183 440160.0 80
1717243041527 440160.0 81
1717243045850 440160.0 82
1717243050192 440160.0 83
1717243054510 440160.0 84
1717243058829 440160.0 85
1717243063180 440160.0 86
1717243067538 440160.0 87
1717243071859 440160.0 88
1717243076211 440160.0 89
1717243080535 440160.0 90
1717243084862 440160.0 91
1717243089215 440160.0 92
1717243093558 440160.0 93
1717243097870 440160.0 94
1717243102214 440160.0 95
1717243106538 440160.0 96
1717243110871 440160.0 97
1717243115211 440160.0 98
1717243119534 440160.0 99
