1717242693525 0.8780330299774555 1
1717242697735 0.8916853829516854 2
1717242701964 0.8916853829516854 3
1717242706226 0.8916853829516854 4
1717242710450 0.8916853829516854 5
1717242714699 0.8966087985236694 6
1717242718990 0.910856927590724 7
1717242723300 0.9243295029577087 8
1717242727605 0.9230020246099931 9
1717242731901 0.9263133439195425 10
1717242736229 0.9368635360968103 11
1717242740541 0.9382223072391237 12
1717242744840 0.9404359910857237 13
1717242749168 0.9436146524222951 14
1717242753471 0.9432534974411639 15
1717242757809 0.9384065233331981 16
1717242762417 0.9536820472947591 17
1717242766765 0.9571015636597291 18
1717242771274 0.9575731950802543 19
1717242775747 0.9607828089013009 20
1717242780086 0.9618736788710569 21
1717242784423 0.9605751242865819 22
1717242788769 0.9630614357074256 23
1717242793119 0.9626289238215822 24
1717242797433 0.9670626942412031 25
1717242801782 0.9662926265392077 26
1717242806152 0.9705770744996701 27
1717242810500 0.9674134541388565 28
1717242814840 0.9367993130520975 29
1717242819175 0.9154746295418114 30
1717242823717 0.9372929036579141 31
1717242828216 0.9433435005382466 32
1717242832611 0.9546958512051791 33
1717242836981 0.9571266406399648 34
1717242841310 0.9548126078075783 35
1717242845698 0.9353350850298396 36
1717242850039 0.9429000202552827 37
1717242854387 0.9556174181683723 38
1717242858731 0.9153295136135936 39
1717242863093 0.9136761838754915 40
1717242867449 0.9164657940725626 41
1717242871751 0.9143401405653783 42
1717242876079 0.8918026367442623 43
1717242880413 0.8917789634771816 44
1717242884737 0.8918084529511877 45
1717242889086 0.8917825749539435 46
1717242893457 0.891723279823385 47
1717242897811 0.8916889922011766 48
1717242902126 0.8917633370785687 49
1717242906448 0.8917376135239206 50
1717242910805 0.8917570706004886 51
1717242915124 0.8917093860693022 52
1717242919443 0.8917151835404441 53
1717242923779 0.8917271483168909 54
1717242928128 0.8917536748923297 55
1717242932472 0.891696835043531 56
1717242936781 0.8916853829516854 57
1717242941124 0.8916853829516854 58
1717242945453 0.8916853829516854 59
1717242949813 0.8916853829516854 60
1717242954150 0.8916853829516854 61
1717242958487 0.8916853829516854 62
1717242962818 0.8932039035920146 63
1717242967166 0.8916992529693146 64
1717242971500 0.8917379428893173 65
1717242975827 0.8917364540701249 66
1717242980156 0.8917744125223759 67
1717242984567 0.8918660469845973 68
1717242988905 0.8918746318988198 69
1717242993234 0.8918869516359913 70
1717242997671 0.8918604170802019 71
1717243002022 0.8916853829516854 72
1717243006516 0.8916853829516854 73
1717243011073 0.8916853829516854 74
1717243015423 0.8916853829516854 75
1717243019781 0.8916853829516854 76
1717243024122 0.8916853829516854 77
1717243028486 0.8916853829516854 78
1717243032840 0.8916853829516854 79
1717243037183 0.8916853829516854 80
1717243041527 0.8916853829516854 81
1717243045850 0.8916853829516854 82
1717243050192 0.8916853829516854 83
1717243054510 0.8916853829516854 84
1717243058829 0.8916853829516854 85
1717243063180 0.8916853829516854 86
1717243067538 0.8916853829516854 87
1717243071859 0.8916853829516854 88
1717243076211 0.8916853829516854 89
1717243080535 0.8916853829516854 90
1717243084862 0.8916853829516854 91
1717243089215 0.8916853829516854 92
1717243093558 0.8916853829516854 93
1717243097870 0.8916853829516854 94
1717243102214 0.8916853829516854 95
1717243106538 0.8916853829516854 96
1717243110871 0.8916853829516854 97
1717243115211 0.8916853829516854 98
1717243119534 0.8916853829516854 99
