1717242693525 0.014925373134328358 1
1717242697735 0.0 2
1717242701964 0.0 3
1717242706226 0.0 4
1717242710450 0.0 5
1717242714699 0.05510226643492311 6
1717242718990 0.21078082885701743 7
1717242723300 0.34076824785434734 8
1717242727605 0.32452820764103524 9
1717242731901 0.3553766955073318 10
1717242736229 0.45798670872565467 11
1717242740541 0.46908304287635266 12
1717242744840 0.49295064026397206 13
1717242749168 0.5211021050414625 14
1717242753471 0.5175785277924847 15
1717242757809 0.4719076671147718 16
1717242762417 0.613195502882926 17
1717242766765 0.643686186728015 18
1717242771274 0.6475072586964433 19
1717242775747 0.6749083074505179 20
1717242780086 0.685332670714203 21
1717242784423 0.6726280795181327 22
1717242788769 0.69574291687533 23
1717242793119 0.6926009390389061 24
1717242797433 0.7314256656505429 25
1717242801782 0.7220294323843306 26
1717242806152 0.7612882340166817 27
1717242810500 0.7341370735847867 28
1717242814840 0.4481483729762419 29
1717242819175 0.24871614504148395 30
1717242823717 0.46637090259387504 31
1717242828216 0.520970549385017 32
1717242832611 0.6207865247285508 33
1717242836981 0.6417478923309757 34
1717242841310 0.6220719226773745 35
1717242845698 0.44749095664455457 36
1717242850039 0.5159908317454494 37
1717242854387 0.630474875768441 38
1717242858731 0.2512385756659739 39
1717242863093 0.23433235547596193 40
1717242867449 0.26358321167412363 41
1717242871751 0.2412263625523283 42
1717242876079 0.0015444351143637388 43
1717242880413 0.0011213049662268048 44
1717242884737 0.0016404045022608538 45
1717242889086 0.0015063514999043481 46
1717242893457 0.0004452386528199014 47
1717242897811 6.35549006057957e-05 48
1717242902126 0.001151757346592904 49
1717242906448 0.0005918352345804392 50
1717242910805 0.001063208561171225 51
1717242915124 0.00028841057012763066 52
1717242919443 0.0004089344313149453 53
1717242923779 0.0006613143022702691 54
1717242928128 0.000852719281328933 55
1717242932472 0.00033004250265353024 56
1717242936781 0.0 57
1717242941124 0.0 58
1717242945453 0.0 59
1717242949813 0.0 60
1717242954150 0.0 61
1717242958487 0.0 62
1717242962818 0.015109815827693829 63
1717242967166 0.00016730414362962616 64
1717242971500 0.0008425045903416073 65
1717242975827 0.0008035184959379072 66
1717242980156 0.0012439750869493512 67
1717242984567 0.0023370278558685607 68
1717242988905 0.0024989279200086654 69
1717242993234 0.0024895743405370747 70
1717242997671 0.0020690888299230914 71
1717243002022 0.0 72
1717243006516 0.0 73
1717243011073 0.0 74
1717243015423 0.0 75
1717243019781 0.0 76
1717243024122 0.0 77
1717243028486 0.0 78
1717243032840 0.0 79
1717243037183 0.0 80
1717243041527 0.0 81
1717243045850 0.0 82
1717243050192 0.0 83
1717243054510 0.0 84
1717243058829 0.0 85
1717243063180 0.0 86
1717243067538 0.0 87
1717243071859 0.0 88
1717243076211 0.0 89
1717243080535 0.0 90
1717243084862 0.0 91
1717243089215 0.0 92
1717243093558 0.0 93
1717243097870 0.0 94
1717243102214 0.0 95
1717243106538 0.0 96
1717243110871 0.0 97
1717243115211 0.0 98
1717243119534 0.0 99
