1717630339280 170717.0 1
1717630340203 131131.0 2
1717630341076 117880.0 3
1717630341975 105313.0 4
1717630342872 91056.0 5
1717630343779 78967.0 6
1717630344678 71679.0 7
1717630345552 65327.0 8
1717630346503 60866.0 9
1717630347392 59238.0 10
1717630348276 57488.0 11
1717630349151 57083.0 12
1717630350073 56538.0 13
1717630350984 56422.0 14
1717630351927 56386.0 15
1717630352877 55993.0 16
1717630353781 56084.0 17
1717630354710 55431.0 18
1717630355610 55092.0 19
1717630356603 54779.0 20
1717630357553 54640.0 21
1717630358517 54454.0 22
1717630359462 54127.0 23
1717630360404 54120.0 24
1717630361337 53977.0 25
1717630362336 53564.0 26
1717630363296 53363.0 27
1717630364220 53361.0 28
1717630365164 53256.0 29
1717630366146 52880.0 30
1717630367036 52688.0 31
1717630367927 52807.0 32
1717630368879 52872.0 33
1717630369785 53100.0 34
1717630370666 51942.0 35
1717630371546 51613.0 36
1717630372396 52473.0 37
1717630373287 52124.0 38
1717630374181 51630.0 39
1717630375093 51541.0 40
1717630375989 51490.0 41
1717630376894 51246.0 42
1717630377818 51403.0 43
1717630378714 51395.0 44
1717630379615 51574.0 45
1717630380488 51618.0 46
1717630381361 51635.0 47
1717630382349 51292.0 48
1717630383311 51726.0 49
1717630384231 51220.0 50
1717630385187 50564.0 51
1717630386169 50618.0 52
1717630387138 50777.0 53
1717630388122 51032.0 54
1717630389081 51055.0 55
1717630389969 51141.0 56
1717630390849 50826.0 57
1717630391789 50724.0 58
1717630392808 50452.0 59
1717630393694 51071.0 60
1717630394637 50732.0 61
1717630395693 50941.0 62
1717630396663 52285.0 63
1717630397590 50647.0 64
1717630398465 51086.0 65
1717630399504 50919.0 66
1717630400554 50051.0 67
1717630401620 50785.0 68
1717630402617 50130.0 69
1717630403520 50044.0 70
1717630404429 50214.0 71
1717630405337 49700.0 72
1717630406326 50260.0 73
1717630407241 50145.0 74
1717630408140 49854.0 75
1717630409022 49623.0 76
1717630410008 49551.0 77
1717630411012 49324.0 78
1717630411958 49391.0 79
1717630412927 49550.0 80
1717630413945 49376.0 81
1717630414983 49297.0 82
1717630415959 49274.0 83
1717630416919 49184.0 84
1717630418041 49274.0 85
1717630419105 49517.0 86
1717630420073 49258.0 87
1717630421053 49321.0 88
1717630422021 49142.0 89
1717630422945 49514.0 90
1717630423834 49074.0 91
1717630424761 49108.0 92
1717630425697 49739.0 93
1717630426658 49292.0 94
1717630427662 49232.0 95
1717630428593 49706.0 96
1717630429473 50035.0 97
1717630430336 49445.0 98
1717630431266 49248.0 99
