1717630339280 25966.0 1
1717630340203 25966.0 2
1717630341076 25966.0 3
1717630341975 25966.0 4
1717630342872 25966.0 5
1717630343779 25966.0 6
1717630344678 25966.0 7
1717630345552 25966.0 8
1717630346503 25966.0 9
1717630347392 25966.0 10
1717630348276 25966.0 11
1717630349151 25966.0 12
1717630350073 25966.0 13
1717630350984 25966.0 14
1717630351927 25966.0 15
1717630352877 25966.0 16
1717630353781 25966.0 17
1717630354710 25966.0 18
1717630355610 25966.0 19
1717630356603 25966.0 20
1717630357553 25966.0 21
1717630358517 25966.0 22
1717630359462 25966.0 23
1717630360404 25966.0 24
1717630361337 25966.0 25
1717630362336 25966.0 26
1717630363296 25966.0 27
1717630364220 25966.0 28
1717630365164 25966.0 29
1717630366146 25966.0 30
1717630367036 25966.0 31
1717630367927 25966.0 32
1717630368879 25966.0 33
1717630369785 25966.0 34
1717630370666 25966.0 35
1717630371546 25966.0 36
1717630372396 25966.0 37
1717630373287 25966.0 38
1717630374181 25966.0 39
1717630375093 25966.0 40
1717630375989 25966.0 41
1717630376894 25966.0 42
1717630377818 25966.0 43
1717630378714 25966.0 44
1717630379615 25966.0 45
1717630380488 25966.0 46
1717630381361 25966.0 47
1717630382349 25966.0 48
1717630383311 25966.0 49
1717630384231 25966.0 50
1717630385187 25966.0 51
1717630386169 25966.0 52
1717630387138 25966.0 53
1717630388122 25966.0 54
1717630389081 25966.0 55
1717630389969 25966.0 56
1717630390849 25966.0 57
1717630391789 25966.0 58
1717630392808 25966.0 59
1717630393694 25966.0 60
1717630394637 25966.0 61
1717630395693 25966.0 62
1717630396663 25966.0 63
1717630397590 25966.0 64
1717630398465 25966.0 65
1717630399504 25966.0 66
1717630400554 25966.0 67
1717630401620 25966.0 68
1717630402617 25966.0 69
1717630403520 25966.0 70
1717630404429 25966.0 71
1717630405337 25966.0 72
1717630406326 25966.0 73
1717630407241 25966.0 74
1717630408140 25966.0 75
1717630409022 25966.0 76
1717630410008 25966.0 77
1717630411012 25966.0 78
1717630411958 25966.0 79
1717630412927 25966.0 80
1717630413945 25966.0 81
1717630414983 25966.0 82
1717630415959 25966.0 83
1717630416919 25966.0 84
1717630418041 25966.0 85
1717630419105 25966.0 86
1717630420073 25966.0 87
1717630421053 25966.0 88
1717630422021 25966.0 89
1717630422945 25966.0 90
1717630423834 25966.0 91
1717630424761 25966.0 92
1717630425697 25966.0 93
1717630426658 25966.0 94
1717630427662 25966.0 95
1717630428593 25966.0 96
1717630429473 25966.0 97
1717630430336 25966.0 98
1717630431266 25966.0 99
