1717260199289 1.6367486715316772 1
1717260200863 1.2091929912567139 2
1717260202422 1.1426723003387451 3
1717260203981 1.0831670761108398 4
1717260205522 1.0473170280456543 5
1717260207073 1.0181201696395874 6
1717260208614 0.9930219054222107 7
1717260210166 0.9732258319854736 8
1717260211720 0.948361873626709 9
1717260213307 0.9403759241104126 10
1717260214897 0.911383867263794 11
1717260217739 0.9139457941055298 12
1717260219629 0.8826203942298889 13
1717260221255 0.868718147277832 14
1717260222804 0.8515552282333374 15
1717260224345 0.8401390910148621 16
1717260225958 0.8250689506530762 17
1717260227492 0.8113905191421509 18
1717260229025 0.8167979717254639 19
1717260230612 0.7904998660087585 20
1717260232178 0.7826653122901917 21
1717260233764 0.7710205316543579 22
1717260235343 0.7643567323684692 23
1717260236933 0.748537540435791 24
1717260238472 0.742791473865509 25
1717260240042 0.734548032283783 26
1717260241601 0.7459161281585693 27
1717260243129 0.7219709157943726 28
1717260244718 0.7324520945549011 29
1717260246425 0.7192567586898804 30
1717260248156 0.7105885744094849 31
1717260249748 0.7160272002220154 32
1717260251319 0.7180023789405823 33
1717260252886 0.7024705410003662 34
1717260254458 0.7018328905105591 35
1717260256019 0.7039349675178528 36
1717260257658 0.6972919702529907 37
1717260259247 0.7061449885368347 38
1717260260785 0.6948864459991455 39
1717260262335 0.6872473359107971 40
1717260263893 0.6931304335594177 41
1717260265480 0.7042123079299927 42
1717260267031 0.6834300756454468 43
1717260268590 0.685155987739563 44
1717260270155 0.6896032691001892 45
1717260271740 0.6828111410140991 46
1717260273263 0.6852612495422363 47
1717260274862 0.6925281882286072 48
1717260276463 0.6748219132423401 49
1717260278035 0.6784816980361938 50
1717260279658 0.686995804309845 51
1717260281936 0.6748546361923218 52
1717260283725 0.6719635128974915 53
1717260285322 0.6802988648414612 54
1717260286852 0.6769236922264099 55
1717260288416 0.6826012134552002 56
1717260289970 0.6704353094100952 57
1717260292085 0.6790135502815247 58
1717260293779 0.6675916910171509 59
1717260295331 0.6667277812957764 60
1717260296897 0.6821378469467163 61
1717260298453 0.6654046177864075 62
1717260300037 0.6645299196243286 63
1717260301604 0.6673429608345032 64
1717260303153 0.6653063297271729 65
1717260304717 0.676910400390625 66
1717260306320 0.6577723026275635 67
1717260307879 0.667214572429657 68
1717260309411 0.6709041595458984 69
1717260311047 0.6577844023704529 70
1717260312726 0.6595127582550049 71
1717260314344 0.6641653776168823 72
1717260315900 0.657535195350647 73
1717260317521 0.659319281578064 74
1717260319093 0.6652064323425293 75
1717260320690 0.6577390432357788 76
1717260322279 0.6616436243057251 77
1717260323847 0.6567826867103577 78
1717260325440 0.6523206233978271 79
1717260327030 0.6522055864334106 80
1717260328625 0.6528286337852478 81
1717260330210 0.6544844508171082 82
1717260331771 0.6491957306861877 83
1717260333325 0.664122462272644 84
1717260334878 0.6512877941131592 85
1717260336449 0.6564840078353882 86
1717260338012 0.6574195027351379 87
1717260339565 0.6455614566802979 88
1717260341171 0.6495517492294312 89
1717260342774 0.6509349942207336 90
1717260344380 0.6481540203094482 91
1717260346020 0.6481102108955383 92
1717260347612 0.6466012001037598 93
1717260349180 0.6442829370498657 94
1717260350778 0.658935546875 95
1717260352353 0.6487396955490112 96
1717260353924 0.6455131769180298 97
1717260355497 0.6468937397003174 98
1717260357073 0.6421754956245422 99
