1717260199289 0.7474096148599163 1
1717260200863 0.8984796751325885 2
1717260202422 0.9062899721295932 3
1717260203981 0.9095653388535018 4
1717260205522 0.9115763759725226 5
1717260207073 0.9165509941605825 6
1717260208614 0.9195496240930312 7
1717260210166 0.9215872310304127 8
1717260211720 0.9237580549486566 9
1717260213307 0.9261829926262004 10
1717260214897 0.9270291692026693 11
1717260217739 0.9280220729156649 12
1717260219629 0.9292591247817419 13
1717260221255 0.9298153282842473 14
1717260222804 0.9316795137159294 15
1717260224345 0.9325785966005051 16
1717260225958 0.9329428581728418 17
1717260227492 0.9343789745722693 18
1717260229025 0.93603023426055 19
1717260230612 0.9374319704494278 20
1717260232178 0.9394835858289468 21
1717260233764 0.9397271001776142 22
1717260235343 0.9416245366579725 23
1717260236933 0.9422072931575981 24
1717260238472 0.9435979684501472 25
1717260240042 0.943884206014711 26
1717260241601 0.9445404024851131 27
1717260243129 0.9456025432587797 28
1717260244718 0.9463913590724539 29
1717260246425 0.9454227337164024 30
1717260248156 0.9469337380400955 31
1717260249748 0.9460733108375322 32
1717260251319 0.9477232063939525 33
1717260252886 0.947850837737787 34
1717260254458 0.9482384442841195 35
1717260256019 0.9483184002768602 36
1717260257658 0.9486402836971275 37
1717260259247 0.9484993815067826 38
1717260260785 0.9484416049270508 39
1717260262335 0.9489779465402499 40
1717260263893 0.9476076507971898 41
1717260265480 0.9488956737246759 42
1717260267031 0.9500670337101597 43
1717260268590 0.9499970855125774 44
1717260270155 0.9499008662873475 45
1717260271740 0.9500822668910107 46
1717260273263 0.9498255139817378 47
1717260274862 0.9496299900016267 48
1717260276463 0.9501441520085817 49
1717260278035 0.9497866732671784 50
1717260279658 0.9501643504330595 51
1717260281936 0.9509317309849432 52
1717260283725 0.9510807024832013 53
1717260285322 0.9501889519547337 54
1717260286852 0.9515029295517914 55
1717260288416 0.9509188038815538 56
1717260289970 0.9505928644972552 57
1717260292085 0.9510243447077453 58
1717260293779 0.9508541871691252 59
1717260295331 0.9504305899172705 60
1717260296897 0.9504921574459808 61
1717260298453 0.9516525646649829 62
1717260300037 0.9516471281647341 63
1717260301604 0.9508554761577497 64
1717260303153 0.9516196949630389 65
1717260304717 0.9512512014736605 66
1717260306320 0.951529656202084 67
1717260307879 0.950304656496588 68
1717260309411 0.9510009375700709 69
1717260311047 0.9513314358551134 70
1717260312726 0.9515558670848983 71
1717260314344 0.9521822170993177 72
1717260315900 0.9519781439297481 73
1717260317521 0.9512299300356573 74
1717260319093 0.951341090146838 75
1717260320690 0.951298069460519 76
1717260322279 0.9517613487436651 77
1717260323847 0.952056907118369 78
1717260325440 0.9525139749601013 79
1717260327030 0.9527355400042522 80
1717260328625 0.9527075815069141 81
1717260330210 0.9522128745078811 82
1717260331771 0.9523251496906626 83
1717260333325 0.9519248705401581 84
1717260334878 0.9526788712535 85
1717260336449 0.9529420245677511 86
1717260338012 0.9526058819720608 87
1717260339565 0.9529856163589439 88
1717260341171 0.9525300504848665 89
1717260342774 0.9531355588212038 90
1717260344380 0.9531728141135483 91
1717260346020 0.953229288313128 92
1717260347612 0.953239798043753 93
1717260349180 0.9529544525154399 94
1717260350778 0.9533143478677286 95
1717260352353 0.9527342768822784 96
1717260353924 0.9530669001540191 97
1717260355497 0.9534226191539805 98
1717260357073 0.9536150384777806 99
