1717095581548 15196.0 1
1717095582745 15196.0 2
1717095584018 15196.0 3
1717095585352 15196.0 4
1717095586584 15196.0 5
1717095587816 15196.0 6
1717095589028 15196.0 7
1717095590297 15196.0 8
1717095591536 15196.0 9
1717095592758 15196.0 10
1717095594005 15196.0 11
1717095595250 15196.0 12
1717095596511 15196.0 13
1717095597739 15196.0 14
1717095598988 15196.0 15
1717095600224 15196.0 16
1717095601490 15196.0 17
1717095602740 15196.0 18
1717095604089 15196.0 19
1717095605352 15196.0 20
1717095606592 15196.0 21
1717095607838 15196.0 22
1717095609114 15196.0 23
1717095610362 15196.0 24
1717095611637 15196.0 25
1717095612863 15196.0 26
1717095614138 15196.0 27
1717095615385 15196.0 28
1717095616634 15196.0 29
1717095617889 15196.0 30
1717095619320 15196.0 31
1717095620752 15196.0 32
1717095622268 15196.0 33
1717095623785 15196.0 34
1717095625235 15196.0 35
1717095626644 15196.0 36
1717095627916 15196.0 37
1717095629187 15196.0 38
1717095630999 15196.0 39
1717095632189 15196.0 40
1717095633368 15196.0 41
1717095634572 15196.0 42
1717095635753 15196.0 43
1717095636946 15196.0 44
1717095638135 15196.0 45
1717095639324 15196.0 46
1717095640496 15196.0 47
1717095641668 15196.0 48
1717095642849 15196.0 49
1717095644016 15196.0 50
1717095645176 15196.0 51
1717095646368 15196.0 52
1717095647531 15196.0 53
1717095648717 15196.0 54
1717095649879 15196.0 55
1717095651074 15196.0 56
1717095652239 15196.0 57
1717095653412 15196.0 58
1717095654574 15196.0 59
1717095655759 15196.0 60
1717095656945 15196.0 61
1717095658496 15196.0 62
1717095659917 15196.0 63
1717095661417 15196.0 64
1717095662660 15196.0 65
1717095663920 15196.0 66
1717095665167 15196.0 67
1717095666425 15196.0 68
1717095667643 15196.0 69
1717095668858 15196.0 70
1717095670110 15196.0 71
1717095671360 15196.0 72
1717095672626 15196.0 73
1717095673893 15196.0 74
1717095675122 15196.0 75
1717095676350 15196.0 76
1717095677582 15196.0 77
1717095678849 15196.0 78
1717095680133 15196.0 79
1717095681406 15196.0 80
1717095682644 15196.0 81
1717095683876 15196.0 82
1717095685141 15196.0 83
1717095686445 15196.0 84
1717095687696 15196.0 85
1717095688953 15196.0 86
1717095690202 15196.0 87
1717095691358 15196.0 88
1717095692613 15196.0 89
1717095693886 15196.0 90
1717095695129 15196.0 91
1717095696404 15196.0 92
1717095697652 15196.0 93
1717095698917 15196.0 94
1717095700179 15196.0 95
1717095701417 15196.0 96
1717095702666 15196.0 97
1717095703925 15196.0 98
1717095705195 15196.0 99
