1717095581548 0.254682719707489 1
1717095582745 0.4452931582927704 2
1717095584018 0.49064555764198303 3
1717095585352 0.528971254825592 4
1717095586584 0.5517594814300537 5
1717095587816 0.6061278581619263 6
1717095589028 0.6472195386886597 7
1717095590297 0.6491416096687317 8
1717095591536 0.6621057391166687 9
1717095592758 0.6842355728149414 10
1717095594005 0.6980606913566589 11
1717095595250 0.7042644619941711 12
1717095596511 0.7221107482910156 13
1717095597739 0.7268092036247253 14
1717095598988 0.7447510361671448 15
1717095600224 0.7081471681594849 16
1717095601490 0.7462267875671387 17
1717095602740 0.7411731481552124 18
1717095604089 0.7675786018371582 19
1717095605352 0.7597066760063171 20
1717095606592 0.762880265712738 21
1717095607838 0.7668316960334778 22
1717095609114 0.7753968238830566 23
1717095610362 0.7766065001487732 24
1717095611637 0.7850154042243958 25
1717095612863 0.7780977487564087 26
1717095614138 0.7816870808601379 27
1717095615385 0.769309937953949 28
1717095616634 0.7816790342330933 29
1717095617889 0.7752334475517273 30
1717095619320 0.7846804857254028 31
1717095620752 0.7883833646774292 32
1717095622268 0.7663413286209106 33
1717095623785 0.793938934803009 34
1717095625235 0.7837554216384888 35
1717095626644 0.7821599841117859 36
1717095627916 0.7958935499191284 37
1717095629187 0.8042510747909546 38
1717095630999 0.7919656038284302 39
1717095632189 0.7993277311325073 40
1717095633368 0.8067895174026489 41
1717095634572 0.8005419969558716 42
1717095635753 0.8032780289649963 43
1717095636946 0.8087493777275085 44
1717095638135 0.8137444257736206 45
1717095639324 0.80576092004776 46
1717095640496 0.79973304271698 47
1717095641668 0.7961627840995789 48
1717095642849 0.8175929188728333 49
1717095644016 0.8106817603111267 50
1717095645176 0.8147873282432556 51
1717095646368 0.8145720362663269 52
1717095647531 0.8004292845726013 53
1717095648717 0.8083662390708923 54
1717095649879 0.8173466920852661 55
1717095651074 0.820711076259613 56
1717095652239 0.8226796984672546 57
1717095653412 0.828087329864502 58
1717095654574 0.8092918992042542 59
1717095655759 0.815158486366272 60
1717095656945 0.8132072687149048 61
1717095658496 0.828046977519989 62
1717095659917 0.8255363702774048 63
1717095661417 0.8100919127464294 64
1717095662660 0.8248111605644226 65
1717095663920 0.824937641620636 66
1717095665167 0.8276157975196838 67
1717095666425 0.8232051730155945 68
1717095667643 0.8242343664169312 69
1717095668858 0.8357523083686829 70
1717095670110 0.825829029083252 71
1717095671360 0.8243653178215027 72
1717095672626 0.8368023633956909 73
1717095673893 0.830276370048523 74
1717095675122 0.8336302638053894 75
1717095676350 0.8210734128952026 76
1717095677582 0.8360309600830078 77
1717095678849 0.8360700011253357 78
1717095680133 0.8214854598045349 79
1717095681406 0.834076464176178 80
1717095682644 0.8442309498786926 81
1717095683876 0.8331295847892761 82
1717095685141 0.8363738059997559 83
1717095686445 0.8389043211936951 84
1717095687696 0.8375876545906067 85
1717095688953 0.8414019346237183 86
1717095690202 0.841032087802887 87
1717095691358 0.8254051208496094 88
1717095692613 0.8474980592727661 89
1717095693886 0.8467907309532166 90
1717095695129 0.8405225872993469 91
1717095696404 0.8484085202217102 92
1717095697652 0.8337200880050659 93
1717095698917 0.8413470983505249 94
1717095700179 0.8167456984519958 95
1717095701417 0.8406716585159302 96
1717095702666 0.8493852615356445 97
1717095703925 0.8487957715988159 98
1717095705195 0.8345803022384644 99
