1717528419170 329906.0 1
1717528432024 329906.0 2
1717528444826 329906.0 3
1717528457804 329906.0 4
1717528471760 329906.0 5
1717528484756 329906.0 6
1717528497824 329906.0 7
1717528510840 329906.0 8
1717528523933 329906.0 9
1717528537149 329906.0 10
1717528550515 329906.0 11
1717528563571 329906.0 12
1717528576711 329906.0 13
1717528589940 329906.0 14
1717528604446 329906.0 15
1717528617907 329906.0 16
1717528631223 329906.0 17
1717528644446 329906.0 18
1717528657852 329906.0 19
1717528671528 329906.0 20
1717528684697 329906.0 21
1717528698068 329906.0 22
1717528711034 329906.0 23
1717528725118 329906.0 24
1717528738623 329906.0 25
1717528751959 329906.0 26
1717528765041 329906.0 27
1717528778329 329906.0 28
1717528791981 329906.0 29
1717528805189 329906.0 30
1717528818208 329906.0 31
1717528831566 329906.0 32
1717528845433 329906.0 33
1717528859514 329906.0 34
1717528872519 329906.0 35
1717528885680 329906.0 36
1717528898071 329906.0 37
1717528910583 329906.0 38
1717528922545 329906.0 39
1717528934642 329906.0 40
1717528946681 329906.0 41
1717528958432 329906.0 42
1717528970861 329906.0 43
1717528982778 329906.0 44
1717528995001 329906.0 45
1717529007422 329906.0 46
1717529019265 329906.0 47
1717529031404 329906.0 48
1717529043278 329906.0 49
1717529055197 329906.0 50
1717529067062 329906.0 51
1717529079002 329906.0 52
1717529090910 329906.0 53
1717529102628 329906.0 54
1717529114511 329906.0 55
1717529126329 329906.0 56
1717529137945 329906.0 57
1717529149805 329906.0 58
1717529161537 329906.0 59
1717529173680 329906.0 60
1717529186239 329906.0 61
1717529198005 329906.0 62
1717529209991 329906.0 63
1717529221884 329906.0 64
1717529233512 329906.0 65
1717529245209 329906.0 66
1717529256791 329906.0 67
1717529268646 329906.0 68
1717529280212 329906.0 69
1717529291882 329906.0 70
1717529305149 329906.0 71
1717529318322 329906.0 72
1717529331419 329906.0 73
1717529346119 329906.0 74
1717529359393 329906.0 75
1717529372793 329906.0 76
1717529386361 329906.0 77
1717529399808 329906.0 78
1717529413174 329906.0 79
1717529426655 329906.0 80
1717529440040 329906.0 81
1717529453527 329906.0 82
1717529467815 329906.0 83
1717529481263 329906.0 84
1717529494487 329906.0 85
1717529508194 329906.0 86
1717529521717 329906.0 87
1717529535111 329906.0 88
1717529548346 329906.0 89
1717529561500 329906.0 90
1717529574844 329906.0 91
1717529588562 329906.0 92
1717529601911 329906.0 93
1717529615240 329906.0 94
1717529628537 329906.0 95
1717529641909 329906.0 96
1717529655284 329906.0 97
1717529668758 329906.0 98
1717529681862 329906.0 99
