1717268959946 0.9512864018667625 1
1717268970358 0.955146049374192 2
1717268980009 0.9558244672092755 3
1717268989376 0.956893695141176 4
1717268998813 0.9575018687259809 5
1717269008124 0.9582846286757926 6
1717269017513 0.9592301262150823 7
1717269026925 0.9603069038613288 8
1717269036508 0.9611360598888856 9
1717269046155 0.9617749800154095 10
1717269055789 0.9624412392349575 11
1717269065179 0.9629981418222939 12
1717269074510 0.9634105912974048 13
1717269084045 0.9639789525398604 14
1717269093971 0.9643970195620801 15
1717269103547 0.9648879946327324 16
1717269113163 0.9651408979170579 17
1717269122727 0.9653871554466779 18
1717269132335 0.9657021178089562 19
1717269141782 0.9661334039243749 20
1717269151231 0.9663282058848706 21
1717269160788 0.966582737736299 22
1717269170309 0.9668892745106646 23
1717269180092 0.9672570541656176 24
1717269189651 0.9675615390479536 25
1717269199167 0.9676351742755293 26
1717269208754 0.9677378815812006 27
1717269218533 0.9678358427396887 28
1717269228026 0.9680749399134109 29
1717269237625 0.9683087519047061 30
1717269247082 0.9683135517218747 31
1717269256527 0.9684311991791997 32
1717269266093 0.9684399869503233 33
1717269275639 0.9685907410709725 34
1717269285435 0.9685284363005245 35
1717269295292 0.968594464848716 36
1717269304822 0.9686252600848002 37
1717269314335 0.9686475789519452 38
1717269323808 0.968730750901671 39
1717269333308 0.9688481506419324 40
1717269343448 0.9688552322336081 41
1717269353068 0.9689433548404134 42
1717269362503 0.9689262973071325 43
1717269371880 0.9690000974136956 44
1717269381275 0.969097708471329 45
1717269391340 0.9690897534394012 46
1717269400850 0.9690525076732576 47
1717269410476 0.9690932079624688 48
1717269420277 0.9691523889492828 49
1717269429847 0.9690904204968674 50
1717269439535 0.9691098618080284 51
1717269449055 0.9691805253685862 52
1717269458644 0.9691159344195049 53
1717269468692 0.9692445936561003 54
1717269478389 0.969242898479988 55
1717269488011 0.9692734850557926 56
1717269497658 0.9692314395902185 57
1717269507310 0.9692589134367474 58
1717269516853 0.9692867752517629 59
1717269526421 0.969276675409053 60
1717269536432 0.9694025723712292 61
1717269546157 0.9694102397845705 62
1717269555743 0.9693985099729011 63
1717269565388 0.9695560364724585 64
1717269575092 0.9695088104396092 65
1717269584778 0.969537538385196 66
1717269594917 0.9695976169257242 67
1717269604579 0.9695806375305843 68
1717269616099 0.9696851959355666 69
1717269627854 0.9697384841769525 70
1717269638024 0.969751574107637 71
1717269647932 0.9696689803420133 72
1717269657160 0.969775843921612 73
1717269665648 0.9697309677451278 74
1717269674367 0.9698157046188326 75
1717269683160 0.9698199029093352 76
1717269691975 0.969833791676292 77
1717269700687 0.969922065289218 78
1717269709551 0.9697403156421729 79
1717269718816 0.9699146073691327 80
1717269727803 0.9698210716576458 81
1717269736669 0.9699102108726282 82
1717269745507 0.9699288753087378 83
1717269754351 0.9698958536255378 84
1717269763099 0.9699555005373798 85
1717269772189 0.9698473818047969 86
1717269780999 0.9700737964224839 87
1717269790093 0.9700889243940432 88
1717269798937 0.9700608235331228 89
1717269807714 0.9701007526617352 90
1717269816628 0.9700893665060099 91
1717269825408 0.9700617075591541 92
1717269834430 0.9701033964783184 93
1717269843486 0.9701136374753379 94
1717269852533 0.9701657116492012 95
1717269861506 0.9701970945216299 96
1717269870290 0.9701678229884451 97
1717269879140 0.9703005563231938 98
1717269888052 0.9702822514831843 99
