1709571386836 0.5714285373687744 1
1709571387063 0.6629213690757751 2
1709571387304 0.6830984950065613 3
1709571387533 0.7058823704719543 4
1709571387772 0.7422096133232117 5
1709571388033 0.7293447852134705 6
1709571388311 0.730769157409668 7
1709571388715 0.7555555701255798 8
1709571388976 0.7586206197738647 9
1709571389205 0.7526882290840149 10
1709571389454 0.7905759215354919 11
1709571389726 0.7926508784294128 12
1709571390047 0.7407407164573669 13
1709571390273 0.7955801486968994 14
1709571390511 0.7821782231330872 15
1709571390741 0.783098578453064 16
1709571390945 0.7802469730377197 17
1709571391144 0.7899159789085388 18
1709571391366 0.7626263499259949 19
1709571391578 0.7967033386230469 20
1709571391794 0.7625898718833923 21
1709571392050 0.7848101854324341 22
1709571392258 0.8195122480392456 23
1709571392457 0.7878787517547607 24
1709571392654 0.810126543045044 25
1709571392898 0.8073878288269043 26
1709571393487 0.7656612992286682 27
1709571393723 0.7814910411834717 28
1709571393946 0.7726161479949951 29
1709571394158 0.808080792427063 30
1709571394366 0.8229166865348816 31
1709571394583 0.8426395654678345 32
1709571394808 0.7819549441337585 33
1709571395013 0.8046512007713318 34
1709571395219 0.8441926836967468 35
1709571395423 0.8195877075195312 36
1709571395648 0.8235294222831726 37
1709571395870 0.8361045122146606 38
1709571396083 0.8373205661773682 39
1709571396302 0.8659217357635498 40
1709571396522 0.8184019327163696 41
1709571396736 0.8396946787834167 42
1709571396966 0.8766403794288635 43
1709571397164 0.8528679013252258 44
1709571397365 0.878947377204895 45
1709571397569 0.8842105269432068 46
1709571397773 0.824940025806427 47
1709571397974 0.8148148059844971 48
1709571398174 0.8303797245025635 49
1709571398374 0.8854166865348816 50
1709571398575 0.8215158581733704 51
1709571398779 0.8592232465744019 52
1709571398981 0.8722222447395325 53
1709571399181 0.8353222012519836 54
1709571399385 0.8161208629608154 55
1709571399584 0.8520408272743225 56
1709571399786 0.8769230246543884 57
1709571399988 0.849382758140564 58
1709571400193 0.8967390656471252 59
1709571400394 0.8175520300865173 60
1709571400595 0.8775510191917419 61
1709571400799 0.8721804618835449 62
1709571401003 0.8445596098899841 63
1709571401204 0.7755102515220642 64
1709571401405 0.8357487916946411 65
1709571401604 0.8785529732704163 66
1709571401807 0.8658227920532227 67
1709571402012 0.9157894849777222 68
1709571402211 0.9147286415100098 69
1709571402408 0.8712871074676514 70
1709571402609 0.9067356586456299 71
1709571402807 0.9090908765792847 72
1709571403008 0.8537169694900513 73
1709571403211 0.8900522589683533 74
1709571403414 0.9095606803894043 75
1709571403631 0.8956742882728577 76
1709571403862 0.9234827756881714 77
1709571404072 0.887179434299469 78
1709571404294 0.8704663515090942 79
1709571404488 0.8615384697914124 80
1709571404690 0.8899999260902405 81
1709571404891 0.9067356586456299 82
1709571405093 0.9319371581077576 83
1709571405365 0.8822054862976074 84
1709571405577 0.8376963138580322 85
1709571405792 0.8759493231773376 86
1709571406083 0.8324607014656067 87
1709571406306 0.8661800026893616 88
1709571406520 0.9139784574508667 89
1709571406732 0.9119170904159546 90
1709571406941 0.8916876912117004 91
1709571407154 0.9230769276618958 92
1709571407381 0.9402174353599548 93
1709571407590 0.9405405521392822 94
1709571407798 0.9068010449409485 95
1709571408012 0.9312168955802917 96
1709571408265 0.9170984029769897 97
1709571408472 0.9247311353683472 98
1709571408681 0.9035532474517822 99
1709571408883 0.9016393423080444 100
1709571409084 0.8967254161834717 101
1709571409285 0.9617486000061035 102
1709571409487 0.9493333101272583 103
1709571409695 0.9365079402923584 104
1709571409900 0.9283819198608398 105
1709571410109 0.9513513445854187 106
1709571410308 0.9274611473083496 107
1709571410510 0.9698629975318909 108
1709571410716 0.9045225977897644 109
1709571410924 0.8941798806190491 110
1709571411125 0.9326424598693848 111
1709571411330 0.9017632007598877 112
1709571411530 0.9430894255638123 113
1709571411763 0.9278351068496704 114
1709571411973 0.9485095143318176 115
1709571412192 0.9649595618247986 116
1709571412396 0.9304813146591187 117
1709571412601 0.9487870931625366 118
1709571412807 0.9375 119
1709571413011 0.9621621966362 120
1709571413216 0.9541779160499573 121
1709571413416 0.9651474356651306 122
1709571413621 0.9701897501945496 123
1709571413835 0.9701897501945496 124
1709571414034 0.9726775884628296 125
1709571414244 0.9600000381469727 126
1709571414447 0.9531680941581726 127
1709571414651 0.9414893984794617 128
1709571414853 0.9002557396888733 129
1709571415061 0.9589040875434875 130
1709571415264 0.9647696018218994 131
1709571415469 0.9595687389373779 132
1709571415675 0.9809264540672302 133
1709571415881 0.988950252532959 134
1709571416088 0.97826087474823 135
1709571416292 0.9350649118423462 136
1709571416497 0.9700272083282471 137
1709571416703 0.9781420826911926 138
1709571416908 0.9625668525695801 139
1709571417116 0.9698629975318909 140
1709571417319 0.9546667337417603 141
1709571417526 0.9623656272888184 142
1709571417732 0.970350444316864 143
1709571417943 0.9647696018218994 144
1709571418145 0.9541779160499573 145
1709571418351 0.9572193026542664 146
1709571418561 0.9836065173149109 147
1709571418772 0.9917355179786682 148
1709571418976 0.9142856597900391 149
1709571419183 0.9326424598693848 150
1709571419400 0.9591280817985535 151
1709571419628 0.9523809552192688 152
1709571419841 0.9569892287254333 153
1709571420067 0.9442970156669617 154
1709571420273 0.9754767417907715 155
1709571420479 0.9625668525695801 156
1709571420681 0.9860724210739136 157
1709571420906 0.9677419066429138 158
1709571421129 0.97826087474823 159
1709571421344 0.9890109896659851 160
1709571421565 0.9916897416114807 161
1709571421779 0.9944751262664795 162
1709571421988 0.9836065173149109 163
1709571422205 0.988950252532959 164
1709571422421 0.9944751262664795 165
1709571422649 0.9863013625144958 166
1709571422851 0.9944751262664795 167
1709571423057 0.9944444298744202 168
1709571423259 0.9917355179786682 169
1709571423466 1.0 170
1709571423671 0.9836065173149109 171
1709571423878 1.0 172
1709571424083 0.9944751262664795 173
1709571424290 1.0 174
1709571424498 0.9944751262664795 175
1709571424701 0.9916433691978455 176
1709571424899 0.9944751262664795 177
1709571425104 0.9836065173149109 178
1709571425309 1.0 179
1709571425513 1.0 180
1709571425715 0.9944751262664795 181
1709571425934 0.9917355179786682 182
1709571426163 0.9972299337387085 183
1709571426380 1.0 184
1709571426613 1.0 185
1709571426820 0.9972299337387085 186
1709571427019 0.9972299337387085 187
1709571427225 0.9917355179786682 188
1709571427434 0.9972299337387085 189
1709571427643 0.9944751262664795 190
1709571427847 1.0 191
1709571428047 0.9890109896659851 192
1709571428247 1.0 193
1709571428447 1.0 194
1709571428646 1.0 195
1709571428864 1.0 196
1709571429067 1.0 197
1709571429271 1.0 198
1709571429480 1.0 199
