1717096209690 0.1739068627357483 1
1717096214056 0.14934007823467255 2
1717096218307 0.17122699320316315 3
1717096222567 0.15539494156837463 4
1717096226918 0.17814801633358002 5
1717096231236 0.15233950316905975 6
1717096235527 0.1674061119556427 7
1717096239845 0.1621113419532776 8
1717096244142 0.16100113093852997 9
1717096248448 0.17346252501010895 10
1717096252757 0.16801980137825012 11
1717096257066 0.18313004076480865 12
1717096261527 0.17204715311527252 13
1717096265872 0.18089543282985687 14
1717096270174 0.17608699202537537 15
1717096274520 0.17445015907287598 16
1717096278827 0.16586430370807648 17
1717096283164 0.19583924114704132 18
1717096287501 0.1617429554462433 19
1717096291884 0.1838822364807129 20
1717096296198 0.15225061774253845 21
1717096300507 0.1788642555475235 22
1717096304820 0.15649238228797913 23
1717096309181 0.1839427351951599 24
1717096313497 0.17361177504062653 25
1717096317899 0.156137615442276 26
1717096322736 0.16561490297317505 27
1717096327628 0.1705467849969864 28
1717096332231 0.1703426092863083 29
1717096336938 0.167646124958992 30
1717096341625 0.17608699202537537 31
1717096346677 0.17802684009075165 32
1717096351217 0.18089543282985687 33
1717096355525 0.17994527518749237 34
1717096359843 0.18686439096927643 35
1717096364172 0.1887505203485489 36
1717096368442 0.1869574934244156 37
1717096372722 0.18411824107170105 38
1717096377187 0.18658947944641113 39
1717096381538 0.1898534744977951 40
1717096385773 0.18560752272605896 41
1717096390032 0.18190526962280273 42
1717096394347 0.18822027742862701 43
1717096398620 0.1898534744977951 44
1717096402910 0.18723513185977936 45
1717096407194 0.18723513185977936 46
1717096411507 0.19018027186393738 47
1717096415781 0.18453867733478546 48
1717096420053 0.18882440030574799 49
1717096424360 0.18882440030574799 50
1717096428666 0.18789345026016235 51
1717096432988 0.1893320381641388 52
1717096437286 0.18690833449363708 53
1717096441553 0.18882440030574799 54
1717096445807 0.1910373419523239 55
1717096450066 0.1897745430469513 56
1717096454357 0.18789345026016235 57
1717096458581 0.1898534744977951 58
1717096462859 0.18686439096927643 59
1717096467172 0.18822027742862701 60
1717096471599 0.18690833449363708 61
1717096475844 0.18822027742862701 62
1717096480195 0.18703703582286835 63
1717096484510 0.18723513185977936 64
1717096488777 0.18690833449363708 65
1717096493042 0.18882440030574799 66
1717096497325 0.19018027186393738 67
1717096501670 0.18822027742862701 68
1717096505943 0.18822027742862701 69
1717096510193 0.18723513185977936 70
1717096514522 0.18822027742862701 71
1717096518772 0.18822027742862701 72
1717096523026 0.18723513185977936 73
1717096527698 0.18822027742862701 74
1717096532346 0.18723513185977936 75
1717096536627 0.18723513185977936 76
1717096540977 0.18692225217819214 77
1717096545285 0.18723513185977936 78
1717096549614 0.18822027742862701 79
1717096553905 0.18822027742862701 80
1717096558274 0.18822027742862701 81
1717096562584 0.18723513185977936 82
1717096566862 0.18690833449363708 83
1717096571168 0.18723513185977936 84
1717096575489 0.18822027742862701 85
1717096579758 0.18723513185977936 86
1717096584339 0.18822027742862701 87
1717096588794 0.18822027742862701 88
1717096593042 0.18723513185977936 89
1717096597256 0.1627139449119568 90
1717096601532 0.16333265602588654 91
1717096605953 0.16333265602588654 92
1717096610442 0.16333265602588654 93
1717096614710 0.16333265602588654 94
1717096618983 0.16333265602588654 95
1717096623250 0.16333265602588654 96
1717096627517 0.16333265602588654 97
1717096631735 0.16333265602588654 98
1717096636148 0.16333265602588654 99
