1717096209690 0.10396508219234092 1
1717096214056 0.08895608295381716 2
1717096218307 0.10354401566944559 3
1717096222567 0.10789099419642072 4
1717096226918 0.12047834984284599 5
1717096231236 0.09113115490406984 6
1717096235527 0.1149735008056497 7
1717096239845 0.09794658476049606 8
1717096244142 0.12525981118158455 9
1717096248448 0.10371458039981434 10
1717096252757 0.11351759884749382 11
1717096257066 0.1263061095445788 12
1717096261527 0.15778791437298276 13
1717096265872 0.14614257637785447 14
1717096270174 0.11826566170023019 15
1717096274520 0.12135179614243384 16
1717096278827 0.12249836254458714 17
1717096283164 0.11715681076967026 18
1717096287501 0.09660496302649478 19
1717096291884 0.10985996220451452 20
1717096296198 0.09106848208309355 21
1717096300507 0.12095353668207087 22
1717096304820 0.1063803936681896 23
1717096309181 0.109932100815553 24
1717096313497 0.10378953662663593 25
1717096317899 0.10756517253275749 26
1717096322736 0.12415921772359242 27
1717096327628 0.10289676461851048 28
1717096332231 0.10369355025374022 29
1717096336938 0.11438157008854627 30
1717096341625 0.11826566170023019 31
1717096346677 0.1585585256090031 32
1717096351217 0.14614257637785447 33
1717096355525 0.14562034820170291 34
1717096359843 0.16195588904055497 35
1717096364172 0.15277144282745894 36
1717096368442 0.1620138732115328 37
1717096372722 0.12638282425838207 38
1717096377187 0.15167859628417385 39
1717096381538 0.14296133869738745 40
1717096385773 0.16236196317331045 41
1717096390032 0.13627448807680514 42
1717096394347 0.15159998121695814 43
1717096398620 0.14296133869738745 44
1717096402910 0.15105620693998845 45
1717096407194 0.15105620693998845 46
1717096411507 0.14225412109206043 47
1717096415781 0.16174422677479447 48
1717096420053 0.15261002891565725 49
1717096424360 0.15261002891565725 50
1717096428666 0.1523071988222852 51
1717096432988 0.1418007504163359 52
1717096437286 0.15176342454531547 53
1717096441553 0.15261002891565725 54
1717096445807 0.14271836509723418 55
1717096450066 0.15313225709180883 56
1717096454357 0.1523071988222852 57
1717096458581 0.14296133869738745 58
1717096462859 0.16195588904055497 59
1717096467172 0.15159998121695814 60
1717096471599 0.15176342454531547 61
1717096475844 0.15159998121695814 62
1717096480195 0.15300059847702704 63
1717096484510 0.15105620693998845 64
1717096488777 0.15176342454531547 65
1717096493042 0.15261002891565725 66
1717096497325 0.14225412109206043 67
1717096501670 0.15159998121695814 68
1717096505943 0.15159998121695814 69
1717096510193 0.15105620693998845 70
1717096514522 0.15159998121695814 71
1717096518772 0.15159998121695814 72
1717096523026 0.15105620693998845 73
1717096527698 0.15159998121695814 74
1717096532346 0.15105620693998845 75
1717096536627 0.15105620693998845 76
1717096540977 0.15177497143487564 77
1717096545285 0.15105620693998845 78
1717096549614 0.15159998121695814 79
1717096553905 0.15159998121695814 80
1717096558274 0.15159998121695814 81
1717096562584 0.15105620693998845 82
1717096566862 0.15176342454531547 83
1717096571168 0.15105620693998845 84
1717096575489 0.15159998121695814 85
1717096579758 0.15105620693998845 86
1717096584339 0.15159998121695814 87
1717096588794 0.15159998121695814 88
1717096593042 0.15105620693998845 89
1717096597256 0.10129550135009299 90
1717096601532 0.0977130611486642 91
1717096605953 0.0977130611486642 92
1717096610442 0.0977130611486642 93
1717096614710 0.0977130611486642 94
1717096618983 0.0977130611486642 95
1717096623250 0.0977130611486642 96
1717096627517 0.0977130611486642 97
1717096631735 0.0977130611486642 98
1717096636148 0.0977130611486642 99
