1717525837514 0.029971197247505188 1
1717525844988 0.0 2
1717525852540 0.0 3
1717525860371 0.0 4
1717525868042 0.00015854142839089036 5
1717525875833 0.0013261979911476374 6
1717525883372 0.0 7
1717525890874 0.0 8
1717525898329 0.0 9
1717525905962 0.0 10
1717525913418 0.0 11
1717525921006 0.0 12
1717525928644 0.0 13
1717525936589 0.0 14
1717525944131 0.0 15
1717525951813 0.0 16
1717525959390 0.0 17
1717525967353 0.0 18
1717525974953 0.0 19
1717525982574 0.0 20
1717525990192 0.0 21
1717525997864 0.0 22
1717526005488 0.0005181346787139773 23
1717526013219 0.0 24
1717526020868 0.002122241072356701 25
1717526028642 0.005939963273704052 26
1717526036619 0.007926546968519688 27
1717526044386 0.01349731720983982 28
1717526052403 0.0053252303041517735 29
1717526061478 0.012884916737675667 30
1717526070411 0.017392121255397797 31
1717526078428 0.018137408420443535 32
1717526086465 0.020934566855430603 33
1717526094539 0.008295542560517788 34
1717526102627 0.023850029334425926 35
1717526110508 0.014864565804600716 36
1717526118507 0.04617087543010712 37
1717526126784 0.06900516152381897 38
1717526134750 0.04020994156599045 39
1717526142659 0.0766085758805275 40
1717526150625 0.09248264878988266 41
1717526158580 0.0717235654592514 42
1717526166497 0.022151876240968704 43
1717526174537 0.06527073681354523 44
1717526182838 0.011086943559348583 45
1717526191885 0.03821004182100296 46
1717526199945 0.0725947692990303 47
1717526208291 0.07091031223535538 48
1717526216394 0.08231703191995621 49
1717526224361 0.08665167540311813 50
1717526232753 0.07709481567144394 51
1717526240785 0.027838826179504395 52
1717526248864 0.11875373125076294 53
1717526256749 0.11372963339090347 54
1717526264816 0.10968635976314545 55
1717526272924 0.121137835085392 56
1717526280964 0.11465831100940704 57
1717526289107 0.05863915756344795 58
1717526297353 0.07928077131509781 59
1717526305361 0.09267386794090271 60
1717526313982 0.08828578889369965 61
1717526323312 0.1001913771033287 62
1717526331346 0.11252182722091675 63
1717526339615 0.12335057556629181 64
1717526347787 0.07101179659366608 65
1717526355935 0.1032622680068016 66
1717526364148 0.08051145076751709 67
1717526372355 0.004696057178080082 68
1717526380537 0.006349056027829647 69
1717526388707 0.0 70
1717526396883 0.0 71
1717526404995 0.0 72
1717526413021 0.0 73
1717526421500 0.0 74
1717526429652 0.0 75
1717526437851 0.0 76
1717526447079 0.0 77
1717526455160 0.0 78
1717526463244 0.0 79
1717526471322 0.0 80
1717526479427 0.0 81
1717526487548 0.0 82
1717526495616 0.0 83
1717526503758 0.0 84
1717526512061 0.0 85
1717526520175 0.0 86
1717526528398 0.0 87
1717526536965 0.0 88
1717526545049 0.0 89
1717526553170 0.0 90
1717526561271 0.0 91
1717526569256 0.0 92
1717526576947 0.0 93
1717526584628 0.0 94
1717526592255 0.0 95
1717526599784 0.0 96
1717526607308 0.0 97
1717526614815 0.0 98
1717526622294 0.0 99
