1717525837514 307750.0 1
1717525844988 352332.0 2
1717525852540 352332.0 3
1717525860371 352332.0 4
1717525868042 352305.0 5
1717525875833 352162.0 6
1717525883372 352332.0 7
1717525890874 352332.0 8
1717525898329 352332.0 9
1717525905962 352332.0 10
1717525913418 352332.0 11
1717525921006 352332.0 12
1717525928644 352332.0 13
1717525936589 352332.0 14
1717525944131 352332.0 15
1717525951813 352332.0 16
1717525959390 352332.0 17
1717525967353 352332.0 18
1717525974953 352332.0 19
1717525982574 352332.0 20
1717525990192 352332.0 21
1717525997864 352332.0 22
1717526005488 352322.0 23
1717526013219 352332.0 24
1717526020868 352282.0 25
1717526028642 352147.0 26
1717526036619 352139.0 27
1717526044386 352052.0 28
1717526052403 352183.0 29
1717526061478 351997.0 30
1717526070411 351866.0 31
1717526078428 351792.0 32
1717526086465 351872.0 33
1717526094539 352139.0 34
1717526102627 351758.0 35
1717526110508 351942.0 36
1717526118507 351173.0 37
1717526126784 350456.0 38
1717526134750 351217.0 39
1717526142659 350356.0 40
1717526150625 350230.0 41
1717526158580 350477.0 42
1717526166497 351763.0 43
1717526174537 350848.0 44
1717526182838 352002.0 45
1717526191885 351172.0 46
1717526199945 350369.0 47
1717526208291 350309.0 48
1717526216394 350069.0 49
1717526224361 350234.0 50
1717526232753 350291.0 51
1717526240785 351700.0 52
1717526248864 349300.0 53
1717526256749 349664.0 54
1717526264816 349709.0 55
1717526272924 349284.0 56
1717526280964 349430.0 57
1717526289107 350885.0 58
1717526297353 350382.0 59
1717526305361 350003.0 60
1717526313982 350373.0 61
1717526323312 350237.0 62
1717526331346 349817.0 63
1717526339615 349446.0 64
1717526347787 350694.0 65
1717526355935 349638.0 66
1717526364148 350361.0 67
1717526372355 352227.0 68
1717526380537 349444.0 69
1717526388707 352332.0 70
1717526396883 352332.0 71
1717526404995 352332.0 72
1717526413021 352332.0 73
1717526421500 352332.0 74
1717526429652 352332.0 75
1717526437851 352332.0 76
1717526447079 352332.0 77
1717526455160 352332.0 78
1717526463244 352332.0 79
1717526471322 352332.0 80
1717526479427 352332.0 81
1717526487548 352332.0 82
1717526495616 352332.0 83
1717526503758 352332.0 84
1717526512061 352332.0 85
1717526520175 352332.0 86
1717526528398 352332.0 87
1717526536965 352332.0 88
1717526545049 352332.0 89
1717526553170 352332.0 90
1717526561271 352332.0 91
1717526569256 352332.0 92
1717526576947 352332.0 93
1717526584628 352332.0 94
1717526592255 352332.0 95
1717526599784 352332.0 96
1717526607308 352332.0 97
1717526614815 352332.0 98
1717526622294 352332.0 99
