1717442401115 1.2569553852081299 1
1717442401659 1.1035224199295044 2
1717442402125 1.0218077898025513 3
1717442402735 0.9683564305305481 4
1717442403295 0.919856071472168 5
1717442403741 0.8742891550064087 6
1717442404226 0.8315253853797913 7
1717442404698 0.8017939329147339 8
1717442405150 0.7632670998573303 9
1717442405616 0.7493519186973572 10
1717442406086 0.7238889932632446 11
1717442406552 0.7118741273880005 12
1717442407029 0.6951119303703308 13
1717442407501 0.6832891702651978 14
1717442407964 0.669745922088623 15
1717442408438 0.6611217856407166 16
1717442408914 0.6511296033859253 17
1717442409364 0.6400465369224548 18
1717442409814 0.6323871612548828 19
1717442410258 0.6343432664871216 20
1717442410712 0.6193329095840454 21
1717442411167 0.6112819910049438 22
1717442411613 0.6109586358070374 23
1717442412104 0.6030208468437195 24
1717442412570 0.6031131744384766 25
1717442413020 0.5873263478279114 26
1717442413463 0.5806399583816528 27
1717442413910 0.5804139375686646 28
1717442414386 0.5707507729530334 29
1717442414838 0.5690488815307617 30
1717442415313 0.5604271292686462 31
1717442415763 0.5537706613540649 32
1717442416219 0.5614408254623413 33
1717442416659 0.5421689748764038 34
1717442417121 0.5715300440788269 35
1717442417562 0.5437290072441101 36
1717442418028 0.5347205400466919 37
1717442418478 0.533194899559021 38
1717442418927 0.522794783115387 39
1717442419387 0.5192543268203735 40
1717442419856 0.5180140733718872 41
1717442420295 0.5112305283546448 42
1717442420734 0.5078648328781128 43
1717442421176 0.5034299492835999 44
1717442421657 0.5201883912086487 45
1717442422101 0.5017622709274292 46
1717442422560 0.5055359601974487 47
1717442423004 0.4888940751552582 48
1717442423457 0.4854789078235626 49
1717442423906 0.47987642884254456 50
1717442424357 0.4770093858242035 51
1717442424800 0.4770798087120056 52
1717442425249 0.4752795994281769 53
1717442425703 0.47169968485832214 54
1717442426142 0.4947552978992462 55
1717442426579 0.46920308470726013 56
1717442427027 0.46858111023902893 57
1717442427473 0.462690144777298 58
1717442427928 0.4586273729801178 59
1717442428388 0.4580294191837311 60
1717442428851 0.4567892253398895 61
1717442429299 0.4570316970348358 62
1717442429747 0.45528489351272583 63
1717442430207 0.45401355624198914 64
1717442430676 0.45002540946006775 65
1717442431158 0.46685391664505005 66
1717442431617 0.45607516169548035 67
1717442432079 0.4586971402168274 68
1717442432534 0.4420416057109833 69
1717442432995 0.4448607265949249 70
1717442433453 0.4425622820854187 71
1717442433894 0.44086912274360657 72
1717442434353 0.43907609581947327 73
1717442434810 0.44371721148490906 74
1717442435255 0.4376419186592102 75
1717442435820 0.43720927834510803 76
1717442436278 0.43198373913764954 77
1717442436707 0.46427956223487854 78
1717442437157 0.4371644854545593 79
1717442437603 0.43171289563179016 80
1717442438065 0.4357324242591858 81
1717442438512 0.42513084411621094 82
1717442438968 0.42486923933029175 83
1717442439416 0.4282095730304718 84
1717442439867 0.4223848283290863 85
1717442440324 0.429447203874588 86
1717442440771 0.4253310263156891 87
1717442441235 0.43578147888183594 88
1717442441703 0.43353134393692017 89
1717442442150 0.4137885868549347 90
1717442442630 0.4157828986644745 91
1717442443088 0.4067661464214325 92
1717442443535 0.4123536944389343 93
1717442443988 0.40570756793022156 94
1717442444436 0.40223556756973267 95
1717442444889 0.4071870744228363 96
1717442445333 0.4071955680847168 97
1717442445779 0.40586620569229126 98
1717442446234 0.40265506505966187 99
