1717442401115 15074.0 1
1717442401659 15074.0 2
1717442402125 15074.0 3
1717442402735 15074.0 4
1717442403295 15074.0 5
1717442403741 15074.0 6
1717442404226 15074.0 7
1717442404698 15074.0 8
1717442405150 15074.0 9
1717442405616 15074.0 10
1717442406086 15074.0 11
1717442406552 15074.0 12
1717442407029 15074.0 13
1717442407501 15074.0 14
1717442407964 15074.0 15
1717442408438 15074.0 16
1717442408914 15074.0 17
1717442409364 15074.0 18
1717442409814 15074.0 19
1717442410258 15074.0 20
1717442410712 15074.0 21
1717442411167 15074.0 22
1717442411613 15074.0 23
1717442412104 15074.0 24
1717442412570 15074.0 25
1717442413020 15074.0 26
1717442413463 15074.0 27
1717442413910 15074.0 28
1717442414386 15074.0 29
1717442414838 15074.0 30
1717442415313 15074.0 31
1717442415763 15074.0 32
1717442416219 15074.0 33
1717442416659 15074.0 34
1717442417121 15074.0 35
1717442417562 15074.0 36
1717442418028 15074.0 37
1717442418478 15074.0 38
1717442418927 15074.0 39
1717442419387 15074.0 40
1717442419856 15074.0 41
1717442420295 15074.0 42
1717442420734 15074.0 43
1717442421176 15074.0 44
1717442421657 15074.0 45
1717442422101 15074.0 46
1717442422560 15074.0 47
1717442423004 15074.0 48
1717442423457 15074.0 49
1717442423906 15074.0 50
1717442424357 15074.0 51
1717442424800 15074.0 52
1717442425249 15074.0 53
1717442425703 15074.0 54
1717442426142 15074.0 55
1717442426579 15074.0 56
1717442427027 15074.0 57
1717442427473 15074.0 58
1717442427928 15074.0 59
1717442428388 15074.0 60
1717442428851 15074.0 61
1717442429299 15074.0 62
1717442429747 15074.0 63
1717442430207 15074.0 64
1717442430676 15074.0 65
1717442431158 15074.0 66
1717442431617 15074.0 67
1717442432079 15074.0 68
1717442432534 15074.0 69
1717442432995 15074.0 70
1717442433453 15074.0 71
1717442433894 15074.0 72
1717442434353 15074.0 73
1717442434810 15074.0 74
1717442435255 15074.0 75
1717442435820 15074.0 76
1717442436278 15074.0 77
1717442436707 15074.0 78
1717442437157 15074.0 79
1717442437603 15074.0 80
1717442438065 15074.0 81
1717442438512 15074.0 82
1717442438968 15074.0 83
1717442439416 15074.0 84
1717442439867 15074.0 85
1717442440324 15074.0 86
1717442440771 15074.0 87
1717442441235 15074.0 88
1717442441703 15074.0 89
1717442442150 15074.0 90
1717442442630 15074.0 91
1717442443088 15074.0 92
1717442443535 15074.0 93
1717442443988 15074.0 94
1717442444436 15074.0 95
1717442444889 15074.0 96
1717442445333 15074.0 97
1717442445779 15074.0 98
1717442446234 15074.0 99
