1717085025805 1.1949795484542847 1
1717085026430 1.039995551109314 2
1717085027038 0.9814044237136841 3
1717085027649 0.9272719025611877 4
1717085028259 0.8834909796714783 5
1717085028856 0.8517919778823853 6
1717085029470 0.8310409188270569 7
1717085030078 0.810661256313324 8
1717085030689 0.7968786954879761 9
1717085031469 0.7784546613693237 10
1717085032227 0.7668415307998657 11
1717085032901 0.7576368451118469 12
1717085033563 0.7468676567077637 13
1717085034290 0.7356967329978943 14
1717085035094 0.7292386293411255 15
1717085035859 0.716947615146637 16
1717085036502 0.7132639288902283 17
1717085037160 0.698142945766449 18
1717085037774 0.6958112120628357 19
1717085038379 0.6886023879051208 20
1717085039016 0.6789644360542297 21
1717085039662 0.6722341179847717 22
1717085040344 0.6660460829734802 23
1717085041045 0.6543831825256348 24
1717085041672 0.6517263054847717 25
1717085042303 0.6508451700210571 26
1717085042912 0.6407142877578735 27
1717085043524 0.632061779499054 28
1717085044182 0.6255741715431213 29
1717085044812 0.621950626373291 30
1717085045482 0.6149846315383911 31
1717085046117 0.6163306832313538 32
1717085046765 0.6077014803886414 33
1717085047358 0.6124040484428406 34
1717085047988 0.6086240410804749 35
1717085048611 0.6076481938362122 36
1717085049259 0.5994202494621277 37
1717085049890 0.5871880650520325 38
1717085050523 0.58445805311203 39
1717085051158 0.587417483329773 40
1717085051823 0.5777458548545837 41
1717085052500 0.5754857659339905 42
1717085053147 0.5692747831344604 43
1717085053755 0.5745354890823364 44
1717085054376 0.5661970973014832 45
1717085055004 0.5597275495529175 46
1717085055629 0.5561864972114563 47
1717085056270 0.5551283955574036 48
1717085056917 0.5528849959373474 49
1717085057545 0.5495138764381409 50
1717085058167 0.5484101176261902 51
1717085058794 0.5400973558425903 52
1717085059420 0.539714515209198 53
1717085060046 0.5524164438247681 54
1717085060669 0.5318196415901184 55
1717085061334 0.5307945013046265 56
1717085061977 0.5268332958221436 57
1717085062632 0.523762583732605 58
1717085063291 0.5250501036643982 59
1717085063917 0.5164366364479065 60
1717085064545 0.5141710638999939 61
1717085065213 0.5117072463035583 62
1717085065864 0.5139182209968567 63
1717085066495 0.5381380319595337 64
1717085067126 0.5073325037956238 65
1717085067741 0.5037816166877747 66
1717085068380 0.5013613104820251 67
1717085068998 0.4981725811958313 68
1717085069622 0.49242711067199707 69
1717085070251 0.4898712933063507 70
1717085070908 0.4885018467903137 71
1717085071561 0.4873755872249603 72
1717085072187 0.48383694887161255 73
1717085072806 0.47957828640937805 74
1717085073443 0.4777657091617584 75
1717085074085 0.4773359000682831 76
1717085074724 0.475846529006958 77
1717085075359 0.4754844009876251 78
1717085075963 0.47178664803504944 79
1717085076593 0.47191086411476135 80
1717085077212 0.46890348196029663 81
1717085077844 0.46928802132606506 82
1717085078490 0.47278091311454773 83
1717085079110 0.4660964608192444 84
1717085079728 0.46545663475990295 85
1717085080350 0.46563392877578735 86
1717085080991 0.462589830160141 87
1717085081605 0.46477746963500977 88
1717085082227 0.457537978887558 89
1717085082853 0.45983758568763733 90
1717085083478 0.45385774970054626 91
1717085084124 0.452831894159317 92
1717085084766 0.4551672041416168 93
1717085085387 0.45280662178993225 94
1717085086025 0.4556925594806671 95
1717085086633 0.4507378935813904 96
1717085087262 0.45566800236701965 97
1717085087908 0.46134573221206665 98
1717085088532 0.4519248604774475 99
