1717085025805 86032.0 1
1717085026430 86032.0 2
1717085027038 86032.0 3
1717085027649 86032.0 4
1717085028259 86032.0 5
1717085028856 86032.0 6
1717085029470 86032.0 7
1717085030078 86032.0 8
1717085030689 86032.0 9
1717085031469 86032.0 10
1717085032227 86032.0 11
1717085032901 86032.0 12
1717085033563 86032.0 13
1717085034290 86032.0 14
1717085035094 86032.0 15
1717085035859 86032.0 16
1717085036502 86032.0 17
1717085037160 86032.0 18
1717085037774 86032.0 19
1717085038379 86032.0 20
1717085039016 86032.0 21
1717085039662 86032.0 22
1717085040344 86032.0 23
1717085041045 86032.0 24
1717085041672 86032.0 25
1717085042303 86032.0 26
1717085042912 86032.0 27
1717085043524 86032.0 28
1717085044182 86032.0 29
1717085044812 86032.0 30
1717085045482 86032.0 31
1717085046117 86032.0 32
1717085046765 86032.0 33
1717085047358 86032.0 34
1717085047988 86032.0 35
1717085048611 86032.0 36
1717085049259 86032.0 37
1717085049890 86032.0 38
1717085050523 86032.0 39
1717085051158 86032.0 40
1717085051823 86032.0 41
1717085052500 86032.0 42
1717085053147 86032.0 43
1717085053755 86032.0 44
1717085054376 86032.0 45
1717085055004 86032.0 46
1717085055629 86032.0 47
1717085056270 86032.0 48
1717085056917 86032.0 49
1717085057545 86032.0 50
1717085058167 86032.0 51
1717085058794 86032.0 52
1717085059420 86032.0 53
1717085060046 86032.0 54
1717085060669 86032.0 55
1717085061334 86032.0 56
1717085061977 86032.0 57
1717085062632 86032.0 58
1717085063291 86032.0 59
1717085063917 86032.0 60
1717085064545 86032.0 61
1717085065213 86032.0 62
1717085065864 86032.0 63
1717085066495 86032.0 64
1717085067126 86032.0 65
1717085067741 86032.0 66
1717085068380 86032.0 67
1717085068998 86032.0 68
1717085069622 86032.0 69
1717085070251 86032.0 70
1717085070908 86032.0 71
1717085071561 86032.0 72
1717085072187 86032.0 73
1717085072806 86032.0 74
1717085073443 86032.0 75
1717085074085 86032.0 76
1717085074724 86032.0 77
1717085075359 86032.0 78
1717085075963 86032.0 79
1717085076593 86032.0 80
1717085077212 86032.0 81
1717085077844 86032.0 82
1717085078490 86032.0 83
1717085079110 86032.0 84
1717085079728 86032.0 85
1717085080350 86032.0 86
1717085080991 86032.0 87
1717085081605 86032.0 88
1717085082227 86032.0 89
1717085082853 86032.0 90
1717085083478 86032.0 91
1717085084124 86032.0 92
1717085084766 86032.0 93
1717085085387 86032.0 94
1717085086025 86032.0 95
1717085086633 86032.0 96
1717085087262 86032.0 97
1717085087908 86032.0 98
1717085088532 86032.0 99
