1717084226109 82808.0 1
1717084226715 79140.0 2
1717084227325 67344.0 3
1717084227933 64554.0 4
1717084228560 63564.0 5
1717084229184 62460.0 6
1717084229817 59060.0 7
1717084230423 59104.0 8
1717084231038 58428.0 9
1717084231708 57014.0 10
1717084232381 56838.0 11
1717084233016 56744.0 12
1717084233650 55996.0 13
1717084234273 56254.0 14
1717084234916 56114.0 15
1717084235559 56512.0 16
1717084236187 57056.0 17
1717084236797 57130.0 18
1717084237418 57224.0 19
1717084238048 57900.0 20
1717084238763 57826.0 21
1717084239381 57846.0 22
1717084240004 58444.0 23
1717084240621 57788.0 24
1717084241221 58566.0 25
1717084241837 59646.0 26
1717084242455 58854.0 27
1717084243081 59178.0 28
1717084243710 59044.0 29
1717084244349 59356.0 30
1717084244970 59904.0 31
1717084245613 60342.0 32
1717084246252 60698.0 33
1717084246864 61392.0 34
1717084247496 61896.0 35
1717084248137 61818.0 36
1717084248776 62154.0 37
1717084249443 62416.0 38
1717084250096 62762.0 39
1717084250741 62536.0 40
1717084251384 63534.0 41
1717084252039 62782.0 42
1717084252685 62512.0 43
1717084253322 63322.0 44
1717084253964 64168.0 45
1717084254618 64714.0 46
1717084255244 64656.0 47
1717084255898 65074.0 48
1717084256546 65356.0 49
1717084257247 65934.0 50
1717084257907 65514.0 51
1717084258546 65858.0 52
1717084259172 66196.0 53
1717084259801 66092.0 54
1717084260528 66106.0 55
1717084261163 66690.0 56
1717084261766 66328.0 57
1717084262379 66684.0 58
1717084263003 66736.0 59
1717084263635 66778.0 60
1717084264269 66952.0 61
1717084264918 67280.0 62
1717084265537 67528.0 63
1717084266213 67564.0 64
1717084266830 67834.0 65
1717084267464 68032.0 66
1717084268089 67766.0 67
1717084268727 68610.0 68
1717084269357 68572.0 69
1717084269973 68860.0 70
1717084270608 69096.0 71
1717084271242 68928.0 72
1717084271867 69022.0 73
1717084272492 69288.0 74
1717084273111 68950.0 75
1717084273727 69238.0 76
1717084274348 69372.0 77
1717084274992 69284.0 78
1717084275622 69320.0 79
1717084276253 69348.0 80
1717084276893 69270.0 81
1717084277542 69862.0 82
1717084278151 69418.0 83
1717084278773 69804.0 84
1717084279400 69840.0 85
1717084280038 70226.0 86
1717084280684 70060.0 87
1717084281329 69906.0 88
1717084281950 70776.0 89
1717084282585 70628.0 90
1717084283221 70616.0 91
1717084283855 70642.0 92
1717084284491 70784.0 93
1717084285115 70764.0 94
1717084285769 70824.0 95
1717084286399 70968.0 96
1717084287027 70792.0 97
1717084287638 71100.0 98
1717084288263 71102.0 99
