1717084226109 0.21993394413961614 1
1717084226715 0.2967948282953655 2
1717084227325 0.46888126435645716 3
1717084227933 0.5014276494790799 4
1717084228560 0.5202027922623681 5
1717084229184 0.5679727162771349 6
1717084229817 0.6246150383458217 7
1717084230423 0.6367311230577465 8
1717084231038 0.672846229187724 9
1717084231708 0.6968030652469706 10
1717084232381 0.7250895487312236 11
1717084233016 0.7285745677551396 12
1717084233650 0.7495065789537709 13
1717084234273 0.7603428231796536 14
1717084234916 0.7679053389069821 15
1717084235559 0.772388899747284 16
1717084236187 0.7727718747698086 17
1717084236797 0.78271416235006 18
1717084237418 0.7965436958149462 19
1717084238048 0.7986826314653368 20
1717084238763 0.807071627044804 21
1717084239381 0.8108611775260213 22
1717084240004 0.8130027517598337 23
1717084240621 0.8253400997420061 24
1717084241221 0.8144917674334291 25
1717084241837 0.8173714315010447 26
1717084242455 0.8250699513820282 27
1717084243081 0.8320544501037862 28
1717084243710 0.8445194717792253 29
1717084244349 0.8452157351673151 30
1717084244970 0.845117971712733 31
1717084245613 0.8369837243501866 32
1717084246252 0.8350862212397865 33
1717084246864 0.8499554730725865 34
1717084247496 0.842354418423832 35
1717084248137 0.8563453040168845 36
1717084248776 0.8535135287400749 37
1717084249443 0.8548238355165423 38
1717084250096 0.8551105234317061 39
1717084250741 0.8625539082702586 40
1717084251384 0.8557774366606288 41
1717084252039 0.81787061473954 42
1717084252685 0.8380096207924596 43
1717084253322 0.8619130226575915 44
1717084253964 0.8667620136256554 45
1717084254618 0.8618253464972466 46
1717084255244 0.8633851643076238 47
1717084255898 0.8668467165395652 48
1717084256546 0.8639759356196526 49
1717084257247 0.8286729691834341 50
1717084257907 0.8655120408800835 51
1717084258546 0.8643546998988936 52
1717084259172 0.8639329059370311 53
1717084259801 0.8738230830756226 54
1717084260528 0.8748314534790097 55
1717084261163 0.8760844740047582 56
1717084261766 0.8858345246231547 57
1717084262379 0.8885414396488823 58
1717084263003 0.8803404210490051 59
1717084263635 0.8820036197326602 60
1717084264269 0.8929720545856135 61
1717084264918 0.8959004462266775 62
1717084265537 0.9017428546058818 63
1717084266213 0.8968543778550576 64
1717084266830 0.8995288178337362 65
1717084267464 0.9041272374018846 66
1717084268089 0.9089329036903735 67
1717084268727 0.9071248677904138 68
1717084269357 0.9079334857132538 69
1717084269973 0.9081585298707896 70
1717084270608 0.9050918796687232 71
1717084271242 0.9094437788832379 72
1717084271867 0.9128382614727752 73
1717084272492 0.9107043231222589 74
1717084273111 0.9150064303258482 75
1717084273727 0.9151824849018286 76
1717084274348 0.9201619842405492 77
1717084274992 0.9237701145426165 78
1717084275622 0.9259593723412554 79
1717084276253 0.9226059637498385 80
1717084276893 0.9347465927795051 81
1717084277542 0.9327226019616248 82
1717084278151 0.9350320052278764 83
1717084278773 0.9372721482850447 84
1717084279400 0.9321020494388116 85
1717084280038 0.9399107271230629 86
1717084280684 0.9247334005090644 87
1717084281329 0.9336555269159614 88
1717084281950 0.9364878340262093 89
1717084282585 0.9413234824059116 90
1717084283221 0.9472287641786737 91
1717084283855 0.9459163278122625 92
1717084284491 0.947193445064032 93
1717084285115 0.9467271109633286 94
1717084285769 0.9503754947488702 95
1717084286399 0.9483213465559914 96
1717084287027 0.9512279477231054 97
1717084287638 0.9493873312395917 98
1717084288263 0.9469159883656482 99
