1717084226109 18420.0 1
1717084226715 22088.0 2
1717084227325 33884.0 3
1717084227933 36674.0 4
1717084228560 37664.0 5
1717084229184 38768.0 6
1717084229817 42168.0 7
1717084230423 42124.0 8
1717084231038 42800.0 9
1717084231708 44214.0 10
1717084232381 44390.0 11
1717084233016 44484.0 12
1717084233650 45232.0 13
1717084234273 44974.0 14
1717084234916 45114.0 15
1717084235559 44716.0 16
1717084236187 44172.0 17
1717084236797 44098.0 18
1717084237418 44004.0 19
1717084238048 43328.0 20
1717084238763 43402.0 21
1717084239381 43382.0 22
1717084240004 42784.0 23
1717084240621 43440.0 24
1717084241221 42662.0 25
1717084241837 41582.0 26
1717084242455 42374.0 27
1717084243081 42050.0 28
1717084243710 42184.0 29
1717084244349 41872.0 30
1717084244970 41324.0 31
1717084245613 40886.0 32
1717084246252 40530.0 33
1717084246864 39836.0 34
1717084247496 39332.0 35
1717084248137 39410.0 36
1717084248776 39074.0 37
1717084249443 38812.0 38
1717084250096 38466.0 39
1717084250741 38692.0 40
1717084251384 37694.0 41
1717084252039 38446.0 42
1717084252685 38716.0 43
1717084253322 37906.0 44
1717084253964 37060.0 45
1717084254618 36514.0 46
1717084255244 36572.0 47
1717084255898 36154.0 48
1717084256546 35872.0 49
1717084257247 35294.0 50
1717084257907 35714.0 51
1717084258546 35370.0 52
1717084259172 35032.0 53
1717084259801 35136.0 54
1717084260528 35122.0 55
1717084261163 34538.0 56
1717084261766 34900.0 57
1717084262379 34544.0 58
1717084263003 34492.0 59
1717084263635 34450.0 60
1717084264269 34276.0 61
1717084264918 33948.0 62
1717084265537 33700.0 63
1717084266213 33664.0 64
1717084266830 33394.0 65
1717084267464 33196.0 66
1717084268089 33462.0 67
1717084268727 32618.0 68
1717084269357 32656.0 69
1717084269973 32368.0 70
1717084270608 32132.0 71
1717084271242 32300.0 72
1717084271867 32206.0 73
1717084272492 31940.0 74
1717084273111 32278.0 75
1717084273727 31990.0 76
1717084274348 31856.0 77
1717084274992 31944.0 78
1717084275622 31908.0 79
1717084276253 31880.0 80
1717084276893 31958.0 81
1717084277542 31366.0 82
1717084278151 31810.0 83
1717084278773 31424.0 84
1717084279400 31388.0 85
1717084280038 31002.0 86
1717084280684 31168.0 87
1717084281329 31322.0 88
1717084281950 30452.0 89
1717084282585 30600.0 90
1717084283221 30612.0 91
1717084283855 30586.0 92
1717084284491 30444.0 93
1717084285115 30464.0 94
1717084285769 30404.0 95
1717084286399 30260.0 96
1717084287027 30436.0 97
1717084287638 30128.0 98
1717084288263 30126.0 99
