1717084226109 0.17706640911218113 1
1717084226715 0.19997632699043486 2
1717084227325 0.21499855413721705 3
1717084227933 0.206354388534494 4
1717084228560 0.21033288821018187 5
1717084229184 0.2230613129317081 6
1717084229817 0.22241591073196032 7
1717084230423 0.22712795934585697 8
1717084231038 0.23598660184706155 9
1717084231708 0.23687019668875714 10
1717084232381 0.24225107135903667 11
1717084233016 0.24289196286664602 12
1717084233650 0.2471405126561264 13
1717084234273 0.25278088639689783 14
1717084234916 0.25505264049854787 15
1717084235559 0.2584537308794675 16
1717084236187 0.26157494182502816 17
1717084236797 0.2673365963792546 18
1717084237418 0.27257811984822256 19
1717084238048 0.2767378040666105 20
1717084238763 0.2808322972771791 21
1717084239381 0.2821550984503078 22
1717084240004 0.2854288302105126 23
1717084240621 0.2870757457975649 24
1717084241221 0.2884534224567231 25
1717084241837 0.2944701785120731 26
1717084242455 0.2936417210989697 27
1717084243081 0.29800141637047356 28
1717084243710 0.301784240924332 29
1717084244349 0.3043245079769411 30
1717084244970 0.30776597803954353 31
1717084245613 0.30910271155120433 32
1717084246252 0.3089013031570139 33
1717084246864 0.3205335655066438 34
1717084247496 0.32193397421857467 35
1717084248137 0.325864976286533 36
1717084248776 0.3278363947936218 37
1717084249443 0.33001770223046745 38
1717084250096 0.33324457428241705 39
1717084250741 0.33376556437851396 40
1717084251384 0.3384162854056647 41
1717084252039 0.3177971023235582 42
1717084252685 0.32579058863693267 43
1717084253322 0.3401071532117023 44
1717084253964 0.3491008738091027 45
1717084254618 0.3522838667884468 46
1717084255244 0.35197387722782153 47
1717084255898 0.3584862853942191 48
1717084256546 0.36006767121332794 49
1717084257247 0.3495657871367189 50
1717084257907 0.36186344388809116 51
1717084258546 0.3653269471890864 52
1717084259172 0.36925503266757215 53
1717084259801 0.37151390381441585 54
1717084260528 0.3713465057281815 55
1717084261163 0.378921081922837 56
1717084261766 0.3794374021806757 57
1717084262379 0.38484427311037156 58
1717084263003 0.3805362513520866 59
1717084263635 0.3841593319122213 60
1717084264269 0.3909941137664721 61
1717084264918 0.3963311489596154 62
1717084265537 0.4013181692369876 63
1717084266213 0.39979926136735827 64
1717084266830 0.40402244066217163 65
1717084267464 0.4068124906714887 66
1717084268089 0.40689361306661886 67
1717084268727 0.41627183999421336 68
1717084269357 0.41555380482139315 69
1717084269973 0.4201218798513333 70
1717084270608 0.42167753191821233 71
1717084271242 0.42193794046867467 72
1717084271867 0.4240023608219013 73
1717084272492 0.42572749093322165 74
1717084273111 0.42559281032163293 75
1717084273727 0.4284876750840948 76
1717084274348 0.43118054880500767 77
1717084274992 0.43356354034927747 78
1717084275622 0.4334020399592083 79
1717084276253 0.43228684469977136 80
1717084276893 0.43784333687904364 81
1717084277542 0.4443223290279516 82
1717084278151 0.44037078312555045 83
1717084278773 0.4470176588664309 84
1717084279400 0.4427777515398618 85
1717084280038 0.4548825783928936 86
1717084280684 0.44419454592692437 87
1717084281329 0.44435208715666086 88
1717084281950 0.4576967445007846 89
1717084282585 0.45818241888722344 90
1717084283221 0.46148139581247627 91
1717084283855 0.4611519176401855 92
1717084284491 0.4641836178829322 93
1717084285115 0.46309237615296206 94
1717084285769 0.46650745288833934 95
1717084286399 0.46862047188627326 96
1717084287027 0.4675695958704636 97
1717084287638 0.46957384058986223 98
1717084288263 0.4688295283804505 99
