1717446079608 0.23427411913871765 1
1717446081296 0.23263610899448395 2
1717446082981 0.23083946108818054 3
1717446084668 0.20760273933410645 4
1717446086374 0.20633618533611298 5
1717446088052 0.20630896091461182 6
1717446089804 0.2156994640827179 7
1717446091529 0.19653567671775818 8
1717446093244 0.1905544549226761 9
1717446095063 0.19377756118774414 10
1717446096886 0.17497321963310242 11
1717446098635 0.16756431758403778 12
1717446100646 0.18855814635753632 13
1717446102424 0.1625806987285614 14
1717446104236 0.15472638607025146 15
1717446105930 0.1456388235092163 16
1717446107617 0.15368999540805817 17
1717446109382 0.15045079588890076 18
1717446111117 0.11643516272306442 19
1717446112796 0.11008762568235397 20
1717446114516 0.10426048189401627 21
1717446116203 0.08437394350767136 22
1717446118017 0.09036663919687271 23
1717446119734 0.1055235043168068 24
1717446121514 0.1289391815662384 25
1717446123256 0.11702151596546173 26
1717446125005 0.11249798536300659 27
1717446126668 0.10776655375957489 28
1717446128412 0.10282732546329498 29
1717446130106 0.10444652289152145 30
1717446131833 0.10222088545560837 31
1717446133581 0.09525211900472641 32
1717446135255 0.09236527234315872 33
1717446137014 0.08808715641498566 34
1717446138836 0.09287074953317642 35
1717446140553 0.09020958840847015 36
1717446142315 0.08645149320363998 37
1717446144028 0.08568016439676285 38
1717446145848 0.08327311277389526 39
1717446147553 0.09564251452684402 40
1717446149344 0.07983599603176117 41
1717446151100 0.08830298483371735 42
1717446152951 0.05775311216711998 43
1717446154676 0.06312506645917892 44
1717446156469 0.057646896690130234 45
1717446158300 0.0761975646018982 46
1717446159970 0.06258076429367065 47
1717446161782 0.04529917985200882 48
1717446163557 0.06262202560901642 49
1717446165342 0.04938507825136185 50
1717446167071 0.061504513025283813 51
1717446168827 0.04850364476442337 52
1717446170552 0.04826870188117027 53
1717446172256 0.0451430007815361 54
1717446173956 0.03633985295891762 55
1717446175651 0.029398048296570778 56
1717446177361 0.02347254939377308 57
1717446179103 0.03517751023173332 58
1717446180845 0.039256758987903595 59
1717446182588 0.03396822139620781 60
1717446184359 0.031347520649433136 61
1717446186331 0.029081666842103004 62
1717446188097 0.021941354498267174 63
1717446189882 0.03031011112034321 64
1717446191631 0.03210129216313362 65
1717446193295 0.039987605065107346 66
1717446194954 0.03868520259857178 67
1717446196619 0.02221839502453804 68
1717446198341 0.026279767975211143 69
1717446200116 0.04309079051017761 70
1717446201843 0.027971455827355385 71
1717446203523 0.032995596528053284 72
1717446205293 0.030245421454310417 73
1717446207167 0.031351011246442795 74
1717446208939 0.03224044293165207 75
1717446210667 0.02920817956328392 76
1717446212412 0.03675827011466026 77
1717446214165 0.02592604048550129 78
1717446215874 0.02845328114926815 79
1717446217671 0.01817522943019867 80
1717446219407 0.027989814057946205 81
1717446221102 0.02177336998283863 82
1717446222799 0.02685924805700779 83
1717446224784 0.03155464679002762 84
1717446226582 0.02528296783566475 85
1717446228430 0.023732082918286324 86
1717446230202 0.024316247552633286 87
1717446231952 0.020430011674761772 88
1717446233624 0.018676547333598137 89
1717446235355 0.013927735388278961 90
1717446237076 0.017838450148701668 91
1717446238777 0.020880622789263725 92
1717446240543 0.023981232196092606 93
1717446242448 0.02888888120651245 94
1717446244194 0.03454526886343956 95
1717446245897 0.04541603848338127 96
1717446247628 0.05302424356341362 97
1717446249341 0.04832323640584946 98
1717446251037 0.05003147944808006 99
