1717446079608 0.5231452809939915 1
1717446081296 0.45706265114679623 2
1717446082981 0.40605171628562353 3
1717446084668 0.33528969602955544 4
1717446086374 0.3310041104274349 5
1717446088052 0.29325764007968563 6
1717446089804 0.2626893026542815 7
1717446091529 0.22553682347562728 8
1717446093244 0.19924846055107628 9
1717446095063 0.196520012589825 10
1717446096886 0.16899774140621027 11
1717446098635 0.15449212831217826 12
1717446100646 0.16597579283256797 13
1717446102424 0.13696587363777168 14
1717446104236 0.12505287715187224 15
1717446105930 0.10825361664881868 16
1717446107617 0.11305811533878049 17
1717446109382 0.10680910274196302 18
1717446111117 0.08057390382999186 19
1717446112796 0.07539776289044112 20
1717446114516 0.07066038213072255 21
1717446116203 0.05729386670502355 22
1717446118017 0.057058762977476196 23
1717446119734 0.0686687005497993 24
1717446121514 0.08488726114870397 25
1717446123256 0.0759792263237753 26
1717446125005 0.07125424377312321 27
1717446126668 0.0683849803692843 28
1717446128412 0.06303976812863867 29
1717446130106 0.0638576733480875 30
1717446131833 0.06040035692891683 31
1717446133581 0.05747776856356875 32
1717446135255 0.05396759718673868 33
1717446137014 0.054169919070364336 34
1717446138836 0.05741487594420279 35
1717446140553 0.054788130141565694 36
1717446142315 0.0533368957413269 37
1717446144028 0.051026952868405515 38
1717446145848 0.04929149843437181 39
1717446147553 0.05972247615555544 40
1717446149344 0.047246821017546625 41
1717446151100 0.052409016652888676 42
1717446152951 0.033138381800908945 43
1717446154676 0.03473650260390989 44
1717446156469 0.03254804414311419 45
1717446158300 0.044647561337835706 46
1717446159970 0.03509322239118637 47
1717446161782 0.025267395293728425 48
1717446163557 0.03519010269764695 49
1717446165342 0.027368403098962733 50
1717446167071 0.03390142731804511 51
1717446168827 0.02649550801479355 52
1717446170552 0.026498293564555943 53
1717446172256 0.025797352448343507 54
1717446173956 0.019589392702859386 55
1717446175651 0.015734749166086085 56
1717446177361 0.012325671603850072 57
1717446179103 0.018803014936226273 58
1717446180845 0.02221453709238842 59
1717446182588 0.01800791167484043 60
1717446184359 0.01693939281197624 61
1717446186331 0.015411133306242315 62
1717446188097 0.011572519857761143 63
1717446189882 0.016454366503037325 64
1717446191631 0.017566867531089683 65
1717446193295 0.021670837016102635 66
1717446194954 0.02162161322875798 67
1717446196619 0.011552697979260241 68
1717446198341 0.014219421672081817 69
1717446200116 0.023382207113506727 70
1717446201843 0.014834084605826007 71
1717446203523 0.01755710315621968 72
1717446205293 0.016250786058943405 73
1717446207167 0.016707351866167054 74
1717446208939 0.017681397004791457 75
1717446210667 0.015502268716548773 76
1717446212412 0.020428178579742735 77
1717446214165 0.013705137368795974 78
1717446215874 0.01504417722419909 79
1717446217671 0.009456237696664743 80
1717446219407 0.015121877956528761 81
1717446221102 0.011326406829967883 82
1717446222799 0.014270417896768474 83
1717446224784 0.016609319847608755 84
1717446226582 0.013187631586734767 85
1717446228430 0.012409536728888285 86
1717446230202 0.012887862410604837 87
1717446231952 0.010769825642288042 88
1717446233624 0.009718073908469396 89
1717446235355 0.007146132942892972 90
1717446237076 0.009160186844618562 91
1717446238777 0.010889954304426045 92
1717446240543 0.012608029763749902 93
1717446242448 0.01525759734299804 94
1717446244194 0.018147750645514632 95
1717446245897 0.02388855572583622 96
1717446247628 0.028119643603451115 97
1717446249341 0.025636766495402637 98
1717446251037 0.026440488876607653 99
