1717446079608 1.2562605142593384 1
1717446081296 0.9899924993515015 2
1717446082981 0.8823450803756714 3
1717446084668 0.7786980867385864 4
1717446086374 0.7724642157554626 5
1717446088052 0.715286910533905 6
1717446089804 0.6228901147842407 7
1717446091529 0.6168376207351685 8
1717446093244 0.5879632234573364 9
1717446095063 0.5769055485725403 10
1717446096886 0.5619814991950989 11
1717446098635 0.5497002005577087 12
1717446100646 0.526312530040741 13
1717446102424 0.5191036462783813 14
1717446104236 0.5221943259239197 15
1717446105930 0.49566301703453064 16
1717446107617 0.4842875897884369 17
1717446109382 0.4922287166118622 18
1717446111117 0.4953311085700989 19
1717446112796 0.49583908915519714 20
1717446114516 0.4900553822517395 21
1717446116203 0.49656209349632263 22
1717446118017 0.48191121220588684 23
1717446119734 0.4719410836696625 24
1717446121514 0.46892449259757996 25
1717446123256 0.4714859127998352 26
1717446125005 0.46427351236343384 27
1717446126668 0.4635641574859619 28
1717446128412 0.4555978775024414 29
1717446130106 0.45638126134872437 30
1717446131833 0.4568027853965759 31
1717446133581 0.4557860195636749 32
1717446135255 0.4486978352069855 33
1717446137014 0.44984158873558044 34
1717446138836 0.45863136649131775 35
1717446140553 0.4585088789463043 36
1717446142315 0.4519365429878235 37
1717446144028 0.44832101464271545 38
1717446145848 0.4536076486110687 39
1717446147553 0.459698349237442 40
1717446149344 0.45530030131340027 41
1717446151100 0.4588158130645752 42
1717446152951 0.45452672243118286 43
1717446154676 0.450852632522583 44
1717446156469 0.44881725311279297 45
1717446158300 0.44886714220046997 46
1717446159970 0.4519381523132324 47
1717446161782 0.4514642059803009 48
1717446163557 0.44317811727523804 49
1717446165342 0.4450656473636627 50
1717446167071 0.44187071919441223 51
1717446168827 0.44369015097618103 52
1717446170552 0.4437618851661682 53
1717446172256 0.448049932718277 54
1717446173956 0.45428916811943054 55
1717446175651 0.4449606239795685 56
1717446177361 0.44063693284988403 57
1717446179103 0.43453311920166016 58
1717446180845 0.4380585849285126 59
1717446182588 0.43875381350517273 60
1717446184359 0.4303579330444336 61
1717446186331 0.4400171637535095 62
1717446188097 0.44064947962760925 63
1717446189882 0.43395230174064636 64
1717446191631 0.435011625289917 65
1717446193295 0.4331388473510742 66
1717446194954 0.4376186728477478 67
1717446196619 0.4343717694282532 68
1717446198341 0.43580204248428345 69
1717446200116 0.4323647618293762 70
1717446201843 0.43335819244384766 71
1717446203523 0.4316151440143585 72
1717446205293 0.4319779872894287 73
1717446207167 0.4340100884437561 74
1717446208939 0.4384387135505676 75
1717446210667 0.4264683723449707 76
1717446212412 0.4262966513633728 77
1717446214165 0.42410486936569214 78
1717446215874 0.42791274189949036 79
1717446217671 0.42693185806274414 80
1717446219407 0.42565444111824036 81
1717446221102 0.43197792768478394 82
1717446222799 0.4297390282154083 83
1717446224784 0.43156513571739197 84
1717446226582 0.430497944355011 85
1717446228430 0.4290487468242645 86
1717446230202 0.4352818429470062 87
1717446231952 0.42904987931251526 88
1717446233624 0.42550843954086304 89
1717446235355 0.42889609932899475 90
1717446237076 0.4219900071620941 91
1717446238777 0.42458364367485046 92
1717446240543 0.4289077818393707 93
1717446242448 0.4267711639404297 94
1717446244194 0.42625752091407776 95
1717446245897 0.4247647821903229 96
1717446247628 0.4231387972831726 97
1717446249341 0.4259292483329773 98
1717446251037 0.4176304340362549 99
