1717446079608 47298.0 1
1717446081296 55556.0 2
1717446082981 61372.0 3
1717446084668 66046.0 4
1717446086374 66068.0 5
1717446088052 71718.0 6
1717446089804 77748.0 7
1717446091529 80004.0 8
1717446093244 83180.0 9
1717446095063 84086.0 10
1717446096886 85632.0 11
1717446098635 86730.0 12
1717446100646 88064.0 13
1717446102424 89402.0 14
1717446104236 90356.0 15
1717446105930 92438.0 16
1717446107617 92512.0 17
1717446109382 93214.0 18
1717446111117 93858.0 19
1717446112796 93980.0 20
1717446114516 94394.0 21
1717446116203 94166.0 22
1717446118017 95516.0 23
1717446119734 94954.0 24
1717446121514 94988.0 25
1717446123256 95114.0 26
1717446125005 95514.0 27
1717446126668 95634.0 28
1717446128412 96224.0 29
1717446130106 96336.0 30
1717446131833 96816.0 31
1717446133581 96654.0 32
1717446135255 97108.0 33
1717446137014 96324.0 34
1717446138836 96202.0 35
1717446140553 96374.0 36
1717446142315 96082.0 37
1717446144028 96792.0 38
1717446145848 96684.0 39
1717446147553 96112.0 40
1717446149344 96892.0 41
1717446151100 96806.0 42
1717446152951 97428.0 43
1717446154676 98062.0 44
1717446156469 97792.0 45
1717446158300 97270.0 46
1717446159970 97676.0 47
1717446161782 97832.0 48
1717446163557 97782.0 49
1717446165342 97938.0 50
1717446167071 98176.0 51
1717446168827 98076.0 52
1717446170552 98190.0 53
1717446172256 97990.0 54
1717446173956 98396.0 55
1717446175651 98610.0 56
1717446177361 98822.0 57
1717446179103 98670.0 58
1717446180845 98200.0 59
1717446182588 98626.0 60
1717446184359 98628.0 61
1717446186331 98694.0 62
1717446188097 98910.0 63
1717446189882 98654.0 64
1717446191631 98604.0 65
1717446193295 98688.0 66
1717446194954 98154.0 67
1717446196619 98990.0 68
1717446198341 98712.0 69
1717446200116 98518.0 70
1717446201843 98634.0 71
1717446203523 98606.0 72
1717446205293 98472.0 73
1717446207167 98644.0 74
1717446208939 98380.0 75
1717446210667 98680.0 76
1717446212412 98264.0 77
1717446214165 98696.0 78
1717446215874 98710.0 79
1717446217671 98918.0 80
1717446219407 98548.0 81
1717446221102 98962.0 82
1717446222799 98614.0 83
1717446224784 98834.0 84
1717446226582 98816.0 85
1717446228430 98924.0 86
1717446230202 98766.0 87
1717446231952 98698.0 88
1717446233624 98970.0 89
1717446235355 99158.0 90
1717446237076 99126.0 91
1717446238777 98892.0 92
1717446240543 98840.0 93
1717446242448 98750.0 94
1717446244194 98788.0 95
1717446245897 98772.0 96
1717446247628 98656.0 97
1717446249341 98602.0 98
1717446251037 98866.0 99
