1717574585737 0.1595781147480011 1
1717574590906 0.1595781147480011 2
1717574596198 0.1595781147480011 3
1717574601332 0.1595781147480011 4
1717574606431 0.1595781147480011 5
1717574611905 0.1595781147480011 6
1717574617266 0.1595781147480011 7
1717574622610 0.1595781147480011 8
1717574627865 0.1595781147480011 9
1717574633767 0.1595781147480011 10
1717574639238 0.1595781147480011 11
1717574644251 0.1595781147480011 12
1717574649658 0.1595781147480011 13
1717574655041 0.1595781147480011 14
1717574660427 0.1595781147480011 15
1717574665975 0.1595781147480011 16
1717574671310 0.1595781147480011 17
1717574676532 0.1595781147480011 18
1717574681611 0.1595781147480011 19
1717574686877 0.1595781147480011 20
1717574692443 0.1595781147480011 21
1717574697624 0.1595781147480011 22
1717574702941 0.1595781147480011 23
1717574708554 0.1595781147480011 24
1717574713914 0.1595781147480011 25
1717574719432 0.1595781147480011 26
1717574725206 0.1595781147480011 27
1717574730490 0.1595781147480011 28
1717574735872 0.1595781147480011 29
1717574741466 0.1595781147480011 30
1717574746838 0.1595781147480011 31
1717574752177 0.1595781147480011 32
1717574757671 0.1595781147480011 33
1717574762888 0.1595781147480011 34
1717574768008 0.1595781147480011 35
1717574773232 0.1595781147480011 36
1717574778884 0.1595781147480011 37
1717574784526 0.1595781147480011 38
1717574790535 0.1595781147480011 39
1717574796169 0.1595781147480011 40
1717574802024 0.1595781147480011 41
1717574807787 0.1595781147480011 42
1717574813507 0.1595781147480011 43
1717574819484 0.1595781147480011 44
1717574824968 0.1595781147480011 45
1717574830831 0.1595781147480011 46
1717574836886 0.1595781147480011 47
1717574842575 0.1595781147480011 48
1717574848326 0.1595781147480011 49
1717574854345 0.1595781147480011 50
1717574860403 0.1595781147480011 51
1717574866009 0.1595781147480011 52
1717574871999 0.1595781147480011 53
1717574878098 0.1595781147480011 54
1717574884090 0.1595781147480011 55
1717574889867 0.1595781147480011 56
1717574895666 0.1595781147480011 57
1717574901853 0.1595781147480011 58
1717574907698 0.1595781147480011 59
1717574913574 0.1595781147480011 60
1717574919543 0.1595781147480011 61
1717574925499 0.1595781147480011 62
1717574931749 0.1595781147480011 63
1717574937541 0.1595781147480011 64
1717574943569 0.1595781147480011 65
1717574949656 0.1595781147480011 66
1717574955472 0.1595781147480011 67
1717574961419 0.1595781147480011 68
1717574967371 0.1595781147480011 69
1717574973224 0.1595781147480011 70
1717574979063 0.1595781147480011 71
1717574985087 0.1595781147480011 72
1717574990975 0.1595781147480011 73
1717574996999 0.1595781147480011 74
1717575002946 0.1595781147480011 75
1717575008869 0.1595781147480011 76
1717575014655 0.1595781147480011 77
1717575020620 0.1595781147480011 78
1717575026621 0.1595781147480011 79
1717575032621 0.1595781147480011 80
1717575038500 0.1595781147480011 81
1717575044999 0.1595781147480011 82
1717575050963 0.1595781147480011 83
1717575057397 0.1595781147480011 84
1717575063701 0.1595781147480011 85
1717575069800 0.1595781147480011 86
1717575075962 0.1595781147480011 87
1717575082582 0.1595781147480011 88
1717575089117 0.1595781147480011 89
1717575095209 0.1595781147480011 90
1717575101052 0.1595781147480011 91
1717575107024 0.1595781147480011 92
1717575112848 0.1595781147480011 93
1717575118658 0.1595781147480011 94
1717575124674 0.1595781147480011 95
1717575130867 0.1595781147480011 96
1717575136891 0.1595781147480011 97
1717575143127 0.1595781147480011 98
1717575149516 0.1595781147480011 99
