1717574585737 285626.0 1
1717574590906 285626.0 2
1717574596198 285626.0 3
1717574601332 285626.0 4
1717574606431 285626.0 5
1717574611905 285626.0 6
1717574617266 285626.0 7
1717574622610 285626.0 8
1717574627865 285626.0 9
1717574633767 285626.0 10
1717574639238 285626.0 11
1717574644251 285626.0 12
1717574649658 285626.0 13
1717574655041 285626.0 14
1717574660427 285626.0 15
1717574665975 285626.0 16
1717574671310 285626.0 17
1717574676532 285626.0 18
1717574681611 285626.0 19
1717574686877 285626.0 20
1717574692443 285626.0 21
1717574697624 285626.0 22
1717574702941 285626.0 23
1717574708554 285626.0 24
1717574713914 285626.0 25
1717574719432 285626.0 26
1717574725206 285626.0 27
1717574730490 285626.0 28
1717574735872 285626.0 29
1717574741466 285626.0 30
1717574746838 285626.0 31
1717574752177 285626.0 32
1717574757671 285626.0 33
1717574762888 285626.0 34
1717574768008 285626.0 35
1717574773232 285626.0 36
1717574778884 285626.0 37
1717574784526 285626.0 38
1717574790535 285626.0 39
1717574796169 285626.0 40
1717574802024 285626.0 41
1717574807787 285626.0 42
1717574813507 285626.0 43
1717574819484 285626.0 44
1717574824968 285626.0 45
1717574830831 285626.0 46
1717574836886 285626.0 47
1717574842575 285626.0 48
1717574848326 285626.0 49
1717574854345 285626.0 50
1717574860403 285626.0 51
1717574866009 285626.0 52
1717574871999 285626.0 53
1717574878098 285626.0 54
1717574884090 285626.0 55
1717574889867 285626.0 56
1717574895666 285626.0 57
1717574901853 285626.0 58
1717574907698 285626.0 59
1717574913574 285626.0 60
1717574919543 285626.0 61
1717574925499 285626.0 62
1717574931749 285626.0 63
1717574937541 285626.0 64
1717574943569 285626.0 65
1717574949656 285626.0 66
1717574955472 285626.0 67
1717574961419 285626.0 68
1717574967371 285626.0 69
1717574973224 285626.0 70
1717574979063 285626.0 71
1717574985087 285626.0 72
1717574990975 285626.0 73
1717574996999 285626.0 74
1717575002946 285626.0 75
1717575008869 285626.0 76
1717575014655 285626.0 77
1717575020620 285626.0 78
1717575026621 285626.0 79
1717575032621 285626.0 80
1717575038500 285626.0 81
1717575044999 285626.0 82
1717575050963 285626.0 83
1717575057397 285626.0 84
1717575063701 285626.0 85
1717575069800 285626.0 86
1717575075962 285626.0 87
1717575082582 285626.0 88
1717575089117 285626.0 89
1717575095209 285626.0 90
1717575101052 285626.0 91
1717575107024 285626.0 92
1717575112848 285626.0 93
1717575118658 285626.0 94
1717575124674 285626.0 95
1717575130867 285626.0 96
1717575136891 285626.0 97
1717575143127 285626.0 98
1717575149516 285626.0 99
