1717574585737 27244.0 1
1717574590906 27244.0 2
1717574596198 27244.0 3
1717574601332 27244.0 4
1717574606431 27244.0 5
1717574611905 27244.0 6
1717574617266 27244.0 7
1717574622610 27244.0 8
1717574627865 27244.0 9
1717574633767 27244.0 10
1717574639238 27244.0 11
1717574644251 27244.0 12
1717574649658 27244.0 13
1717574655041 27244.0 14
1717574660427 27244.0 15
1717574665975 27244.0 16
1717574671310 27244.0 17
1717574676532 27244.0 18
1717574681611 27244.0 19
1717574686877 27244.0 20
1717574692443 27244.0 21
1717574697624 27244.0 22
1717574702941 27244.0 23
1717574708554 27244.0 24
1717574713914 27244.0 25
1717574719432 27244.0 26
1717574725206 27244.0 27
1717574730490 27244.0 28
1717574735872 27244.0 29
1717574741466 27244.0 30
1717574746838 27244.0 31
1717574752177 27244.0 32
1717574757671 27244.0 33
1717574762888 27244.0 34
1717574768008 27244.0 35
1717574773232 27244.0 36
1717574778884 27244.0 37
1717574784526 27244.0 38
1717574790535 27244.0 39
1717574796169 27244.0 40
1717574802024 27244.0 41
1717574807787 27244.0 42
1717574813507 27244.0 43
1717574819484 27244.0 44
1717574824968 27244.0 45
1717574830831 27244.0 46
1717574836886 27244.0 47
1717574842575 27244.0 48
1717574848326 27244.0 49
1717574854345 27244.0 50
1717574860403 27244.0 51
1717574866009 27244.0 52
1717574871999 27244.0 53
1717574878098 27244.0 54
1717574884090 27244.0 55
1717574889867 27244.0 56
1717574895666 27244.0 57
1717574901853 27244.0 58
1717574907698 27244.0 59
1717574913574 27244.0 60
1717574919543 27244.0 61
1717574925499 27244.0 62
1717574931749 27244.0 63
1717574937541 27244.0 64
1717574943569 27244.0 65
1717574949656 27244.0 66
1717574955472 27244.0 67
1717574961419 27244.0 68
1717574967371 27244.0 69
1717574973224 27244.0 70
1717574979063 27244.0 71
1717574985087 27244.0 72
1717574990975 27244.0 73
1717574996999 27244.0 74
1717575002946 27244.0 75
1717575008869 27244.0 76
1717575014655 27244.0 77
1717575020620 27244.0 78
1717575026621 27244.0 79
1717575032621 27244.0 80
1717575038500 27244.0 81
1717575044999 27244.0 82
1717575050963 27244.0 83
1717575057397 27244.0 84
1717575063701 27244.0 85
1717575069800 27244.0 86
1717575075962 27244.0 87
1717575082582 27244.0 88
1717575089117 27244.0 89
1717575095209 27244.0 90
1717575101052 27244.0 91
1717575107024 27244.0 92
1717575112848 27244.0 93
1717575118658 27244.0 94
1717575124674 27244.0 95
1717575130867 27244.0 96
1717575136891 27244.0 97
1717575143127 27244.0 98
1717575149516 27244.0 99
