1717574585737 0.16724965664060035 1
1717574590906 0.16724965664060035 2
1717574596198 0.16724965664060035 3
1717574601332 0.16724965664060035 4
1717574606431 0.16724965664060035 5
1717574611905 0.16724965664060035 6
1717574617266 0.16724965664060035 7
1717574622610 0.16724965664060035 8
1717574627865 0.16724965664060035 9
1717574633767 0.16724965664060035 10
1717574639238 0.16724965664060035 11
1717574644251 0.16724965664060035 12
1717574649658 0.16724965664060035 13
1717574655041 0.16724965664060035 14
1717574660427 0.16724965664060035 15
1717574665975 0.16724965664060035 16
1717574671310 0.16724965664060035 17
1717574676532 0.16724965664060035 18
1717574681611 0.16724965664060035 19
1717574686877 0.16724965664060035 20
1717574692443 0.16724965664060035 21
1717574697624 0.16724965664060035 22
1717574702941 0.16724965664060035 23
1717574708554 0.16724965664060035 24
1717574713914 0.16724965664060035 25
1717574719432 0.16724965664060035 26
1717574725206 0.16724965664060035 27
1717574730490 0.16724965664060035 28
1717574735872 0.16724965664060035 29
1717574741466 0.16724965664060035 30
1717574746838 0.16724965664060035 31
1717574752177 0.16724965664060035 32
1717574757671 0.16724965664060035 33
1717574762888 0.16724965664060035 34
1717574768008 0.16724965664060035 35
1717574773232 0.16724965664060035 36
1717574778884 0.16724965664060035 37
1717574784526 0.16724965664060035 38
1717574790535 0.16724965664060035 39
1717574796169 0.16724965664060035 40
1717574802024 0.16724965664060035 41
1717574807787 0.16724965664060035 42
1717574813507 0.16724965664060035 43
1717574819484 0.16724965664060035 44
1717574824968 0.16724965664060035 45
1717574830831 0.16724965664060035 46
1717574836886 0.16724965664060035 47
1717574842575 0.16724965664060035 48
1717574848326 0.16724965664060035 49
1717574854345 0.16724965664060035 50
1717574860403 0.16724965664060035 51
1717574866009 0.16724965664060035 52
1717574871999 0.16724965664060035 53
1717574878098 0.16724965664060035 54
1717574884090 0.16724965664060035 55
1717574889867 0.16724965664060035 56
1717574895666 0.16724965664060035 57
1717574901853 0.16724965664060035 58
1717574907698 0.16724965664060035 59
1717574913574 0.16724965664060035 60
1717574919543 0.16724965664060035 61
1717574925499 0.16724965664060035 62
1717574931749 0.16724965664060035 63
1717574937541 0.16724965664060035 64
1717574943569 0.16724965664060035 65
1717574949656 0.16724965664060035 66
1717574955472 0.16724965664060035 67
1717574961419 0.16724965664060035 68
1717574967371 0.16724965664060035 69
1717574973224 0.16724965664060035 70
1717574979063 0.16724965664060035 71
1717574985087 0.16724965664060035 72
1717574990975 0.16724965664060035 73
1717574996999 0.16724965664060035 74
1717575002946 0.16724965664060035 75
1717575008869 0.16724965664060035 76
1717575014655 0.16724965664060035 77
1717575020620 0.16724965664060035 78
1717575026621 0.16724965664060035 79
1717575032621 0.16724965664060035 80
1717575038500 0.16724965664060035 81
1717575044999 0.16724965664060035 82
1717575050963 0.16724965664060035 83
1717575057397 0.16724965664060035 84
1717575063701 0.16724965664060035 85
1717575069800 0.16724965664060035 86
1717575075962 0.16724965664060035 87
1717575082582 0.16724965664060035 88
1717575089117 0.16724965664060035 89
1717575095209 0.16724965664060035 90
1717575101052 0.16724965664060035 91
1717575107024 0.16724965664060035 92
1717575112848 0.16724965664060035 93
1717575118658 0.16724965664060035 94
1717575124674 0.16724965664060035 95
1717575130867 0.16724965664060035 96
1717575136891 0.16724965664060035 97
1717575143127 0.16724965664060035 98
1717575149516 0.16724965664060035 99
