1717574585737 0.0870353958109548 1
1717574590906 0.0870353958109548 2
1717574596198 0.0870353958109548 3
1717574601332 0.0870353958109548 4
1717574606431 0.0870353958109548 5
1717574611905 0.0870353958109548 6
1717574617266 0.0870353958109548 7
1717574622610 0.0870353958109548 8
1717574627865 0.0870353958109548 9
1717574633767 0.0870353958109548 10
1717574639238 0.0870353958109548 11
1717574644251 0.0870353958109548 12
1717574649658 0.0870353958109548 13
1717574655041 0.0870353958109548 14
1717574660427 0.0870353958109548 15
1717574665975 0.0870353958109548 16
1717574671310 0.0870353958109548 17
1717574676532 0.0870353958109548 18
1717574681611 0.0870353958109548 19
1717574686877 0.0870353958109548 20
1717574692443 0.0870353958109548 21
1717574697624 0.0870353958109548 22
1717574702941 0.0870353958109548 23
1717574708554 0.0870353958109548 24
1717574713914 0.0870353958109548 25
1717574719432 0.0870353958109548 26
1717574725206 0.0870353958109548 27
1717574730490 0.0870353958109548 28
1717574735872 0.0870353958109548 29
1717574741466 0.0870353958109548 30
1717574746838 0.0870353958109548 31
1717574752177 0.0870353958109548 32
1717574757671 0.0870353958109548 33
1717574762888 0.0870353958109548 34
1717574768008 0.0870353958109548 35
1717574773232 0.0870353958109548 36
1717574778884 0.0870353958109548 37
1717574784526 0.0870353958109548 38
1717574790535 0.0870353958109548 39
1717574796169 0.0870353958109548 40
1717574802024 0.0870353958109548 41
1717574807787 0.0870353958109548 42
1717574813507 0.0870353958109548 43
1717574819484 0.0870353958109548 44
1717574824968 0.0870353958109548 45
1717574830831 0.0870353958109548 46
1717574836886 0.0870353958109548 47
1717574842575 0.0870353958109548 48
1717574848326 0.0870353958109548 49
1717574854345 0.0870353958109548 50
1717574860403 0.0870353958109548 51
1717574866009 0.0870353958109548 52
1717574871999 0.0870353958109548 53
1717574878098 0.0870353958109548 54
1717574884090 0.0870353958109548 55
1717574889867 0.0870353958109548 56
1717574895666 0.0870353958109548 57
1717574901853 0.0870353958109548 58
1717574907698 0.0870353958109548 59
1717574913574 0.0870353958109548 60
1717574919543 0.0870353958109548 61
1717574925499 0.0870353958109548 62
1717574931749 0.0870353958109548 63
1717574937541 0.0870353958109548 64
1717574943569 0.0870353958109548 65
1717574949656 0.0870353958109548 66
1717574955472 0.0870353958109548 67
1717574961419 0.0870353958109548 68
1717574967371 0.0870353958109548 69
1717574973224 0.0870353958109548 70
1717574979063 0.0870353958109548 71
1717574985087 0.0870353958109548 72
1717574990975 0.0870353958109548 73
1717574996999 0.0870353958109548 74
1717575002946 0.0870353958109548 75
1717575008869 0.0870353958109548 76
1717575014655 0.0870353958109548 77
1717575020620 0.0870353958109548 78
1717575026621 0.0870353958109548 79
1717575032621 0.0870353958109548 80
1717575038500 0.0870353958109548 81
1717575044999 0.0870353958109548 82
1717575050963 0.0870353958109548 83
1717575057397 0.0870353958109548 84
1717575063701 0.0870353958109548 85
1717575069800 0.0870353958109548 86
1717575075962 0.0870353958109548 87
1717575082582 0.0870353958109548 88
1717575089117 0.0870353958109548 89
1717575095209 0.0870353958109548 90
1717575101052 0.0870353958109548 91
1717575107024 0.0870353958109548 92
1717575112848 0.0870353958109548 93
1717575118658 0.0870353958109548 94
1717575124674 0.0870353958109548 95
1717575130867 0.0870353958109548 96
1717575136891 0.0870353958109548 97
1717575143127 0.0870353958109548 98
1717575149516 0.0870353958109548 99
