1717627168670 1.1230616569519043 1
1717627178539 0.7912424206733704 2
1717627188091 0.6563612222671509 3
1717627197756 0.5724514722824097 4
1717627207721 0.520581841468811 5
1717627218716 0.49193117022514343 6
1717627228621 0.46758362650871277 7
1717627239075 0.4488411545753479 8
1717627248943 0.4344978928565979 9
1717627259110 0.42277655005455017 10
1717627269313 0.41281813383102417 11
1717627278846 0.4040257930755615 12
1717627288263 0.3942205607891083 13
1717627297786 0.38706251978874207 14
1717627307228 0.3799070417881012 15
1717627316672 0.37238577008247375 16
1717627326310 0.3660320043563843 17
1717627335674 0.36080223321914673 18
1717627345086 0.35708072781562805 19
1717627354473 0.35150477290153503 20
1717627364194 0.34851232171058655 21
1717627374147 0.34447214007377625 22
1717627383849 0.3435589075088501 23
1717627393292 0.33652180433273315 24
1717627402947 0.33446773886680603 25
1717627412422 0.32998329401016235 26
1717627422668 0.32688599824905396 27
1717627432922 0.3277876079082489 28
1717627442549 0.32405519485473633 29
1717627452206 0.3172951936721802 30
1717627467639 0.31893062591552734 31
1717627477901 0.31352150440216064 32
1717627488420 0.3120366036891937 33
1717627499167 0.3101392090320587 34
1717627508977 0.30789804458618164 35
1717627520076 0.3062111735343933 36
1717627529754 0.30215856432914734 37
1717627539387 0.302219957113266 38
1717627549170 0.30186301469802856 39
1717627559419 0.29895272850990295 40
1717627569277 0.2952018082141876 41
1717627578926 0.29070621728897095 42
1717627589635 0.29284247756004333 43
1717627600288 0.2896684408187866 44
1717627611138 0.2862599790096283 45
