1717627168670 525297.0 1
1717627178539 589116.0 2
1717627188091 619434.0 3
1717627197756 642012.0 4
1717627207721 654652.0 5
1717627218716 661892.0 6
1717627228621 667358.0 7
1717627239075 671403.0 8
1717627248943 674094.0 9
1717627259110 676561.0 10
1717627269313 678193.0 11
1717627278846 679566.0 12
1717627288263 681266.0 13
1717627297786 682236.0 14
1717627307228 683455.0 15
1717627316672 684058.0 16
1717627326310 685379.0 17
1717627335674 685759.0 18
1717627345086 686345.0 19
1717627354473 687226.0 20
1717627364194 687267.0 21
1717627374147 687977.0 22
1717627383849 688526.0 23
1717627393292 689350.0 24
1717627402947 689461.0 25
1717627412422 690076.0 26
1717627422668 690324.0 27
1717627432922 690709.0 28
1717627442549 690809.0 29
1717627452206 692021.0 30
1717627467639 691670.0 31
1717627477901 692552.0 32
1717627488420 692692.0 33
1717627499167 693015.0 34
1717627508977 693091.0 35
1717627520076 693338.0 36
1717627529754 693769.0 37
1717627539387 694064.0 38
1717627549170 693794.0 39
1717627559419 694304.0 40
1717627569277 694820.0 41
1717627578926 695699.0 42
1717627589635 695411.0 43
1717627600288 695947.0 44
1717627611138 696045.0 45
