1717627168670 0.3167907973959036 1
1717627178539 0.4152850320663667 2
1717627188091 0.4753680573681879 3
1717627197756 0.5248246236684299 4
1717627207721 0.5555938704232222 5
1717627218716 0.5753087017413409 6
1717627228621 0.591796493233462 7
1717627239075 0.6041548837083854 8
1717627248943 0.613695517332676 9
1717627259110 0.6217608530367638 10
1717627269313 0.6272187231064221 11
1717627278846 0.6326357329680637 12
1717627288263 0.638820435449135 13
1717627297786 0.6428507861703527 14
1717627307228 0.647065904230041 15
1717627316672 0.6504461259969011 16
1717627326310 0.655221309930294 17
1717627335674 0.6578766371664764 18
1717627345086 0.6602248961861117 19
1717627354473 0.6634786726524315 20
1717627364194 0.6644544091940386 21
1717627374147 0.6677110044674489 22
1717627383849 0.668739274870777 23
1717627393292 0.6724639657684941 24
1717627402947 0.67370590772647 25
1717627412422 0.6760555251977751 26
1717627422668 0.6777171410261206 27
1717627432922 0.6783023475383879 28
1717627442549 0.6792801630337894 29
1717627452206 0.6845068009679727 30
1717627467639 0.6829587021834123 31
1717627477901 0.6869288578402369 32
1717627488420 0.6873831585182444 33
1717627499167 0.688898054620549 34
1717627508977 0.68958055621587 35
1717627520076 0.6901376672193724 36
1717627529754 0.6927677616893687 37
1717627539387 0.6934086821086236 38
1717627549170 0.6931075905562033 39
1717627559419 0.6951986076699297 40
1717627569277 0.6976697588986303 41
1717627578926 0.7011566650035964 42
1717627589635 0.699771995745223 43
1717627600288 0.7020534060966445 44
1717627611138 0.7033244554358381 45
