1717655586277 0.29754576086997986 1
1717655589871 0.19942256808280945 2
1717655593278 0.18181566894054413 3
1717655597067 0.16515032947063446 4
1717655600702 0.14352937042713165 5
1717655604164 0.13637956976890564 6
1717655607602 0.11134462058544159 7
1717655611152 0.10378768295049667 8
1717655615011 0.0999162420630455 9
1717655619326 0.09167829155921936 10
1717655623279 0.08657664805650711 11
1717655627049 0.08541370183229446 12
1717655630879 0.08083299547433853 13
1717655634621 0.0791098028421402 14
1717655638849 0.07385408133268356 15
1717655642494 0.07203028351068497 16
1717655646387 0.06952772289514542 17
1717655650098 0.07020572572946548 18
1717655653639 0.06552644819021225 19
1717655657371 0.0635937824845314 20
1717655661633 0.06433063000440598 21
1717655666234 0.060986049473285675 22
1717655670584 0.059963904321193695 23
1717655674518 0.057991620153188705 24
1717655679158 0.056905534118413925 25
1717655682880 0.05875128507614136 26
1717655686684 0.05430684983730316 27
1717655690657 0.05368688702583313 28
1717655694996 0.05335098132491112 29
1717655698886 0.05218791589140892 30
1717655702948 0.05106254667043686 31
1717655707046 0.05039965733885765 32
1717655711011 0.05090628191828728 33
1717655714708 0.05972444638609886 34
1717655718047 0.048163607716560364 35
1717655722092 0.047305766493082047 36
1717655725464 0.047073639929294586 37
1717655729095 0.04699026048183441 38
1717655732497 0.04691075161099434 39
1717655736269 0.046475525945425034 40
1717655739775 0.04594602435827255 41
1717655743446 0.04561348259449005 42
1717655747000 0.044902656227350235 43
1717655751039 0.04554547742009163 44
1717655754707 0.04395236447453499 45
1717655758357 0.043686509132385254 46
1717655761868 0.04315708205103874 47
1717655765725 0.04274695739150047 48
1717655768969 0.04223077371716499 49
1717655772577 0.04190904274582863 50
1717655776236 0.04099835082888603 51
1717655779808 0.042035121470689774 52
1717655783660 0.040175069123506546 53
1717655787472 0.03968688100576401 54
1717655790977 0.03880378231406212 55
1717655794922 0.03879373148083687 56
1717655798480 0.03825775906443596 57
1717655802202 0.0380566231906414 58
1717655805942 0.03853776678442955 59
1717655809501 0.0370364747941494 60
1717655813282 0.03609572723507881 61
1717655816892 0.036003585904836655 62
1717655820682 0.0356927327811718 63
1717655824485 0.03491055592894554 64
