1717655586277 0.022050591185688972 1
1717655589871 0.004787897691130638 2
1717655593278 0.07072532922029495 3
1717655597067 0.2133861482143402 4
1717655600702 0.3678349256515503 5
1717655604164 0.4438701272010803 6
1717655607602 0.5535759925842285 7
1717655611152 0.5818033814430237 8
1717655615011 0.5900675654411316 9
1717655619326 0.6224349737167358 10
1717655623279 0.639771580696106 11
1717655627049 0.6467466354370117 12
1717655630879 0.6650343537330627 13
1717655634621 0.6744623184204102 14
1717655638849 0.6990423202514648 15
1717655642494 0.707985520362854 16
1717655646387 0.7234990000724792 17
1717655650098 0.7171332240104675 18
1717655653639 0.7422367334365845 19
1717655657371 0.7510548233985901 20
1717655661633 0.7506809830665588 21
1717655666234 0.7647966146469116 22
1717655670584 0.7717638611793518 23
1717655674518 0.7818789482116699 24
1717655679158 0.7862454652786255 25
1717655682880 0.786031186580658 26
1717655686684 0.8014270663261414 27
1717655690657 0.8036925792694092 28
1717655694996 0.8059381246566772 29
1717655698886 0.8114408254623413 30
1717655702948 0.8147172927856445 31
1717655707046 0.8179453611373901 32
1717655711011 0.8158444166183472 33
1717655714708 0.7852153182029724 34
1717655718047 0.8272894024848938 35
1717655722092 0.8293870687484741 36
1717655725464 0.8293564319610596 37
1717655729095 0.8298351168632507 38
1717655732497 0.8313193321228027 39
1717655736269 0.8329296112060547 40
1717655739775 0.8340522050857544 41
1717655743446 0.8365087509155273 42
1717655747000 0.839038610458374 43
1717655751039 0.8378780484199524 44
1717655754707 0.843758761882782 45
1717655758357 0.8432275652885437 46
1717655761868 0.8446689248085022 47
1717655765725 0.8484625220298767 48
1717655768969 0.8492031097412109 49
1717655772577 0.85023033618927 50
1717655776236 0.8559131622314453 51
1717655779808 0.8511163592338562 52
1717655783660 0.8572888374328613 53
1717655787472 0.8586502075195312 54
1717655790977 0.8624653816223145 55
1717655794922 0.8617666363716125 56
1717655798480 0.8633670806884766 57
1717655802202 0.8657377362251282 58
1717655805942 0.863459050655365 59
1717655809501 0.8688960671424866 60
1717655813282 0.8708192110061646 61
1717655816892 0.8702659606933594 62
1717655820682 0.8720595836639404 63
1717655824485 0.8741532564163208 64
