1717655586277 22095.0 1
1717655589871 22095.0 2
1717655593278 22095.0 3
1717655597067 22095.0 4
1717655600702 22095.0 5
1717655604164 22095.0 6
1717655607602 22095.0 7
1717655611152 22095.0 8
1717655615011 22095.0 9
1717655619326 22095.0 10
1717655623279 22095.0 11
1717655627049 22095.0 12
1717655630879 22095.0 13
1717655634621 22095.0 14
1717655638849 22095.0 15
1717655642494 22095.0 16
1717655646387 22095.0 17
1717655650098 22095.0 18
1717655653639 22095.0 19
1717655657371 22095.0 20
1717655661633 22095.0 21
1717655666234 22095.0 22
1717655670584 22095.0 23
1717655674518 22095.0 24
1717655679158 22095.0 25
1717655682880 22095.0 26
1717655686684 22095.0 27
1717655690657 22095.0 28
1717655694996 22095.0 29
1717655698886 22095.0 30
1717655702948 22095.0 31
1717655707046 22095.0 32
1717655711011 22095.0 33
1717655714708 22095.0 34
1717655718047 22095.0 35
1717655722092 22095.0 36
1717655725464 22095.0 37
1717655729095 22095.0 38
1717655732497 22095.0 39
1717655736269 22095.0 40
1717655739775 22095.0 41
1717655743446 22095.0 42
1717655747000 22095.0 43
1717655751039 22095.0 44
1717655754707 22095.0 45
1717655758357 22095.0 46
1717655761868 22095.0 47
1717655765725 22095.0 48
1717655768969 22095.0 49
1717655772577 22095.0 50
1717655776236 22095.0 51
1717655779808 22095.0 52
1717655783660 22095.0 53
1717655787472 22095.0 54
1717655790977 22095.0 55
1717655794922 22095.0 56
1717655798480 22095.0 57
1717655802202 22095.0 58
1717655805942 22095.0 59
1717655809501 22095.0 60
1717655813282 22095.0 61
1717655816892 22095.0 62
1717655820682 22095.0 63
1717655824485 22095.0 64
