1717710511638 0.0 1
1717710513300 0.0003726708074534013 2
1717710514911 0.0005614906832298594 3
1717710516631 0.0024347826086956736 4
1717710518439 0.0007602484472050142 5
1717710520281 0.0019627329192546394 6
1717710522194 0.004029813664596316 7
1717710523977 0.0018583850931677137 8
1717710525813 0.0024149068322981693 9
1717710527650 0.0023999999999999577 10
1717710529466 0.0016496894409937513 11
1717710531379 0.0023999999999999577 12
1717710533109 0.0026931677018633415 13
1717710534880 0.001972670807453447 14
1717710536586 0.001913043478260823 15
1717710538316 0.00156521739130433 16
1717710540094 0.002300621118012436 17
1717710541762 0.007557763975155285 18
1717710543710 0.00752298136645968 19
1717710545460 0.008506832298136646 20
1717710547289 0.01898633540372674 21
1717710549078 0.023920496894409893 22
1717710550878 0.021063354037267112 23
1717710552683 0.04983850931677014 24
1717710554510 0.04739378881987577 25
1717710556304 0.08615155279503106 26
1717710558050 0.11180621118012424 27
1717710559848 0.1504695652173913 28
1717710561749 0.17852422360248443 29
1717710563495 0.2603329192546584 30
1717710565296 0.2839006211180124 31
1717710566995 0.2936546583850932 32
1717710568720 0.3001341614906833 33
1717710570446 0.30148571428571425 34
1717710572146 0.2737639751552795 35
1717710573903 0.2744149068322982 36
1717710575594 0.30904844720496893 37
1717710577411 0.24482484472049693 38
1717710579263 0.3179180124223603 39
1717710580965 0.26268819875776395 40
1717710582740 0.31710807453416145 41
1717710584455 0.30953043478260867 42
1717710586223 0.29248198757763977 43
1717710587946 0.3082583850931677 44
1717710589717 0.2925465838509317 45
1717710591668 0.41900124223602486 46
1717710593484 0.2923577639751552 47
1717710595480 0.37908571428571425 48
1717710597317 0.2070111801242236 49
1717710599084 0.22534161490683224 50
1717710600749 0.3564372670807453 51
1717710602460 0.18868571428571423 52
1717710604160 0.1777142857142857 53
1717710605922 0.2066335403726708 54
1717710607672 0.20639503105590062 55
1717710609534 0.2226037267080745 56
1717710611302 0.2367850931677019 57
1717710613119 0.2425540372670807 58
1717710614966 0.23339130434782607 59
1717710616759 0.2219627329192546 60
1717710618511 0.21275031055900617 61
1717710620302 0.31458881987577636 62
1717710622088 0.21766956521739134 63
1717710623930 0.3149813664596274 64
1717710625800 0.24394534161490689 65
1717710627549 0.20621118012422357 66
1717710629349 0.32825341614906833 67
1717710631158 0.22882981366459632 68
1717710632936 0.20146583850931676 69
1717710634781 0.2722583850931677 70
1717710636484 0.2146782608695652 71
1717710638218 0.21918012422360245 72
1717710640038 0.22762236024844718 73
1717710641791 0.20821863354037262 74
1717710643507 0.23922484472049688 75
1717710645234 0.2498086956521739 76
1717710646919 0.2596621118012422 77
1717710648592 0.2629316770186335 78
1717710650362 0.23266086956521737 79
1717710652055 0.23182111801242233 80
1717710653751 0.2635875776397516 81
1717710655653 0.266951552795031 82
1717710657593 0.26010434782608693 83
1717710659616 0.2626186335403726 84
1717710661474 0.254504347826087 85
1717710663158 0.2614360248447205 86
1717710664969 0.24313540372670805 87
1717710666690 0.2646260869565218 88
1717710668444 0.2729937888198758 89
1717710670174 0.25295403726708077 90
1717710671859 0.26486956521739136 91
1717710673601 0.27038012422360247 92
1717710675367 0.26486956521739136 93
1717710677103 0.2574658385093168 94
1717710678788 0.2552695652173913 95
1717710680550 0.2500968944099379 96
1717710682291 0.24826832298136647 97
1717710684053 0.24915776397515532 98
1717710685894 0.24862608695652177 99
1717710690214 0.24862608695652177 0
