1717710511638 819737.0 1
1717710513300 819737.0 2
1717710514911 819737.0 3
1717710516631 819737.0 4
1717710518439 819737.0 5
1717710520281 819737.0 6
1717710522194 819737.0 7
1717710523977 819737.0 8
1717710525813 819737.0 9
1717710527650 819737.0 10
1717710529466 819737.0 11
1717710531379 819737.0 12
1717710533109 819737.0 13
1717710534880 819737.0 14
1717710536586 819737.0 15
1717710538316 819737.0 16
1717710540094 819737.0 17
1717710541762 819737.0 18
1717710543710 819737.0 19
1717710545460 819737.0 20
1717710547289 819737.0 21
1717710549078 819737.0 22
1717710550878 819737.0 23
1717710552683 819737.0 24
1717710554510 819737.0 25
1717710556304 819737.0 26
1717710558050 819737.0 27
1717710559848 819737.0 28
1717710561749 819737.0 29
1717710563495 819737.0 30
1717710565296 819737.0 31
1717710566995 819737.0 32
1717710568720 819737.0 33
1717710570446 819737.0 34
1717710572146 819737.0 35
1717710573903 819737.0 36
1717710575594 819737.0 37
1717710577411 819737.0 38
1717710579263 819737.0 39
1717710580965 819737.0 40
1717710582740 819737.0 41
1717710584455 819737.0 42
1717710586223 819737.0 43
1717710587946 819737.0 44
1717710589717 819737.0 45
1717710591668 819737.0 46
1717710593484 819737.0 47
1717710595480 819737.0 48
1717710597317 819737.0 49
1717710599084 819737.0 50
1717710600749 819737.0 51
1717710602460 819737.0 52
1717710604160 819737.0 53
1717710605922 819737.0 54
1717710607672 819737.0 55
1717710609534 819737.0 56
1717710611302 819737.0 57
1717710613119 819737.0 58
1717710614966 819737.0 59
1717710616759 819737.0 60
1717710618511 819737.0 61
1717710620302 819737.0 62
1717710622088 819737.0 63
1717710623930 819737.0 64
1717710625800 819737.0 65
1717710627549 819737.0 66
1717710629349 819737.0 67
1717710631158 819737.0 68
1717710632936 819737.0 69
1717710634781 819737.0 70
1717710636484 819737.0 71
1717710638218 819737.0 72
1717710640038 819737.0 73
1717710641791 819737.0 74
1717710643507 819737.0 75
1717710645234 819737.0 76
1717710646919 819737.0 77
1717710648592 819737.0 78
1717710650362 819737.0 79
1717710652055 819737.0 80
1717710653751 819737.0 81
1717710655653 819737.0 82
1717710657593 819737.0 83
1717710659616 819737.0 84
1717710661474 819737.0 85
1717710663158 819737.0 86
1717710664969 819737.0 87
1717710666690 819737.0 88
1717710668444 819737.0 89
1717710670174 819737.0 90
1717710671859 819737.0 91
1717710673601 819737.0 92
1717710675367 819737.0 93
1717710677103 819737.0 94
1717710678788 819737.0 95
1717710680550 819737.0 96
1717710682291 819737.0 97
1717710684053 819737.0 98
1717710685894 819737.0 99
