1717629510697 0.048554785549640656 1
1717629517607 0.048554785549640656 2
1717629524150 0.048554785549640656 3
1717629530450 0.048554785549640656 4
1717629537473 0.048554785549640656 5
1717629544360 0.048554785549640656 6
1717629551917 0.048554785549640656 7
1717629559564 0.048554785549640656 8
1717629567186 0.048554785549640656 9
1717629574642 0.048554785549640656 10
1717629582180 0.048554785549640656 11
1717629589069 0.048554785549640656 12
1717629596173 0.048554785549640656 13
1717629603416 0.048554785549640656 14
1717629611909 0.048554785549640656 15
1717629620241 0.048554785549640656 16
