1716912022468 1.596622109413147 1
1716912024284 1.3380861282348633 2
1716912025992 1.2664482593536377 3
1716912027790 1.2252856492996216 4
1716912029590 1.196954607963562 5
1716912031382 1.1762588024139404 6
1716912033173 1.1609677076339722 7
1716912035004 1.148406744003296 8
1716912036780 1.137571096420288 9
1716912038560 1.1241400241851807 10
1716912040338 1.1079974174499512 11
1716912042153 1.0916153192520142 12
1716912043969 1.0788567066192627 13
1716912045788 1.0694363117218018 14
1716912047673 1.0595424175262451 15
1716912049512 1.0512526035308838 16
1716912051339 1.0429579019546509 17
1716912053132 1.0339806079864502 18
1716912054901 1.0255677700042725 19
1716912056840 1.0181262493133545 20
1716912058882 1.0109031200408936 21
1716912060715 1.0026503801345825 22
1716912062544 0.9943534135818481 23
1716912064371 0.9830036163330078 24
1716912066213 0.9713957905769348 25
1716912068032 0.9580723643302917 26
1716912069839 0.9448383450508118 27
1716912071632 0.9282094240188599 28
1716912073464 0.9072641134262085 29
1716912075276 0.8820597529411316 30
1716912077112 0.8544129133224487 31
1716912078926 0.827501654624939 32
1716912080731 0.8093135952949524 33
1716912082540 0.7940887212753296 34
1716912084365 0.7812145948410034 35
1716912086155 0.7739391326904297 36
1716912087964 0.7804136872291565 37
1716912089737 0.7620357275009155 38
1716912091579 0.749449610710144 39
1716912093400 0.7414945363998413 40
1716912095218 0.7342951893806458 41
1716912097009 0.7299138307571411 42
1716912098821 0.7241079807281494 43
1716912100664 0.7207547426223755 44
1716912102483 0.7162284851074219 45
1716912104256 0.7134112119674683 46
1716912106069 0.7101882696151733 47
1716912107821 0.7072427272796631 48
1716912109619 0.7042926549911499 49
1716912111447 0.6999403238296509 50
1716912113234 0.6977523565292358 51
1716912115036 0.6941698789596558 52
1716912116881 0.6909630298614502 53
1716912118734 0.6878341436386108 54
1716912120548 0.6853457093238831 55
1716912122385 0.6834622621536255 56
1716912124186 0.6802172064781189 57
1716912125964 0.678280234336853 58
1716912127788 0.6750591993331909 59
1716912129608 0.6733142733573914 60
1716912131426 0.6729553937911987 61
1716912133216 0.6697338819503784 62
1716912135037 0.6685572862625122 63
1716912136841 0.6626871824264526 64
1716912138628 0.6612604856491089 65
1716912140425 0.6585410833358765 66
1716912142241 0.6618925929069519 67
1716912144043 0.6554678082466125 68
1716912145898 0.652651309967041 69
1716912147729 0.6511750817298889 70
1716912149617 0.651818573474884 71
1716912151407 0.6494691967964172 72
1716912153228 0.6484173536300659 73
1716912155043 0.6450661420822144 74
1716912156871 0.6451254487037659 75
1716912158699 0.6482656598091125 76
1716912160515 0.6413770914077759 77
1716912162389 0.6411750912666321 78
1716912164199 0.6365445852279663 79
1716912166048 0.6368234157562256 80
1716912167882 0.6372014880180359 81
1716912169697 0.6323853135108948 82
1716912171503 0.6329228281974792 83
1716912173309 0.6357995867729187 84
1716912175139 0.6313773393630981 85
1716912176958 0.627376139163971 86
1716912178768 0.6247337460517883 87
1716912180612 0.6239117383956909 88
1716912182474 0.6249665021896362 89
1716912184314 0.6217264533042908 90
1716912186179 0.6226574182510376 91
1716912188004 0.6211436986923218 92
1716912189808 0.618277370929718 93
1716912191627 0.6204174757003784 94
1716912193454 0.6191982626914978 95
1716912195253 0.6156007647514343 96
1716912197089 0.6139320135116577 97
1716912198907 0.6115542650222778 98
1716912200713 0.6115871071815491 99
