1716912022468 182285.0 1
1716912024284 171970.0 2
1716912025992 162694.0 3
1716912027790 155898.0 4
1716912029590 151177.0 5
1716912031382 147709.0 6
1716912033173 145555.0 7
1716912035004 143981.0 8
1716912036780 141407.0 9
1716912038560 140145.0 10
1716912040338 136991.0 11
1716912042153 134880.0 12
1716912043969 131532.0 13
1716912045788 128343.0 14
1716912047673 125609.0 15
1716912049512 123541.0 16
1716912051339 122073.0 17
1716912053132 121120.0 18
1716912054901 120018.0 19
1716912056840 119020.0 20
1716912058882 118504.0 21
1716912060715 118492.0 22
1716912062544 117914.0 23
1716912064371 117948.0 24
1716912066213 117577.0 25
1716912068032 117283.0 26
1716912069839 116638.0 27
1716912071632 116854.0 28
1716912073464 117272.0 29
1716912075276 117486.0 30
1716912077112 116190.0 31
1716912078926 113511.0 32
1716912080731 111414.0 33
1716912082540 108985.0 34
1716912084365 107651.0 35
1716912086155 105468.0 36
1716912087964 103940.0 37
1716912089737 104343.0 38
1716912091579 100748.0 39
1716912093400 98478.0 40
1716912095218 97698.0 41
1716912097009 97422.0 42
1716912098821 96826.0 43
1716912100664 96709.0 44
1716912102483 96416.0 45
1716912104256 96139.0 46
1716912106069 95644.0 47
1716912107821 95516.0 48
1716912109619 95324.0 49
1716912111447 95337.0 50
1716912113234 94936.0 51
1716912115036 95143.0 52
1716912116881 95343.0 53
1716912118734 95388.0 54
1716912120548 95341.0 55
1716912122385 95091.0 56
1716912124186 95211.0 57
1716912125964 94842.0 58
1716912127788 94911.0 59
1716912129608 94391.0 60
1716912131426 94408.0 61
1716912133216 94649.0 62
1716912135037 93983.0 63
1716912136841 94089.0 64
1716912138628 94059.0 65
1716912140425 93554.0 66
1716912142241 93293.0 67
1716912144043 93506.0 68
1716912145898 93371.0 69
1716912147729 93152.0 70
1716912149617 92930.0 71
1716912151407 92526.0 72
1716912153228 92673.0 73
1716912155043 92618.0 74
1716912156871 92071.0 75
1716912158699 91886.0 76
1716912160515 91622.0 77
1716912162389 91981.0 78
1716912164199 91715.0 79
1716912166048 91214.0 80
1716912167882 91096.0 81
1716912169697 91091.0 82
1716912171503 90248.0 83
1716912173309 90843.0 84
1716912175139 90305.0 85
1716912176958 89744.0 86
1716912178768 89364.0 87
1716912180612 89175.0 88
1716912182474 89444.0 89
1716912184314 89266.0 90
1716912186179 88905.0 91
1716912188004 88757.0 92
1716912189808 88879.0 93
1716912191627 88327.0 94
1716912193454 89142.0 95
1716912195253 88460.0 96
1716912197089 87934.0 97
1716912198907 87623.0 98
1716912200713 88029.0 99
