1717256138543 0.4295305886895914 1
1717256142042 0.4036135272610663 2
1717256145662 0.37635650104030954 3
1717256149396 0.37635650104030954 4
1717256152831 0.37635650104030954 5
1717256156330 0.37635650104030954 6
1717256159894 0.37635650104030954 7
1717256163484 0.37635650104030954 8
1717256167041 0.37635650104030954 9
1717256170537 0.37635650104030954 10
1717256174033 0.37635650104030954 11
1717256177643 0.37635650104030954 12
1717256181174 0.37635650104030954 13
1717256184773 0.37635650104030954 14
1717256188240 0.37635650104030954 15
1717256191716 0.37635650104030954 16
1717256195260 0.37635650104030954 17
1717256198725 0.37635650104030954 18
1717256202144 0.37635650104030954 19
1717256205642 0.37635650104030954 20
1717256209094 0.37635650104030954 21
1717256212736 0.37635650104030954 22
1717256216216 0.37635650104030954 23
1717256219678 0.37635650104030954 24
1717256223285 0.37635650104030954 25
1717256226894 0.37635650104030954 26
1717256230590 0.37635650104030954 27
1717256234230 0.37635650104030954 28
1717256237775 0.37635650104030954 29
1717256241271 0.37635650104030954 30
1717256244765 0.37635650104030954 31
1717256248358 0.37635650104030954 32
1717256251879 0.37635650104030954 33
1717256255349 0.37635650104030954 34
1717256258895 0.37635650104030954 35
1717256262533 0.37635650104030954 36
1717256266046 0.37635650104030954 37
1717256269527 0.37635650104030954 38
1717256273059 0.37635650104030954 39
1717256276848 0.37635650104030954 40
1717256280871 0.37635650104030954 41
1717256284755 0.37635650104030954 42
1717256288593 0.37635650104030954 43
1717256292290 0.37635650104030954 44
1717256295871 0.37635650104030954 45
1717256299422 0.37635650104030954 46
1717256302862 0.37635650104030954 47
1717256306345 0.37635650104030954 48
1717256309880 0.37635650104030954 49
1717256313493 0.37635650104030954 50
1717256317021 0.37635650104030954 51
1717256320580 0.37635650104030954 52
1717256324034 0.37635650104030954 53
1717256327628 0.37635650104030954 54
1717256331348 0.37635650104030954 55
1717256335242 0.37635650104030954 56
1717256339119 0.37635650104030954 57
1717256343167 0.37635650104030954 58
1717256346957 0.37635650104030954 59
1717256350657 0.37635650104030954 60
1717256354349 0.37635650104030954 61
1717256358052 0.37635650104030954 62
1717256361676 0.37635650104030954 63
1717256365879 0.37635650104030954 64
1717256369913 0.37635650104030954 65
1717256373930 0.37635650104030954 66
1717256377743 0.37635650104030954 67
1717256381355 0.37635650104030954 68
1717256385112 0.37635650104030954 69
1717256388784 0.37635650104030954 70
1717256392791 0.37635650104030954 71
1717256396833 0.37635650104030954 72
1717256400521 0.37635650104030954 73
1717256404185 0.37635650104030954 74
1717256408011 0.37635650104030954 75
1717256411736 0.37635650104030954 76
1717256415348 0.37635650104030954 77
1717256419008 0.37635650104030954 78
1717256423058 0.37635650104030954 79
1717256427603 0.37635650104030954 80
1717256431880 0.37635650104030954 81
1717256435655 0.37635650104030954 82
1717256439306 0.37635650104030954 83
1717256443444 0.37635650104030954 84
1717256447199 0.37635650104030954 85
1717256450973 0.37635650104030954 86
1717256454675 0.37635650104030954 87
1717256458425 0.37635650104030954 88
1717256462182 0.37635650104030954 89
1717256465922 0.37635650104030954 90
1717256469659 0.37635650104030954 91
1717256473351 0.37635650104030954 92
1717256477119 0.37635650104030954 93
1717256480848 0.37635650104030954 94
1717256484587 0.37635650104030954 95
1717256488269 0.37635650104030954 96
1717256492116 0.37635650104030954 97
1717256495771 0.37635650104030954 98
1717256499523 0.37635650104030954 99
