1717256138543 1.6916621923446655 1
1717256142042 1.4103845357894897 2
1717256145662 1.4154850244522095 3
1717256149396 1.4163594245910645 4
1717256152831 1.4164111614227295 5
1717256156330 1.4163994789123535 6
1717256159894 1.4162043333053589 7
1717256163484 1.415744662284851 8
1717256167041 1.4168658256530762 9
1717256170537 1.4148558378219604 10
1717256174033 1.4170554876327515 11
1717256177643 1.4174304008483887 12
1717256181174 1.4164657592773438 13
1717256184773 1.4164493083953857 14
1717256188240 1.4164376258850098 15
1717256191716 1.4152776002883911 16
1717256195260 1.4167888164520264 17
1717256198725 1.416526198387146 18
1717256202144 1.4153317213058472 19
1717256205642 1.4167741537094116 20
1717256209094 1.4164116382598877 21
1717256212736 1.4169719219207764 22
1717256216216 1.4139714241027832 23
1717256219678 1.4171847105026245 24
1717256223285 1.4176565408706665 25
1717256226894 1.4152933359146118 26
1717256230590 1.416548490524292 27
1717256234230 1.4173473119735718 28
1717256237775 1.4164624214172363 29
1717256241271 1.4164499044418335 30
1717256244765 1.41645348072052 31
1717256248358 1.4164561033248901 32
1717256251879 1.416456699371338 33
1717256255349 1.4164574146270752 34
1717256258895 1.4164574146270752 35
1717256262533 1.4164574146270752 36
1717256266046 1.4164570569992065 37
1717256269527 1.416456937789917 38
1717256273059 1.4164565801620483 39
1717256276848 1.4164553880691528 40
1717256280871 1.4164475202560425 41
1717256284755 1.4157987833023071 42
1717256288593 1.416920781135559 43
1717256292290 1.416472315788269 44
1717256295871 1.4164482355117798 45
1717256299422 1.4164413213729858 46
1717256302862 1.4164559841156006 47
1717256306345 1.416458249092102 48
1717256309880 1.4164574146270752 49
1717256313493 1.4164562225341797 50
1717256317021 1.4164553880691528 51
1717256320580 1.4164559841156006 52
1717256324034 1.4164520502090454 53
1717256327628 1.4164983034133911 54
1717256331348 1.4164596796035767 55
1717256335242 1.4164562225341797 56
1717256339119 1.416452169418335 57
1717256343167 1.4161542654037476 58
1717256346957 1.416671872138977 59
1717256350657 1.4158748388290405 60
1717256354349 1.4168894290924072 61
1717256358052 1.416474461555481 62
1717256361676 1.416459321975708 63
1717256365879 1.4164586067199707 64
1717256369913 1.4164586067199707 65
1717256373930 1.4164587259292603 66
1717256377743 1.416458249092102 67
1717256381355 1.4164584875106812 68
1717256385112 1.416458249092102 69
1717256388784 1.4164581298828125 70
1717256392791 1.4164581298828125 71
1717256396833 1.4164578914642334 72
1717256400521 1.4164586067199707 73
1717256404185 1.4164574146270752 74
1717256408011 1.4164577722549438 75
1717256411736 1.4164578914642334 76
1717256415348 1.4164578914642334 77
1717256419008 1.4164576530456543 78
1717256423058 1.4164576530456543 79
1717256427603 1.4164578914642334 80
1717256431880 1.4164570569992065 81
1717256435655 1.416458010673523 82
1717256439306 1.416456937789917 83
1717256443444 1.416458010673523 84
1717256447199 1.4164574146270752 85
1717256450973 1.4164574146270752 86
1717256454675 1.4164574146270752 87
1717256458425 1.4164574146270752 88
1717256462182 1.4164570569992065 89
1717256465922 1.416458010673523 90
1717256469659 1.416456937789917 91
1717256473351 1.4164576530456543 92
1717256477119 1.4164574146270752 93
1717256480848 1.4164568185806274 94
1717256484587 1.4164576530456543 95
1717256488269 1.4164568185806274 96
1717256492116 1.4164577722549438 97
1717256495771 1.4164565801620483 98
1717256499523 1.4164576530456543 99
