1717256138543 0.5333333333333333 1
1717256142042 0.5 2
1717256145662 0.4666666666666667 3
1717256149396 0.4666666666666667 4
1717256152831 0.4666666666666667 5
1717256156330 0.4666666666666667 6
1717256159894 0.4666666666666667 7
1717256163484 0.4666666666666667 8
1717256167041 0.4666666666666667 9
1717256170537 0.4666666666666667 10
1717256174033 0.4666666666666667 11
1717256177643 0.4666666666666667 12
1717256181174 0.4666666666666667 13
1717256184773 0.4666666666666667 14
1717256188240 0.4666666666666667 15
1717256191716 0.4666666666666667 16
1717256195260 0.4666666666666667 17
1717256198725 0.4666666666666667 18
1717256202144 0.4666666666666667 19
1717256205642 0.4666666666666667 20
1717256209094 0.4666666666666667 21
1717256212736 0.4666666666666667 22
1717256216216 0.4666666666666667 23
1717256219678 0.4666666666666667 24
1717256223285 0.4666666666666667 25
1717256226894 0.4666666666666667 26
1717256230590 0.4666666666666667 27
1717256234230 0.4666666666666667 28
1717256237775 0.4666666666666667 29
1717256241271 0.4666666666666667 30
1717256244765 0.4666666666666667 31
1717256248358 0.4666666666666667 32
1717256251879 0.4666666666666667 33
1717256255349 0.4666666666666667 34
1717256258895 0.4666666666666667 35
1717256262533 0.4666666666666667 36
1717256266046 0.4666666666666667 37
1717256269527 0.4666666666666667 38
1717256273059 0.4666666666666667 39
1717256276848 0.4666666666666667 40
1717256280871 0.4666666666666667 41
1717256284755 0.4666666666666667 42
1717256288593 0.4666666666666667 43
1717256292290 0.4666666666666667 44
1717256295871 0.4666666666666667 45
1717256299422 0.4666666666666667 46
1717256302862 0.4666666666666667 47
1717256306345 0.4666666666666667 48
1717256309880 0.4666666666666667 49
1717256313493 0.4666666666666667 50
1717256317021 0.4666666666666667 51
1717256320580 0.4666666666666667 52
1717256324034 0.4666666666666667 53
1717256327628 0.4666666666666667 54
1717256331348 0.4666666666666667 55
1717256335242 0.4666666666666667 56
1717256339119 0.4666666666666667 57
1717256343167 0.4666666666666667 58
1717256346957 0.4666666666666667 59
1717256350657 0.4666666666666667 60
1717256354349 0.4666666666666667 61
1717256358052 0.4666666666666667 62
1717256361676 0.4666666666666667 63
1717256365879 0.4666666666666667 64
1717256369913 0.4666666666666667 65
1717256373930 0.4666666666666667 66
1717256377743 0.4666666666666667 67
1717256381355 0.4666666666666667 68
1717256385112 0.4666666666666667 69
1717256388784 0.4666666666666667 70
1717256392791 0.4666666666666667 71
1717256396833 0.4666666666666667 72
1717256400521 0.4666666666666667 73
1717256404185 0.4666666666666667 74
1717256408011 0.4666666666666667 75
1717256411736 0.4666666666666667 76
1717256415348 0.4666666666666667 77
1717256419008 0.4666666666666667 78
1717256423058 0.4666666666666667 79
1717256427603 0.4666666666666667 80
1717256431880 0.4666666666666667 81
1717256435655 0.4666666666666667 82
1717256439306 0.4666666666666667 83
1717256443444 0.4666666666666667 84
1717256447199 0.4666666666666667 85
1717256450973 0.4666666666666667 86
1717256454675 0.4666666666666667 87
1717256458425 0.4666666666666667 88
1717256462182 0.4666666666666667 89
1717256465922 0.4666666666666667 90
1717256469659 0.4666666666666667 91
1717256473351 0.4666666666666667 92
1717256477119 0.4666666666666667 93
1717256480848 0.4666666666666667 94
1717256484587 0.4666666666666667 95
1717256488269 0.4666666666666667 96
1717256492116 0.4666666666666667 97
1717256495771 0.4666666666666667 98
1717256499523 0.4666666666666667 99
