1717632465108 0.5874777965938383 1
1717632466647 0.8220445193747639 2
1717632468220 0.8700209199086693 3
1717632469763 0.8877363423092295 4
1717632471503 0.893151445115109 5
1717632473400 0.9054458325712296 6
1717632475045 0.9143859839250463 7
1717632476451 0.9179229731398391 8
1717632477825 0.9185776788874082 9
1717632479174 0.9208349093049689 10
1717632480517 0.9249212003513023 11
1717632481840 0.9272103354812511 12
1717632483211 0.9338907922729732 13
1717632484654 0.9377759165291992 14
1717632486080 0.9372078793193672 15
1717632487597 0.9446042036275893 16
1717632489022 0.9441083222269199 17
1717632490428 0.948466010857952 18
1717632491978 0.9522357022195658 19
1717632493742 0.9541566337521434 20
1717632495261 0.9563032206863172 21
1717632496700 0.9556113058822013 22
1717632498034 0.9533821299606083 23
1717632499524 0.959128127648535 24
1717632500905 0.9571191625949571 25
1717632502424 0.9551246326470094 26
1717632503694 0.9582596769992903 27
1717632505053 0.9592466628194466 28
1717632506434 0.9575263677456813 29
1717632507825 0.9637646186354873 30
1717632509159 0.9614556397830921 31
1717632510467 0.9643710603143721 32
1717632511821 0.9638655099349962 33
1717632513290 0.9603652969439687 34
1717632514769 0.9640208372897641 35
1717632516166 0.961451179816267 36
1717632517586 0.966386338530498 37
1717632518901 0.9639740343882128 38
1717632520261 0.969125743092391 39
1717632521673 0.9666349805050659 40
1717632523072 0.9664250648627066 41
1717632524515 0.9684530584417197 42
1717632525872 0.9693997728478141 43
1717632527361 0.9721332446565554 44
1717632528885 0.9659302634589099 45
1717632530393 0.9656215825041403 46
1717632531816 0.9674727172807149 47
1717632533250 0.968661508371346 48
1717632534614 0.9719652656877933 49
1717632535973 0.9717722635358765 50
1717632537451 0.9672629105847778 51
1717632538971 0.96518003391415 52
1717632540502 0.9694646411544976 53
1717632541845 0.9742206557425342 54
1717632543321 0.9749118578379723 55
1717632544820 0.976547777243112 56
1717632546217 0.9754247698296699 57
1717632547647 0.9734961436304841 58
1717632549068 0.9678031292098618 59
1717632550674 0.9697004954747727 60
1717632551986 0.9753410503831402 61
1717632553295 0.9751666172178916 62
1717632554723 0.975666593647831 63
1717632556040 0.9782956608475908 64
1717632557407 0.9766721553959669 65
1717632558807 0.9770508561160176 66
1717632560233 0.9768722980938427 67
1717632561609 0.9780666883548652 68
1717632563015 0.9800128809588836 69
1717632564514 0.9805057249431856 70
1717632566089 0.9740785177826974 71
1717632567627 0.9750172890977169 72
1717632569142 0.9766868324921387 73
1717632570594 0.978425381182623 74
1717632572018 0.9763202621772868 75
1717632573482 0.9823869467492377 76
1717632574909 0.9804289749877864 77
1717632576299 0.9785173704992223 78
1717632577723 0.9754053704941351 79
1717632579139 0.9724523791021705 80
1717632580735 0.9728897791637016 81
1717632582205 0.9773493245898595 82
1717632583630 0.9760645037799965 83
1717632585068 0.9774145047532519 84
1717632586468 0.9773026902010543 85
1717632587902 0.9801030088815762 86
1717632589344 0.9797034946356411 87
1717632590789 0.9792380641411528 88
1717632592206 0.9824884677161017 89
1717632593743 0.9780780650383807 90
1717632595245 0.980529755074675 91
1717632596781 0.9826017870539198 92
1717632598131 0.9807075297572718 93
1717632599420 0.982905370670646 94
1717632600685 0.9838967562034961 95
1717632602025 0.9812572727710432 96
1717632603333 0.979731836752946 97
1717632604758 0.9811777029651266 98
1717632606145 0.9823157576910441 99
