1717521408443 21488.0 1
1717521415391 21488.0 2
1717521422341 21488.0 3
1717521429249 21488.0 4
1717521436194 21488.0 5
1717521443140 21488.0 6
1717521450109 21488.0 7
1717521457101 21488.0 8
1717521464000 21488.0 9
1717521471153 21488.0 10
1717521478137 21488.0 11
1717521485049 21488.0 12
1717521492183 21488.0 13
1717521499460 21488.0 14
1717521506560 21488.0 15
1717521513715 21488.0 16
1717521520913 21488.0 17
1717521528125 21488.0 18
1717521535179 21488.0 19
1717521542050 21488.0 20
1717521549011 21488.0 21
1717521556061 21488.0 22
1717521563000 21488.0 23
1717521570102 21488.0 24
1717521577017 21488.0 25
1717521584031 21488.0 26
1717521591112 21488.0 27
1717521598209 21488.0 28
1717521605241 21488.0 29
1717521612356 21488.0 30
1717521619715 21488.0 31
1717521626779 21488.0 32
1717521633749 21488.0 33
1717521640966 21488.0 34
1717521648047 21488.0 35
1717521655056 21488.0 36
1717521661997 21488.0 37
1717521669017 21488.0 38
1717521676012 21488.0 39
1717521683049 21488.0 40
1717521690061 21488.0 41
1717521697181 21488.0 42
1717521704353 21488.0 43
1717521711695 21488.0 44
1717521718775 21488.0 45
1717521725829 21488.0 46
1717521732887 21488.0 47
1717521740155 21488.0 48
1717521747267 21488.0 49
1717521754361 21488.0 50
1717521761394 21488.0 51
1717521769012 21488.0 52
1717521776190 21488.0 53
1717521783317 21488.0 54
1717521790732 21488.0 55
1717521797973 21488.0 56
1717521805090 21488.0 57
1717521812260 21488.0 58
1717521819362 21488.0 59
1717521826710 21488.0 60
1717521833957 21488.0 61
1717521841338 21488.0 62
1717521848710 21488.0 63
1717521856286 21488.0 64
1717521863380 21488.0 65
1717521870571 21488.0 66
1717521877827 21488.0 67
1717521884956 21488.0 68
1717521893434 21488.0 69
1717521900676 21488.0 70
1717521907657 21488.0 71
1717521914404 21488.0 72
1717521920647 21488.0 73
1717521926873 21488.0 74
1717521932978 21488.0 75
1717521939121 21488.0 76
1717521945239 21488.0 77
1717521951345 21488.0 78
1717521957359 21488.0 79
1717521963359 21488.0 80
1717521969557 21488.0 81
1717521976110 21488.0 82
1717521981984 21488.0 83
1717521987831 21488.0 84
1717521993668 21488.0 85
1717521999461 21488.0 86
1717522005315 21488.0 87
1717522011246 21488.0 88
1717522017142 21488.0 89
1717522022967 21488.0 90
1717522028802 21488.0 91
1717522034717 21488.0 92
1717522040688 21488.0 93
1717522046490 21488.0 94
1717522052413 21488.0 95
1717522058215 21488.0 96
1717522064147 21488.0 97
1717522070088 21488.0 98
1717522075996 21488.0 99
