1717339462737 287888.0 1
1717339463353 287888.0 2
1717339463941 287888.0 3
1717339464525 287888.0 4
1717339465130 287888.0 5
1717339465712 287888.0 6
1717339466312 287888.0 7
1717339466974 287888.0 8
1717339467622 287888.0 9
1717339468270 287888.0 10
1717339468894 287888.0 11
1717339469580 287888.0 12
1717339470206 287888.0 13
1717339470844 287888.0 14
1717339471468 287888.0 15
1717339472114 287888.0 16
1717339472736 287888.0 17
1717339473342 287888.0 18
1717339473934 287888.0 19
1717339474536 287888.0 20
1717339475126 287888.0 21
1717339475725 287888.0 22
1717339476360 287888.0 23
1717339476993 287888.0 24
1717339477629 287888.0 25
1717339478329 287888.0 26
1717339479006 287888.0 27
1717339479630 287888.0 28
1717339480301 287888.0 29
1717339480904 287888.0 30
1717339481503 287888.0 31
1717339482178 287888.0 32
1717339482797 287888.0 33
1717339483390 287888.0 34
1717339484024 287888.0 35
1717339484622 287888.0 36
1717339485218 287888.0 37
1717339485811 287888.0 38
1717339486419 287888.0 39
1717339487037 287888.0 40
1717339487676 287888.0 41
1717339488292 287888.0 42
1717339488927 287888.0 43
1717339489577 287888.0 44
1717339490195 287888.0 45
1717339490834 287888.0 46
1717339491441 287888.0 47
1717339492035 287888.0 48
1717339492643 287888.0 49
1717339493276 287888.0 50
1717339493893 287888.0 51
1717339494493 287888.0 52
1717339495104 287888.0 53
1717339495735 287888.0 54
1717339496345 287888.0 55
1717339496941 287888.0 56
1717339497526 287888.0 57
1717339498156 287888.0 58
1717339498761 287888.0 59
1717339499379 287888.0 60
1717339499988 287888.0 61
1717339500601 287888.0 62
1717339501207 287888.0 63
1717339501810 287888.0 64
1717339502413 287888.0 65
1717339503028 287888.0 66
1717339503644 287888.0 67
1717339504241 287888.0 68
1717339504868 287888.0 69
1717339505473 287888.0 70
1717339506096 287888.0 71
1717339506697 287888.0 72
1717339507297 287888.0 73
1717339507893 287888.0 74
1717339508488 287888.0 75
1717339509100 287888.0 76
1717339509685 287888.0 77
1717339510312 287888.0 78
1717339510925 287888.0 79
1717339511531 287888.0 80
1717339512135 287888.0 81
1717339512707 287888.0 82
1717339513329 287888.0 83
1717339513925 287888.0 84
1717339514511 287888.0 85
1717339515103 287888.0 86
1717339515686 287888.0 87
1717339516295 287888.0 88
1717339516927 287888.0 89
1717339517733 287888.0 90
1717339518412 287888.0 91
1717339519077 287888.0 92
1717339519950 287888.0 93
1717339520604 287888.0 94
1717339521364 287888.0 95
1717339521998 287888.0 96
1717339522594 287888.0 97
1717339523190 287888.0 98
1717339523787 287888.0 99
