1717631864373 0.1416653412828825 1
1717631865360 0.12627996679183529 2
1717631866405 0.13623678797073338 3
1717631867480 0.19314881444610435 4
1717631868572 0.19812626696092767 5
1717631869634 0.2238256281066756 6
1717631870633 0.24611599537320974 7
1717631871657 0.25613353906819125 8
1717631872662 0.24928001258257082 9
1717631873735 0.24317773231764972 10
1717631874881 0.24480673545484155 11
1717631875960 0.2463456252673496 12
1717631876950 0.24798363355643904 13
1717631877905 0.25235188014212456 14
1717631878996 0.2607794762503321 15
1717631880033 0.2706711381394026 16
