1717631864373 0.5737640586086178 1
1717631865360 0.9389798968798182 2
1717631866405 0.9425315097210338 3
1717631867480 0.9495437438146902 4
1717631868572 0.9500547624001613 5
1717631869634 0.9492399275059993 6
1717631870633 0.9501814990045048 7
1717631871657 0.9513068233199454 8
1717631872662 0.951567174789703 9
1717631873735 0.9521864538764903 10
1717631874881 0.9540986198624981 11
1717631875960 0.9560880998952791 12
1717631876950 0.9573795658495873 13
1717631877905 0.9584924525967187 14
1717631878996 0.9596662847742702 15
1717631880033 0.9613160113081882 16
