1717631864373 0.1874155060392439 1
1717631865360 0.1994976545850296 2
1717631866405 0.21480327999540347 3
1717631867480 0.28056488760953724 4
1717631868572 0.2862815755311995 5
1717631869634 0.3055503665981166 6
1717631870633 0.32248486000111715 7
1717631871657 0.3327025755087493 8
1717631872662 0.328224483151956 9
1717631873735 0.3245544292453277 10
1717631874881 0.33066711814746214 11
1717631875960 0.33644677986328286 12
1717631876950 0.34065821855710204 13
1717631877905 0.34701204934759156 14
1717631878996 0.3567360036643486 15
1717631880033 0.36825277980526155 16
