1717710905088 0.17090481467415736 1
1717710906276 0.2849987712113521 2
1717710907468 0.3294135627747739 3
1717710908718 0.34708713443595807 4
1717710909923 0.3482239103218188 5
1717710911182 0.35498951496448644 6
1717710912334 0.35433344523260574 7
1717710913447 0.3610950186560649 8
1717710914641 0.3582693589753466 9
1717710915924 0.3630119103195887 10
1717710917140 0.36158950739843637 11
1717710918366 0.36570507225857507 12
1717710919661 0.3647114273036078 13
1717710920775 0.36831883653113534 14
1717710921960 0.36820377361639334 15
1717710923090 0.37071782852058793 16
1717710924249 0.3695730814882846 17
1717710925579 0.37020083470958776 18
1717710926851 0.3715244224160145 19
1717710928085 0.37074619349360793 20
1717710929284 0.37192157855186636 21
1717710930597 0.37383597866476054 22
1717710931874 0.3714273618335503 23
1717710933150 0.3759271754501767 24
1717710934418 0.3734362250712978 25
1717710935864 0.3756048287603039 26
1717710937027 0.37553318535563723 27
1717710938202 0.3782642001421472 28
1717710939459 0.3755486988114786 29
1717710940578 0.37917316934270207 30
1717710941756 0.3762839482337534 31
1717710943140 0.38030521966716585 32
1717710944572 0.3779085712992311 33
1717710945727 0.3814904303851099 34
1717710946859 0.38147673453762154 35
1717710948008 0.38011616543602134 36
1717710949219 0.38213278499820014 37
1717710950533 0.3819405618556143 38
1717710951870 0.38156717380396055 39
1717710953241 0.3823529734891039 40
1717710954526 0.3839301933218278 41
1717710955728 0.38275095703195633 42
1717710956887 0.3828620611092922 43
1717710958062 0.381936938328933 44
1717710959286 0.38290585505882635 45
1717710960693 0.3824080151078948 46
1717710961871 0.3825979745523896 47
1717710962991 0.38334863798702823 48
1717710964135 0.38463474026859185 49
1717710965368 0.3856341778136829 50
1717710966601 0.38479979139464876 51
1717710967772 0.3858247981802479 52
1717710968896 0.38671003388996894 53
1717710970142 0.38685758549787613 54
1717710971438 0.3886302595301822 55
1717710972660 0.3869882047005888 56
1717710973901 0.38842458254013035 57
1717710975163 0.38671388374954474 58
1717710976359 0.391042295604582 59
1717710977504 0.3893473575271203 60
1717710978630 0.39315953272831133 61
1717710979803 0.3892182066192422 62
1717710980977 0.39232785802978953 63
1717710982205 0.39303659518240974 64
1717710983509 0.3929678570388798 65
1717710984975 0.39441000331460085 66
1717710986200 0.39226409526299144 67
1717710987704 0.3950204576028262 68
1717710988813 0.39576924905632277 69
1717710989996 0.3927865932179868 70
1717710991196 0.39540391067542746 71
1717710992438 0.39678742875757184 72
1717710993615 0.39508456498498323 73
1717710994813 0.3972925282819489 74
1717710996074 0.39671164415516635 75
1717710997427 0.3968337385937654 76
1717710998547 0.395194996338726 77
1717710999655 0.39747831051119925 78
1717711000850 0.3997423195412162 79
1717711002068 0.3997485315114859 80
1717711003208 0.39807044329562347 81
1717711004360 0.39830808871663903 82
1717711005472 0.39532674147551655 83
1717711006649 0.40043844649973903 84
1717711008015 0.3987370033822111 85
1717711009288 0.39955846738768536 86
1717711010411 0.4012371930559475 87
1717711011506 0.40088009954138737 88
1717711012742 0.40174424136281517 89
1717711013889 0.40202638998372914 90
1717711015173 0.4033406163607528 91
1717711016288 0.4006758041352845 92
1717711017404 0.4013210232964705 93
1717711018550 0.4028623878504911 94
1717711019662 0.4027381844840949 95
1717711020849 0.40195375576369735 96
1717711022004 0.4037213041464001 97
1717711023108 0.40319948105525505 98
1717711024199 0.40456050608573974 99
