1717260440663 67698.0 1
1717260442608 61156.0 2
1717260444514 74603.0 3
1717260446452 77029.0 4
1717260448348 79778.0 5
1717260450278 79447.0 6
1717260452237 79501.0 7
1717260454161 80768.0 8
1717260456145 80975.0 9
1717260458042 80118.0 10
1717260460024 81072.0 11
1717260461928 79768.0 12
1717260463908 79109.0 13
1717260465853 80915.0 14
1717260467757 80431.0 15
1717260469664 80303.0 16
1717260471629 79854.0 17
1717260473554 79408.0 18
1717260475529 79113.0 19
1717260477454 79475.0 20
1717260479371 79357.0 21
1717260481366 79225.0 22
1717260483280 79632.0 23
1717260485236 79825.0 24
1717260487192 79456.0 25
1717260489143 79722.0 26
1717260491098 79862.0 27
1717260493019 79825.0 28
1717260495037 78569.0 29
1717260496986 79665.0 30
1717260498934 79406.0 31
1717260500904 79414.0 32
1717260502840 79829.0 33
1717260504762 79336.0 34
1717260506728 79403.0 35
1717260508697 79968.0 36
1717260510666 79583.0 37
1717260512591 79213.0 38
1717260514570 79397.0 39
1717260516530 79343.0 40
1717260518505 79438.0 41
1717260520444 79407.0 42
1717260522349 79612.0 43
1717260524300 79493.0 44
1717260526241 79374.0 45
1717260528164 79564.0 46
1717260530090 79414.0 47
1717260532026 79367.0 48
1717260533965 79526.0 49
1717260535900 79349.0 50
1717260537880 79178.0 51
1717260539892 79124.0 52
1717260541878 79574.0 53
1717260543883 80053.0 54
1717260545869 79793.0 55
1717260547834 79247.0 56
1717260549773 78740.0 57
1717260551746 79642.0 58
1717260553728 79450.0 59
1717260555706 79153.0 60
1717260557666 79558.0 61
1717260559673 79685.0 62
1717260561634 79509.0 63
1717260563600 79605.0 64
1717260565607 79925.0 65
1717260567571 79568.0 66
1717260569575 79243.0 67
1717260571554 79137.0 68
1717260573477 79613.0 69
1717260575508 79539.0 70
1717260577446 79451.0 71
1717260579379 79788.0 72
1717260581370 79763.0 73
1717260583307 79453.0 74
1717260585269 79577.0 75
1717260587219 79594.0 76
1717260589169 79555.0 77
1717260591207 79485.0 78
1717260593184 79664.0 79
1717260595157 79794.0 80
1717260597084 80023.0 81
1717260599036 79796.0 82
1717260600980 79787.0 83
1717260602923 79602.0 84
1717260604885 80103.0 85
1717260606849 79951.0 86
1717260608792 79721.0 87
1717260610747 80062.0 88
1717260612676 80084.0 89
1717260614572 79918.0 90
1717260616539 79543.0 91
1717260618449 79958.0 92
1717260620412 80074.0 93
1717260622357 79868.0 94
1717260624324 79649.0 95
1717260626303 79985.0 96
1717260628264 80098.0 97
1717260630210 80241.0 98
1717260632137 79797.0 99
