1710588103413 0.18469099700450897 1
1710588103474 0.12850531935691833 2
1710588103534 0.19865144789218903 3
1710588103596 0.12850531935691833 4
1710588103659 0.19865144789218903 5
1710588103726 0.12850531935691833 6
1710588103784 0.19865144789218903 7
1710588103852 0.12850531935691833 8
1710588103913 0.19865144789218903 9
1710588103971 0.12850531935691833 10
1710588104033 0.19865144789218903 11
1710588104096 0.12850531935691833 12
1710588104158 0.19865144789218903 13
1710588104219 0.12850531935691833 14
