1717694514041 1.5374728441238403 1
1717694515759 1.3531314134597778 2
1717694517391 1.2882027626037598 3
1717694519109 1.218558669090271 4
1717694520656 1.1986539363861084 5
1717694522238 1.2007601261138916 6
1717694523836 1.1982812881469727 7
1717694525617 1.197175145149231 8
1717694527468 1.1957927942276 9
1717694529277 1.193081259727478 10
1717694530736 1.1450451612472534 11
1717694532192 0.9751331210136414 12
1717694533808 0.9438971281051636 13
1717694535517 0.9292391538619995 14
1717694537249 0.9204220175743103 15
1717694538760 0.9143795371055603 16
1717694540354 0.909856915473938 17
1717694542211 0.9027318358421326 18
1717694543753 0.8961995840072632 19
1717694545470 0.8882719278335571 20
1717694547041 0.877391517162323 21
1717694548596 0.8688305020332336 22
1717694550030 0.8582876920700073 23
1717694551758 0.8479278087615967 24
1717694553403 0.8402674198150635 25
1717694554985 0.8321249485015869 26
1717694556747 0.818313479423523 27
1717694558268 0.8106475472450256 28
1717694559719 0.7980371713638306 29
1717694561390 0.7833219766616821 30
1717694562864 0.7694669961929321 31
1717694564399 0.7619826793670654 32
1717694565983 0.7509855628013611 33
1717694567683 0.7384986281394958 34
1717694569441 0.7327027320861816 35
1717694570900 0.7267836332321167 36
1717694572617 0.7229803204536438 37
1717694574103 0.7190136909484863 38
1717694575824 0.7154892683029175 39
1717694577478 0.7117810249328613 40
1717694579039 0.7083626985549927 41
1717694580660 0.7061759829521179 42
1717694582426 0.7040346264839172 43
1717694584365 0.7020529508590698 44
1717694586198 0.7009434103965759 45
1717694587765 0.7000672221183777 46
1717694589392 0.7002924084663391 47
1717694590859 0.7026525735855103 48
1717694592513 0.7064633965492249 49
1717694594100 0.7063958644866943 50
1717694595676 0.6919508576393127 51
1717694597219 0.6876428723335266 52
1717694598794 0.6896823048591614 53
1717694600368 0.6882269382476807 54
1717694601756 0.685433566570282 55
1717694603209 0.6836540102958679 56
1717694604959 0.6829298138618469 57
1717694606712 0.6820175647735596 58
1717694608321 0.6807875633239746 59
1717694610110 0.6795408129692078 60
1717694611785 0.676567018032074 61
1717694613468 0.6749735474586487 62
1717694615091 0.6745421886444092 63
1717694616488 0.6737491488456726 64
1717694618258 0.6722134351730347 65
1717694619877 0.6703583002090454 66
1717694621407 0.6695070266723633 67
1717694622886 0.6685119271278381 68
1717694624370 0.667678713798523 69
1717694625751 0.6662020683288574 70
1717694627275 0.6653409004211426 71
1717694628961 0.6641699075698853 72
1717694630704 0.6631563305854797 73
1717694632453 0.6629054546356201 74
1717694633975 0.6621419787406921 75
1717694635505 0.6597924828529358 76
1717694637011 0.6586233377456665 77
1717694638498 0.6586432456970215 78
1717694640105 0.6580713987350464 79
1717694641694 0.6573700308799744 80
1717694643173 0.6559243202209473 81
1717694644631 0.656061589717865 82
1717694646143 0.6544829607009888 83
1717694647606 0.653822124004364 84
1717694649152 0.6525568962097168 85
1717694650778 0.6520717144012451 86
1717694652199 0.6515946388244629 87
1717694653635 0.6522438526153564 88
1717694655203 0.6496630311012268 89
1717694656707 0.6496309638023376 90
1717694658182 0.6483207941055298 91
1717694659765 0.6484857797622681 92
1717694661359 0.6474406719207764 93
1717694663055 0.6476490497589111 94
1717694664517 0.6475905776023865 95
1717694666002 0.6456369161605835 96
1717694667436 0.6452269554138184 97
1717694668966 0.6444439888000488 98
1717694670556 0.6443650722503662 99
