1717694514041 1.0 1
1717694515759 0.9453406763936999 2
1717694517391 0.739787562904959 3
1717694519109 0.739787562904959 4
1717694520656 0.739787562904959 5
1717694522238 0.739787562904959 6
1717694523836 0.739787562904959 7
1717694525617 0.739787562904959 8
1717694527468 0.739787562904959 9
1717694529277 0.739787562904959 10
1717694530736 0.739787562904959 11
1717694532192 0.9639093095616736 12
1717694533808 0.9612508603788861 13
1717694535517 0.9809030901904027 14
1717694537249 0.9704496078518444 15
1717694538760 0.9517314083926296 16
1717694540354 0.9431866262727123 17
1717694542211 0.9559381200619789 18
1717694543753 0.9464439493000177 19
1717694545470 0.9501776000624688 20
1717694547041 0.9421652370490766 21
1717694548596 0.9296148582007715 22
1717694550030 0.9161054625203994 23
1717694551758 0.8903687024087703 24
1717694553403 0.8864401632222602 25
1717694554985 0.8755726533197591 26
1717694556747 0.8864123244550058 27
1717694558268 0.8663380659934139 28
1717694559719 0.8711334532257778 29
1717694561390 0.8846165030043993 30
1717694562864 0.8874395372944505 31
1717694564399 0.8696507521264888 32
1717694565983 0.8804514100089266 33
1717694567683 0.8871573731519283 34
1717694569441 0.8861448310004634 35
1717694570900 0.8875311047780898 36
1717694572617 0.8896502199104116 37
1717694574103 0.8922680561302102 38
1717694575824 0.8932943776535524 39
1717694577478 0.8948646360607109 40
1717694579039 0.8976595555171037 41
1717694580660 0.8959639747934537 42
1717694582426 0.8973449614772235 43
1717694584365 0.8967508688699671 44
1717694586198 0.8965881227715963 45
1717694587765 0.894598601207965 46
1717694589392 0.8906089009992727 47
1717694590859 0.8873035068036742 48
1717694592513 0.8840535787751963 49
1717694594100 0.8890365667092445 50
1717694595676 0.9039831730297778 51
1717694597219 0.9071103858269267 52
1717694598794 0.9012115240454719 53
1717694600368 0.9008835383143523 54
1717694601756 0.9030150957216129 55
1717694603209 0.9026470874414209 56
1717694604959 0.9026269185842589 57
1717694606712 0.9017240828736789 58
1717694608321 0.9022521965262399 59
1717694610110 0.9026778378067872 60
1717694611785 0.9048991627924167 61
1717694613468 0.9043378318632949 62
1717694615091 0.9032671686371269 63
1717694616488 0.902500886571783 64
1717694618258 0.903870689773088 65
1717694619877 0.9040268384094666 66
1717694621407 0.9036131513254949 67
1717694622886 0.9047815186803191 68
1717694624370 0.9064803524394055 69
1717694625751 0.9044868979018398 70
1717694627275 0.905398833870398 71
1717694628961 0.904520092429629 72
1717694630704 0.9052354415918679 73
1717694632453 0.9039756671154999 74
1717694633975 0.9065345108782271 75
1717694635505 0.9070349263679102 76
1717694637011 0.9068587438337993 77
1717694638498 0.9061782304300565 78
1717694640105 0.9060420862925033 79
1717694641694 0.9065219542190112 80
1717694643173 0.9053746149580936 81
1717694644631 0.9058461100418616 82
1717694646143 0.9069507639515214 83
1717694647606 0.9077022649381119 84
1717694649152 0.907315977829956 85
1717694650778 0.9072163639986622 86
1717694652199 0.9065804628866568 87
1717694653635 0.9077187007670715 88
1717694655203 0.9074377489663756 89
1717694656707 0.9085789457593827 90
1717694658182 0.9083640971781936 91
1717694659765 0.907806176602657 92
1717694661359 0.9079260944682703 93
1717694663055 0.9079568721724498 94
1717694664517 0.9089568105287333 95
1717694666002 0.9091791899314563 96
1717694667436 0.9104724403873213 97
1717694668966 0.9097841553292128 98
1717694670556 0.909140783592794 99
