1717694514041 33321.0 1
1717694515759 33321.0 2
1717694517391 33321.0 3
1717694519109 33321.0 4
1717694520656 33321.0 5
1717694522238 33321.0 6
1717694523836 33321.0 7
1717694525617 33321.0 8
1717694527468 33321.0 9
1717694529277 33321.0 10
1717694530736 33321.0 11
1717694532192 33321.0 12
1717694533808 33321.0 13
1717694535517 33321.0 14
1717694537249 33321.0 15
1717694538760 33321.0 16
1717694540354 33321.0 17
1717694542211 33321.0 18
1717694543753 33321.0 19
1717694545470 33321.0 20
1717694547041 33321.0 21
1717694548596 33321.0 22
1717694550030 33321.0 23
1717694551758 33321.0 24
1717694553403 33321.0 25
1717694554985 33321.0 26
1717694556747 33321.0 27
1717694558268 33321.0 28
1717694559719 33321.0 29
1717694561390 33321.0 30
1717694562864 33321.0 31
1717694564399 33321.0 32
1717694565983 33321.0 33
1717694567683 33321.0 34
1717694569441 33321.0 35
1717694570900 33321.0 36
1717694572617 33321.0 37
1717694574103 33321.0 38
1717694575824 33321.0 39
1717694577478 33321.0 40
1717694579039 33321.0 41
1717694580660 33321.0 42
1717694582426 33321.0 43
1717694584365 33321.0 44
1717694586198 33321.0 45
1717694587765 33321.0 46
1717694589392 33321.0 47
1717694590859 33321.0 48
1717694592513 33321.0 49
1717694594100 33321.0 50
1717694595676 33321.0 51
1717694597219 33321.0 52
1717694598794 33321.0 53
1717694600368 33321.0 54
1717694601756 33321.0 55
1717694603209 33321.0 56
1717694604959 33321.0 57
1717694606712 33321.0 58
1717694608321 33321.0 59
1717694610110 33321.0 60
1717694611785 33321.0 61
1717694613468 33321.0 62
1717694615091 33321.0 63
1717694616488 33321.0 64
1717694618258 33321.0 65
1717694619877 33321.0 66
1717694621407 33321.0 67
1717694622886 33321.0 68
1717694624370 33321.0 69
1717694625751 33321.0 70
1717694627275 33321.0 71
1717694628961 33321.0 72
1717694630704 33321.0 73
1717694632453 33321.0 74
1717694633975 33321.0 75
1717694635505 33321.0 76
1717694637011 33321.0 77
1717694638498 33321.0 78
1717694640105 33321.0 79
1717694641694 33321.0 80
1717694643173 33321.0 81
1717694644631 33321.0 82
1717694646143 33321.0 83
1717694647606 33321.0 84
1717694649152 33321.0 85
1717694650778 33321.0 86
1717694652199 33321.0 87
1717694653635 33321.0 88
1717694655203 33321.0 89
1717694656707 33321.0 90
1717694658182 33321.0 91
1717694659765 33321.0 92
1717694661359 33321.0 93
1717694663055 33321.0 94
1717694664517 33321.0 95
1717694666002 33321.0 96
1717694667436 33321.0 97
1717694668966 33321.0 98
1717694670556 33321.0 99
