1717240571712 1.0693042278289795 1
1717240572185 0.962256908416748 2
1717240572652 0.9454938173294067 3
1717240573135 0.9310963153839111 4
1717240573615 0.9193820953369141 5
1717240574075 0.9088941812515259 6
1717240574529 0.8988288044929504 7
1717240574965 0.8878785967826843 8
1717240575442 0.8735858798027039 9
1717240575905 0.860771656036377 10
1717240576360 0.8496362566947937 11
1717240576820 0.8402768969535828 12
1717240577269 0.8289236426353455 13
1717240577729 0.820153534412384 14
1717240578186 0.8115580677986145 15
1717240578739 0.8056254982948303 16
1717240579261 0.800134003162384 17
1717240579712 0.7950660586357117 18
1717240580160 0.7900943756103516 19
1717240580624 0.7858791947364807 20
1717240581077 0.7817438244819641 21
1717240581527 0.7785760760307312 22
1717240582001 0.7739731073379517 23
1717240582452 0.7683678269386292 24
1717240582893 0.7652700543403625 25
1717240583361 0.7632943391799927 26
1717240583817 0.7600316405296326 27
1717240584268 0.7577583193778992 28
1717240584733 0.7564120292663574 29
1717240585198 0.7533576488494873 30
1717240585675 0.7502248883247375 31
1717240586158 0.7482113838195801 32
1717240586623 0.7473068833351135 33
1717240587093 0.7482133507728577 34
1717240587576 0.7423126697540283 35
1717240588057 0.7411964535713196 36
1717240588578 0.7424281239509583 37
1717240589168 0.7379862666130066 38
1717240589651 0.7391229271888733 39
1717240590131 0.7352344393730164 40
1717240590617 0.7352623343467712 41
1717240591097 0.7330085039138794 42
1717240591569 0.7325239181518555 43
1717240592031 0.7319195866584778 44
1717240592486 0.7295384407043457 45
1717240592951 0.7295520305633545 46
1717240593406 0.727374255657196 47
1717240593856 0.7263869643211365 48
1717240594311 0.7257912158966064 49
1717240594761 0.7238643765449524 50
1717240595240 0.7239855527877808 51
1717240595710 0.7249743938446045 52
1717240596176 0.7214374542236328 53
1717240596633 0.7220685482025146 54
1717240597106 0.719312846660614 55
1717240597549 0.7197566628456116 56
1717240598006 0.7205974459648132 57
1717240598463 0.7171130776405334 58
1717240598933 0.7163857221603394 59
1717240599391 0.7159548997879028 60
1717240599920 0.7161614298820496 61
1717240600457 0.7149978280067444 62
1717240600930 0.7142168283462524 63
1717240601410 0.7141631841659546 64
1717240601880 0.7130393385887146 65
1717240602361 0.7132638692855835 66
1717240602826 0.7124425172805786 67
1717240603308 0.7109395265579224 68
1717240603780 0.7108256816864014 69
1717240604370 0.7101765275001526 70
1717240605027 0.709054172039032 71
1717240605587 0.7090024352073669 72
1717240606141 0.7082867622375488 73
1717240606744 0.7082133293151855 74
1717240607307 0.7064507007598877 75
1717240607867 0.7063619494438171 76
1717240608299 0.7047688364982605 77
1717240608747 0.7060450315475464 78
1717240609181 0.7037540078163147 79
1717240609605 0.7037061452865601 80
1717240610033 0.7025120258331299 81
1717240610500 0.7026362419128418 82
1717240610908 0.7015885710716248 83
1717240611344 0.7017717957496643 84
1717240611766 0.7007471323013306 85
1717240612189 0.7001125812530518 86
1717240612616 0.700188934803009 87
1717240613038 0.6992167234420776 88
1717240613451 0.697941243648529 89
1717240613862 0.6972497701644897 90
1717240614285 0.69623863697052 91
1717240614721 0.6960298418998718 92
1717240615146 0.6961032748222351 93
1717240615581 0.6935787200927734 94
1717240616030 0.6922926902770996 95
1717240616475 0.6921709775924683 96
1717240616899 0.6911070942878723 97
1717240617321 0.6903102993965149 98
1717240617757 0.6877965331077576 99
