1717240571712 0.9412546994613811 1
1717240572185 0.9570294164821742 2
1717240572652 0.9526019487758157 3
1717240573135 0.9499119067883782 4
1717240573615 0.9442257904299445 5
1717240574075 0.9382866081749967 6
1717240574529 0.9336041344243383 7
1717240574965 0.9218549102151402 8
1717240575442 0.9124826792141532 9
1717240575905 0.9090549482781111 10
1717240576360 0.9043359743235387 11
1717240576820 0.9030461049114421 12
1717240577269 0.906142385388676 13
1717240577729 0.9023923082244202 14
1717240578186 0.9011166472436671 15
1717240578739 0.8981344123598857 16
1717240579261 0.8967693998196617 17
1717240579712 0.8955322373900361 18
1717240580160 0.8939727606451456 19
1717240580624 0.8927962494852774 20
1717240581077 0.8915203947146425 21
1717240581527 0.8901887470688251 22
1717240582001 0.8909457588688895 23
1717240582452 0.891990033014881 24
1717240582893 0.8902789793594171 25
1717240583361 0.8895013453668884 26
1717240583817 0.8879074347410744 27
1717240584268 0.8866792141635935 28
1717240584733 0.885715030431737 29
1717240585198 0.8850519475820636 30
1717240585675 0.8871527435606251 31
1717240586158 0.8864777440391358 32
1717240586623 0.8838451819308651 33
1717240587093 0.8835731506257641 34
1717240587576 0.8844367796089212 35
1717240588057 0.884375935854042 36
1717240588578 0.8822931814615799 37
1717240589168 0.8832995505207281 38
1717240589651 0.8815767231458139 39
1717240590131 0.8833108661388174 40
1717240590617 0.8810358989485712 41
1717240591097 0.882438700410099 42
1717240591569 0.8809105573037379 43
1717240592031 0.8819218709014078 44
1717240592486 0.8826140195454893 45
1717240592951 0.8822279034270057 46
1717240593406 0.8820393217929786 47
1717240593856 0.8810237824602117 48
1717240594311 0.8815395559702527 49
1717240594761 0.881839635378915 50
1717240595240 0.8811629673817688 51
1717240595710 0.8807069067449047 52
1717240596176 0.8822038647049982 53
1717240596633 0.8808866179888476 54
1717240597106 0.8824543746113868 55
1717240597549 0.8803331198525078 56
1717240598006 0.8795597231700791 57
1717240598463 0.8822594805211569 58
1717240598933 0.8827531171977764 59
1717240599391 0.8816521501439504 60
1717240599920 0.8811674008877844 61
1717240600457 0.8817025274140614 62
1717240600930 0.8816704121891629 63
1717240601410 0.8812591062133187 64
1717240601880 0.8822572553496627 65
1717240602361 0.8812078531824372 66
1717240602826 0.8821029538566113 67
1717240603308 0.8815111736642102 68
1717240603780 0.8814876879215813 69
1717240604370 0.8817519108706818 70
1717240605027 0.8824695916431068 71
1717240605587 0.8823170347726341 72
1717240606141 0.8819257386751106 73
1717240606744 0.8820652756758186 74
1717240607307 0.8824560198293008 75
1717240607867 0.8825531502104509 76
1717240608299 0.883415911344404 77
1717240608747 0.8824869566168841 78
1717240609181 0.8837637431323607 79
1717240609605 0.8832636558429905 80
1717240610033 0.8837163171666067 81
1717240610500 0.8834576674074147 82
1717240610908 0.8845924039600132 83
1717240611344 0.8837247446184016 84
1717240611766 0.8844077502748767 85
1717240612189 0.885009943354697 86
1717240612616 0.884325746550541 87
1717240613038 0.8839526941081289 88
1717240613451 0.8856028858284065 89
1717240613862 0.8863141062934341 90
1717240614285 0.8865731656388529 91
1717240614721 0.8867230166737562 92
1717240615146 0.8864770387082381 93
1717240615581 0.8884495872472115 94
1717240616030 0.8891546418112589 95
1717240616475 0.8882370559299442 96
1717240616899 0.8890251544049846 97
1717240617321 0.8900020277694513 98
1717240617757 0.8909447186158316 99
