1717342079428 0.13551555573940277 1
1717342081276 0.13201449811458588 2
1717342083076 0.12546223402023315 3
1717342084928 0.12282062321901321 4
1717342086832 0.11679970473051071 5
1717342088647 0.10548947751522064 6
1717342090406 0.10752144455909729 7
1717342092189 0.10378094017505646 8
1717342094011 0.07279080897569656 9
1717342095817 0.047026392072439194 10
1717342097631 0.022338883951306343 11
1717342099402 0.015912627801299095 12
1717342101245 0.009267539717257023 13
1717342103040 0.005226434208452702 14
1717342104847 0.002573455451056361 15
1717342106619 0.0034749002661556005 16
1717342108525 0.0017331881681457162 17
1717342110373 0.0009325503488071263 18
1717342112170 0.0012762740952894092 19
1717342113946 0.0005731337005272508 20
1717342115826 0.001903455937281251 21
1717342117588 0.0011104700388386846 22
1717342119408 0.0008667989750392735 23
1717342121213 0.0015935179544612765 24
1717342123012 0.0003990009718108922 25
1717342124876 0.0004024480585940182 26
1717342126675 0.00037885751225985587 27
1717342128506 0.0004674401134252548 28
1717342130301 0.0005207642680034041 29
1717342132043 0.0007993209874257445 30
1717342133873 0.00037894307752139866 31
1717342135690 0.001798264216631651 32
1717342137481 0.001617517089471221 33
1717342139266 0.0037135991733521223 34
1717342141061 0.0019036401063203812 35
1717342142848 0.0007645557052455842 36
1717342144672 0.0007042900542728603 37
1717342146473 0.0005031421314924955 38
1717342148302 0.00037903391057625413 39
1717342150104 0.0004086674889549613 40
1717342151936 0.00013682604185305536 41
1717342153745 0.0011581487488001585 42
1717342155573 0.0021749588195234537 43
1717342157370 0.0007152542239055037 44
1717342159203 0.0003151521668769419 45
1717342161034 0.00016705399320926517 46
1717342162891 0.000267409544903785 47
1717342164728 0.0 48
1717342166572 0.00017795967869460583 49
1717342168375 0.0019997030030936003 50
1717342170208 0.0007389102829620242 51
1717342171961 0.00014808349078521132 52
1717342173757 0.0008049028692767024 53
1717342175500 0.0005028938176110387 54
1717342177386 6.877342821098864e-05 55
1717342179186 0.0004805194039363414 56
1717342181008 0.0 57
1717342182790 0.0013742240844294429 58
1717342184545 0.000743619108106941 59
1717342186379 0.0002838578075170517 60
1717342188283 0.00035710615338757634 61
1717342190047 0.0 62
1717342191834 0.00014497453230433166 63
1717342193778 6.532745464937761e-05 64
1717342195558 6.920655141584575e-05 65
1717342197740 6.917543214512989e-05 66
1717342199523 0.00013459980254992843 67
1717342201290 0.0 68
1717342203082 6.930007657501847e-05 69
1717342204936 0.0 70
1717342206757 0.0 71
1717342208555 0.0 72
1717342210367 0.00013785497867502272 73
1717342212191 0.00013422408665064722 74
1717342213951 0.0 75
1717342215726 0.00020733982091769576 76
1717342217522 0.0002173441753257066 77
1717342219263 0.0001639387774048373 78
1717342221015 6.521667819470167e-05 79
1717342222825 0.000724135257769376 80
1717342224578 0.0004019760526716709 81
1717342226361 0.00035296674468554556 82
1717342228194 0.00013521780783776194 83
1717342230014 6.868131458759308e-05 84
1717342231777 6.535520515171811e-05 85
1717342233551 7.897646719356999e-05 86
1717342235396 0.0003920427698176354 87
1717342237176 0.0007472669240087271 88
1717342238928 0.00035984659916721284 89
1717342240716 0.00015827793686185032 90
1717342242549 0.00021639153419528157 91
1717342244299 0.0 92
1717342246085 0.0003399051493033767 93
1717342247866 0.0 94
1717342249714 0.0004907333641313016 95
1717342251526 0.0001633406209293753 96
1717342253364 0.0005104868323542178 97
1717342255187 0.00014478886441793293 98
1717342256953 0.00022254433133639395 99
