1717342079428 25972.0 1
1717342081276 25972.0 2
1717342083076 25972.0 3
1717342084928 25972.0 4
1717342086832 25972.0 5
1717342088647 25972.0 6
1717342090406 25972.0 7
1717342092189 25972.0 8
1717342094011 25972.0 9
1717342095817 25972.0 10
1717342097631 25972.0 11
1717342099402 25972.0 12
1717342101245 25972.0 13
1717342103040 25972.0 14
1717342104847 25972.0 15
1717342106619 25972.0 16
1717342108525 25972.0 17
1717342110373 25972.0 18
1717342112170 25972.0 19
1717342113946 25972.0 20
1717342115826 25972.0 21
1717342117588 25972.0 22
1717342119408 25972.0 23
1717342121213 25972.0 24
1717342123012 25972.0 25
1717342124876 25972.0 26
1717342126675 25972.0 27
1717342128506 25972.0 28
1717342130301 25972.0 29
1717342132043 25972.0 30
1717342133873 25972.0 31
1717342135690 25972.0 32
1717342137481 25972.0 33
1717342139266 25972.0 34
1717342141061 25972.0 35
1717342142848 25972.0 36
1717342144672 25972.0 37
1717342146473 25972.0 38
1717342148302 25972.0 39
1717342150104 25972.0 40
1717342151936 25972.0 41
1717342153745 25972.0 42
1717342155573 25972.0 43
1717342157370 25972.0 44
1717342159203 25972.0 45
1717342161034 25972.0 46
1717342162891 25972.0 47
1717342164728 25972.0 48
1717342166572 25972.0 49
1717342168375 25972.0 50
1717342170208 25972.0 51
1717342171961 25972.0 52
1717342173757 25972.0 53
1717342175500 25972.0 54
1717342177386 25972.0 55
1717342179186 25972.0 56
1717342181008 25972.0 57
1717342182790 25972.0 58
1717342184545 25972.0 59
1717342186379 25972.0 60
1717342188283 25972.0 61
1717342190047 25972.0 62
1717342191834 25972.0 63
1717342193778 25972.0 64
1717342195558 25972.0 65
1717342197740 25972.0 66
1717342199523 25972.0 67
1717342201290 25972.0 68
1717342203082 25972.0 69
1717342204936 25972.0 70
1717342206757 25972.0 71
1717342208555 25972.0 72
1717342210367 25972.0 73
1717342212191 25972.0 74
1717342213951 25972.0 75
1717342215726 25972.0 76
1717342217522 25972.0 77
1717342219263 25972.0 78
1717342221015 25972.0 79
1717342222825 25972.0 80
1717342224578 25972.0 81
1717342226361 25972.0 82
1717342228194 25972.0 83
1717342230014 25972.0 84
1717342231777 25972.0 85
1717342233551 25972.0 86
1717342235396 25972.0 87
1717342237176 25972.0 88
1717342238928 25972.0 89
1717342240716 25972.0 90
1717342242549 25972.0 91
1717342244299 25972.0 92
1717342246085 25972.0 93
1717342247866 25972.0 94
1717342249714 25972.0 95
1717342251526 25972.0 96
1717342253364 25972.0 97
1717342255187 25972.0 98
1717342256953 25972.0 99
