1717342079428 0.6759852127988439 1
1717342081276 0.7107978819796412 2
1717342083076 0.7369907633608646 3
1717342084928 0.8026995998355537 4
1717342086832 0.8545921359329475 5
1717342088647 0.8793384082237912 6
1717342090406 0.8774849743773022 7
1717342092189 0.877961227988611 8
1717342094011 0.9171082330173661 9
1717342095817 0.9395425895738292 10
1717342097631 0.9495228830123608 11
1717342099402 0.9519620615227468 12
1717342101245 0.9540511212494678 13
1717342103040 0.9549389662214721 14
1717342104847 0.955515027454026 15
1717342106619 0.9558545346393318 16
1717342108525 0.9558049538203295 17
1717342110373 0.9561464006169705 18
1717342112170 0.9562250528178919 19
1717342113946 0.956273803201448 20
1717342115826 0.9561481688802389 21
1717342117588 0.9564083959281895 22
1717342119408 0.9563386788148722 23
1717342121213 0.9563435168382094 24
1717342123012 0.9563802201612658 25
1717342124876 0.9564445217804317 26
1717342126675 0.9563708195500253 27
1717342128506 0.9564792701568816 28
1717342130301 0.9565622695579417 29
1717342132043 0.9563143574179741 30
1717342133873 0.9564726003237097 31
1717342135690 0.9563830545505888 32
1717342137481 0.9564520388134413 33
1717342139266 0.956131269851783 34
1717342141061 0.9562811316192087 35
1717342142848 0.9563362032010444 36
1717342144672 0.956437824275074 37
1717342146473 0.9565349854184435 38
1717342148302 0.9564219291042968 39
1717342150104 0.9565072442454752 40
1717342151936 0.9564732129619252 41
1717342153745 0.9564345526094336 42
1717342155573 0.9563042057634471 43
1717342157370 0.9565803354841189 44
1717342159203 0.9565278523338817 45
1717342161034 0.9565417146408551 46
1717342162891 0.9563966420672259 47
1717342164728 0.95658321442563 48
1717342166572 0.9565855237962715 49
1717342168375 0.9564810758920553 50
1717342170208 0.9564872175860007 51
1717342171961 0.956553046171929 52
1717342173757 0.9565449883661638 53
1717342175500 0.9565021717726298 54
1717342177386 0.9565655953819666 55
1717342179186 0.9564605048502359 56
1717342181008 0.956581984381825 57
1717342182790 0.9565329866230274 58
1717342184545 0.9565427144522075 59
1717342186379 0.9565258051923232 60
1717342188283 0.9564968304632567 61
1717342190047 0.9565479313018048 62
1717342191834 0.956570516378594 63
1717342193778 0.9565857800207712 64
1717342195558 0.9565871178497531 65
1717342197740 0.956587392144708 66
1717342199523 0.956587217859936 67
1717342201290 0.9565698493087703 68
1717342203082 0.956564452718903 69
1717342204936 0.9565925492345794 70
1717342206757 0.9565856445250366 71
1717342208555 0.9565924127742981 72
1717342210367 0.9565809779027254 73
1717342212191 0.9565953556046202 74
1717342213951 0.9565853103303021 75
1717342215726 0.9565815700920451 76
1717342217522 0.9565711580242096 77
1717342219263 0.9565336516596011 78
1717342221015 0.9565659406105385 79
1717342222825 0.9565423767523279 80
1717342224578 0.9565392318779394 81
1717342226361 0.9565792485489665 82
1717342228194 0.9565851104667078 83
1717342230014 0.9565710304366104 84
1717342231777 0.956582858677264 85
1717342233551 0.9565849775474622 86
1717342235396 0.9565695877923626 87
1717342237176 0.9565511489664907 88
1717342238928 0.956552520552975 89
1717342240716 0.9565549135337096 90
1717342242549 0.9565663161093548 91
1717342244299 0.9565696536281455 92
1717342246085 0.9565715240247861 93
1717342247866 0.9565722083251154 94
1717342249714 0.9565438892334492 95
1717342251526 0.9565939810356235 96
1717342253364 0.956569663565894 97
1717342255187 0.9565669049672054 98
1717342256953 0.9565743107537441 99
