1717342079428 0.08008793085421685 1
1717342081276 0.07937830481453963 2
1717342083076 0.0766961875708244 3
1717342084928 0.08041899435869262 4
1717342086832 0.08391641675301588 5
1717342088647 0.08207143508170917 6
1717342090406 0.08378682507776837 7
1717342092189 0.08017670885556044 8
1717342094011 0.07535177001546835 9
1717342095817 0.07806102569967092 10
1717342097631 0.07209161670233556 11
1717342099402 0.07992273981943233 12
1717342101245 0.07621677047904686 13
1717342103040 0.06500189276743634 14
1717342104847 0.040477852331289504 15
1717342106619 0.06590191627681521 16
1717342108525 0.06257016374833654 17
1717342110373 0.023838035374470844 18
1717342112170 0.04059159231573025 19
1717342113946 0.03532892446919596 20
1717342115826 0.07776920250227531 21
1717342117588 0.16694520613845193 22
1717342119408 0.027555658115199003 23
1717342121213 0.030219780219780223 24
1717342123012 0.011709904897457463 25
1717342124876 0.013146853146853146 26
1717342126675 0.018606996867866432 27
1717342128506 0.03107448107448107 28
1717342130301 0.1346153846153846 29
1717342132043 0.06109253065774804 30
1717342133873 0.042735042735042736 31
1717342135690 0.05048672873216484 32
1717342137481 0.04242979242979243 33
1717342139266 0.06126767968873233 34
1717342141061 0.06595142843900094 35
1717342142848 0.07969971205265323 36
1717342144672 0.06017094017094017 37
1717342146473 0.08547008547008547 38
1717342148302 0.027086247086247087 39
1717342150104 0.020202020202020204 40
1717342151936 0.011587771203155819 41
1717342153745 0.14157509157509154 42
1717342155573 0.0721942745570965 43
1717342157370 0.1346153846153846 44
1717342159203 0.06868131868131867 45
1717342161034 0.024725274725274724 46
1717342162891 0.013103221564760025 47
1717342164728 0.0 48
1717342166572 0.038461538461538464 49
1717342168375 0.04088872292755788 50
1717342170208 0.054700854700854694 51
1717342171961 0.045454545454545456 52
1717342173757 0.08137651821862348 53
1717342175500 0.11410256410256411 54
1717342177386 0.015384615384615385 55
1717342179186 0.016838424733161574 56
1717342181008 0.0 57
1717342182790 0.13577900795945907 58
1717342184545 0.031002331002331004 59
1717342186379 0.021794871794871794 60
1717342188283 0.040745354510536694 61
1717342190047 0.0 62
1717342191834 0.11538461538461539 63
1717342193778 0.02564102564102564 64
1717342195558 0.019230769230769232 65
1717342197740 0.015384615384615385 66
1717342199523 0.09615384615384616 67
1717342201290 0.0 68
1717342203082 0.07692307692307693 69
1717342204936 0.0 70
1717342206757 0.0 71
1717342208555 0.0 72
1717342210367 0.01183431952662722 73
1717342212191 0.10256410256410256 74
1717342213951 0.0 75
1717342215726 0.03296703296703297 76
1717342217522 0.057692307692307696 77
1717342219263 0.05384615384615384 78
1717342221015 0.010989010989010988 79
1717342222825 0.10714285714285714 80
1717342224578 0.09829059829059829 81
1717342226361 0.2032967032967033 82
1717342228194 0.15384615384615385 83
1717342230014 0.009615384615384616 84
1717342231777 0.038461538461538464 85
1717342233551 0.010989010989010988 86
1717342235396 0.11794871794871795 87
1717342237176 0.04987320371935756 88
1717342238928 0.11025641025641024 89
1717342240716 0.05128205128205128 90
1717342242549 0.059829059829059825 91
1717342244299 0.0 92
1717342246085 0.04615384615384615 93
1717342247866 0.0 94
1717342249714 0.10314685314685314 95
1717342251526 0.11538461538461539 96
1717342253364 0.22130177514792898 97
1717342255187 0.0879120879120879 98
1717342256953 0.07692307692307693 99
