1717442538401 10396.0 1
1717442539607 6260.0 2
1717442540704 6548.0 3
1717442541910 7382.0 4
1717442543003 9092.0 5
1717442544143 9184.0 6
1717442545277 9920.0 7
1717442546411 10090.0 8
1717442547554 10540.0 9
1717442548672 10738.0 10
1717442549815 11296.0 11
1717442550973 11182.0 12
1717442552120 11924.0 13
1717442553251 11592.0 14
1717442554390 11902.0 15
1717442555546 12344.0 16
1717442556695 12424.0 17
1717442557846 12522.0 18
1717442559007 12540.0 19
1717442560145 12544.0 20
1717442561313 13002.0 21
1717442562445 13066.0 22
1717442563576 12572.0 23
1717442564710 13102.0 24
1717442565880 12850.0 25
1717442567015 13236.0 26
1717442568163 12962.0 27
1717442569292 13632.0 28
1717442570413 13226.0 29
1717442571589 13308.0 30
1717442572735 13088.0 31
1717442573863 13452.0 32
1717442575038 13294.0 33
1717442576257 13422.0 34
1717442577441 13556.0 35
1717442578588 13616.0 36
1717442579741 13578.0 37
1717442580897 13674.0 38
1717442582050 13642.0 39
1717442583224 13692.0 40
1717442584341 13720.0 41
1717442585525 13954.0 42
1717442586690 13798.0 43
1717442587853 13748.0 44
1717442588997 13640.0 45
1717442590162 13784.0 46
1717442591300 13998.0 47
1717442592459 13702.0 48
1717442593639 13772.0 49
1717442594781 14066.0 50
1717442595949 13976.0 51
1717442597113 13938.0 52
1717442598274 13810.0 53
1717442599419 13996.0 54
1717442600571 14032.0 55
1717442601745 14010.0 56
1717442602932 13938.0 57
1717442604123 13952.0 58
1717442605266 14100.0 59
1717442606411 14208.0 60
1717442607564 13906.0 61
1717442608704 14126.0 62
1717442609868 14160.0 63
1717442611051 14014.0 64
1717442612189 13994.0 65
1717442613347 14196.0 66
1717442614512 14064.0 67
1717442615666 14164.0 68
1717442616841 14098.0 69
1717442617992 14124.0 70
1717442619154 14230.0 71
1717442620305 14304.0 72
1717442621451 13824.0 73
1717442622614 14288.0 74
1717442623758 14018.0 75
1717442624911 14156.0 76
1717442626053 14150.0 77
1717442627212 14292.0 78
1717442628352 14058.0 79
1717442629515 14366.0 80
1717442630677 14332.0 81
1717442631845 14212.0 82
1717442633021 14050.0 83
1717442634165 14140.0 84
1717442635316 14128.0 85
1717442636462 14260.0 86
1717442637635 14124.0 87
1717442638788 14306.0 88
1717442639962 14176.0 89
1717442641127 14229.0 90
1717442642299 14436.0 91
1717442643441 14186.0 92
1717442644616 14242.0 93
1717442645912 14294.0 94
1717442647124 14254.0 95
1717442648240 14284.0 96
1717442649796 14290.0 97
1717442651087 14302.0 98
1717442652247 14436.0 99
