1717442538401 84422.0 1
1717442539607 84422.0 2
1717442540704 84422.0 3
1717442541910 84422.0 4
1717442543003 84422.0 5
1717442544143 84422.0 6
1717442545277 84422.0 7
1717442546411 84422.0 8
1717442547554 84422.0 9
1717442548672 84422.0 10
1717442549815 84422.0 11
1717442550973 84422.0 12
1717442552120 84422.0 13
1717442553251 84422.0 14
1717442554390 84422.0 15
1717442555546 84422.0 16
1717442556695 84422.0 17
1717442557846 84422.0 18
1717442559007 84422.0 19
1717442560145 84422.0 20
1717442561313 84422.0 21
1717442562445 84422.0 22
1717442563576 84422.0 23
1717442564710 84422.0 24
1717442565880 84422.0 25
1717442567015 84422.0 26
1717442568163 84422.0 27
1717442569292 84422.0 28
1717442570413 84422.0 29
1717442571589 84422.0 30
1717442572735 84422.0 31
1717442573863 84422.0 32
1717442575038 84422.0 33
1717442576257 84422.0 34
1717442577441 84422.0 35
1717442578588 84422.0 36
1717442579741 84422.0 37
1717442580897 84422.0 38
1717442582050 84422.0 39
1717442583224 84422.0 40
1717442584341 84422.0 41
1717442585525 84422.0 42
1717442586690 84422.0 43
1717442587853 84422.0 44
1717442588997 84422.0 45
1717442590162 84422.0 46
1717442591300 84422.0 47
1717442592459 84422.0 48
1717442593639 84422.0 49
1717442594781 84422.0 50
1717442595949 84422.0 51
1717442597113 84422.0 52
1717442598274 84422.0 53
1717442599419 84422.0 54
1717442600571 84422.0 55
1717442601745 84422.0 56
1717442602932 84422.0 57
1717442604123 84422.0 58
1717442605266 84422.0 59
1717442606411 84422.0 60
1717442607564 84422.0 61
1717442608704 84422.0 62
1717442609868 84422.0 63
1717442611051 84422.0 64
1717442612189 84422.0 65
1717442613347 84422.0 66
1717442614512 84422.0 67
1717442615666 84422.0 68
1717442616841 84422.0 69
1717442617992 84422.0 70
1717442619154 84422.0 71
1717442620305 84422.0 72
1717442621451 84422.0 73
1717442622614 84422.0 74
1717442623758 84422.0 75
1717442624911 84422.0 76
1717442626053 84422.0 77
1717442627212 84422.0 78
1717442628352 84422.0 79
1717442629515 84422.0 80
1717442630677 84422.0 81
1717442631845 84422.0 82
1717442633021 84422.0 83
1717442634165 84422.0 84
1717442635316 84422.0 85
1717442636462 84422.0 86
1717442637635 84422.0 87
1717442638788 84422.0 88
1717442639962 84422.0 89
1717442641127 84422.0 90
1717442642299 84422.0 91
1717442643441 84422.0 92
1717442644616 84422.0 93
1717442645912 84422.0 94
1717442647124 84422.0 95
1717442648240 84422.0 96
1717442649796 84422.0 97
1717442651087 84422.0 98
1717442652247 84422.0 99
