1717442538401 0.89437485940602 1
1717442539607 0.9297692386572348 2
1717442540704 0.9368755238025223 3
1717442541910 0.9396069381759231 4
1717442543003 0.9411278463853804 5
1717442544143 0.9465439108733172 6
1717442545277 0.9491861849631525 7
1717442546411 0.951138966582689 8
1717442547554 0.9509040116791735 9
1717442548672 0.9560410270797872 10
1717442549815 0.952193927054246 11
1717442550973 0.9580242075864768 12
1717442552120 0.9566076241620654 13
1717442553251 0.9569929145137783 14
1717442554390 0.9619459732309374 15
1717442555546 0.9592284799669099 16
1717442556695 0.9600315021608962 17
1717442557846 0.9629995103845924 18
1717442559007 0.9622819073734604 19
1717442560145 0.9664183752016273 20
1717442561313 0.9594330573006703 21
1717442562445 0.9661332746718941 22
1717442563576 0.9661250668030169 23
1717442564710 0.9667405408873778 24
1717442565880 0.9690698547525534 25
1717442567015 0.9673853881141773 26
1717442568163 0.9684165224963214 27
1717442569292 0.964918394241252 28
1717442570413 0.9690613044553149 29
1717442571589 0.9714731705943824 30
1717442572735 0.9684159776277735 31
1717442573863 0.9706974683371616 32
1717442575038 0.9692658098316274 33
1717442576257 0.970957948380198 34
1717442577441 0.9692420723461507 35
1717442578588 0.9697389977034881 36
1717442579741 0.971530324048621 37
1717442580897 0.9692778831457793 38
1717442582050 0.9713251299332085 39
1717442583224 0.9732848018373972 40
1717442584341 0.9739545095071696 41
1717442585525 0.9696558571529837 42
1717442586690 0.972717826137494 43
1717442587853 0.9723319115719613 44
1717442588997 0.9726080296783736 45
1717442590162 0.9728338179632983 46
1717442591300 0.9726031409718742 47
1717442592459 0.9747476523649347 48
1717442593639 0.9714362209224919 49
1717442594781 0.9751949503904406 50
1717442595949 0.9753608126348194 51
1717442597113 0.9746213267673214 52
1717442598274 0.972413660929717 53
1717442599419 0.9740340827265898 54
1717442600571 0.9741128549051142 55
1717442601745 0.9748510962987973 56
1717442602932 0.9744394249299352 57
1717442604123 0.9732896662693913 58
1717442605266 0.9769517919202156 59
1717442606411 0.975156869282157 60
1717442607564 0.9751695927471185 61
1717442608704 0.9762202730790533 62
1717442609868 0.9761876323051271 63
1717442611051 0.974784016018541 64
1717442612189 0.9779641733491274 65
1717442613347 0.9745577924794903 66
1717442614512 0.9757376566494346 67
1717442615666 0.9745599338288642 68
1717442616841 0.97676911735445 69
1717442617992 0.9780420779295044 70
1717442619154 0.9758364223168966 71
1717442620305 0.9766770713914731 72
1717442621451 0.9733752379271502 73
1717442622614 0.9761574250036743 74
1717442623758 0.9784888999352216 75
1717442624911 0.9781207054293027 76
1717442626053 0.9778486227532751 77
1717442627212 0.9774899372644867 78
1717442628352 0.9780197967988629 79
1717442629515 0.9762386268287946 80
1717442630677 0.9754671552110062 81
1717442631845 0.9744757855936605 82
1717442633021 0.979249912911517 83
1717442634165 0.9796046605012917 84
1717442635316 0.9788629669473418 85
1717442636462 0.9775276510511697 86
1717442637635 0.9793870263192465 87
1717442638788 0.9795603650629402 88
1717442639962 0.9784526511739785 89
1717442641127 0.9781683179135443 90
1717442642299 0.9759196446633698 91
1717442643441 0.9795967098021138 92
1717442644616 0.9809723233961859 93
1717442645912 0.979717760706101 94
1717442647124 0.9775427943339873 95
1717442648240 0.9789627549864788 96
1717442649796 0.9792490821989511 97
1717442651087 0.9800731295524304 98
1717442652247 0.9790419970897589 99
