1709663504918 0.12696988880634308 1
1709663505007 0.21517124772071838 2
1709663505136 0.12696988880634308 3
1709663505223 0.21517124772071838 4
1709663505336 0.12696988880634308 5
1709663505424 0.21517124772071838 6
1709663505511 0.12696988880634308 7
1709663505595 0.21517124772071838 8
1709663505674 0.12696988880634308 9
1709663505750 0.21517124772071838 10
1709663505893 0.12696988880634308 11
1709663505978 0.21517124772071838 12
1709663506061 0.12696988880634308 13
1709663506156 0.21517124772071838 14
