1716268059942 0.5356850536840753 1
1716268080862 0.5981563939374102 2
1716268086323 0.6638401863417426 3
1716268091806 0.7255160177731881 4
1716268097246 0.7852639091011543 5
1716268103434 0.8108014260274273 6
1716268109848 0.8188656788370676 7
1716268115526 0.8210507302790453 8
1716268121094 0.8233980881321747 9
1716269034576 0.8250032508930439 10
1716269040227 0.8266750554679698 11
1716269045826 0.8287105667531086 12
1716269051287 0.831162343665925 13
1716269056670 0.8311550496205928 14
1716269062259 0.834017858008437 15
1716269067886 0.8352966748983423 16
1716269073469 0.8370302348430051 17
1716269078874 0.8376265516725626 18
1716269084433 0.8376809215891016 19
1716269090339 0.8392605924721667 20
1716269096037 0.8401579040465962 21
1716269101682 0.8423449098343966 22
1716269107233 0.8427279677363538 23
1716269112667 0.8452915446564233 24
1716269118329 0.8465666888070259 25
1716269123936 0.8460800697691376 26
1716269129413 0.8508270949112736 27
1716269134950 0.8515893625227486 28
1716269140733 0.8459751174851757 29
1716269146284 0.8492019910027074 30
1716269152245 0.850131047112406 31
1716269157935 0.8526268376323916 32
1716269163805 0.8565970245702553 33
1716269169379 0.8573183503465223 34
1716269175034 0.8590905142911313 35
1716269180692 0.8605247572104489 36
1716269186649 0.862206178117932 37
1716269192382 0.8625840058468983 38
1716269198223 0.865697922988731 39
1716269204112 0.8611857249193966 40
1716269209998 0.8613767465905673 41
1716269215829 0.8614094387385764 42
1716269221504 0.8659572810994698 43
1716269227756 0.8669557766562883 44
1716269233481 0.859006878150577 45
1716269239199 0.8665355057818772 46
1716269245113 0.8694286708188642 47
1716269250862 0.8725572725638648 48
1716269256690 0.8746819694967835 49
1716269262572 0.874252712205943 50
1716269268232 0.8759933265006492 51
1716269273987 0.878551459146961 52
1716269279696 0.8777913132811369 53
1716269285446 0.8803669006440001 54
1716269291212 0.8788724136958689 55
1716269297083 0.880689426995719 56
1716269302723 0.8819517437259304 57
1716269308425 0.8820859360033446 58
1716269314183 0.8819916146133394 59
1716269320012 0.8818467631457867 60
1716269325782 0.8822231330136316 61
1716269331430 0.8836769644568673 62
1716269337045 0.8840148327650909 63
1716269342774 0.8783416219101048 64
1716269348431 0.8777413318756268 65
1716269354316 0.8813750073667267 66
1716269360048 0.8841004654893806 67
1716269365735 0.8842385417104981 68
1716269371685 0.8866536790419428 69
1716269377305 0.8890001388456398 70
1716269383126 0.8874830743779305 71
1716269388998 0.8870925301936418 72
1716269394797 0.8877349788211066 73
1716269401501 0.8915110494986899 74
1716269407262 0.8887001700714621 75
1716269412889 0.8812332911757065 76
1716269418461 0.8846949060185219 77
1716269424222 0.8855666652632703 78
1716269430010 0.8844370987766811 79
1716269435768 0.8915264616349583 80
1716269441377 0.892821926736072 81
1716269447084 0.8945813486509854 82
1716269452699 0.8967044577789653 83
1716269458469 0.8957000560150019 84
1716269464097 0.8993033019779663 85
1716269470364 0.9000987832263351 86
1716269476055 0.9028653309841971 87
1716269481710 0.9044723356552969 88
1716269487465 0.9062863828720973 89
1716269493510 0.901725814980654 90
1716269499233 0.9054691195555765 91
1716269504923 0.907107734007308 92
1716269510826 0.908295305616806 93
1716269516564 0.9073955096100326 94
1716269522823 0.9088477968507934 95
1716269528874 0.9107069408449713 96
1716269534545 0.9112099654433559 97
1716269540279 0.9134852259525854 98
1716269546105 0.9117764996347878 99
