1717342548028 189832.0 1
1717342550253 177580.0 2
1717342552496 177936.0 3
1717342554762 183960.0 4
1717342556967 184215.0 5
1717342559222 184824.0 6
1717342561418 180574.0 7
1717342563590 185041.0 8
1717342565789 187160.0 9
1717342568055 181838.0 10
1717342570288 179633.0 11
1717342572513 178668.0 12
1717342574727 179656.0 13
1717342576902 184173.0 14
1717342579090 177596.0 15
1717342581251 182884.0 16
1717342583490 181692.0 17
1717342585627 183552.0 18
1717342587869 182859.0 19
1717342590132 181429.0 20
1717342592366 182894.0 21
1717342594532 178122.0 22
1717342596751 179716.0 23
1717342598883 180165.0 24
1717342601057 180780.0 25
1717342603289 180084.0 26
1717342605510 179572.0 27
1717342607977 178657.0 28
1717342610556 177346.0 29
1717342612758 177528.0 30
1717342614899 176581.0 31
1717342617034 177974.0 32
1717342619185 177752.0 33
1717342621675 177835.0 34
1717342623841 176011.0 35
1717342625976 177846.0 36
1717342628149 176180.0 37
1717342630400 176200.0 38
1717342632598 175845.0 39
1717342634772 174749.0 40
1717342636960 176245.0 41
1717342639155 176216.0 42
1717342641587 174679.0 43
1717342643936 175662.0 44
1717342646175 175498.0 45
1717342648306 175081.0 46
1717342650499 173217.0 47
1717342652684 174440.0 48
1717342654885 175706.0 49
1717342657059 173505.0 50
1717342659237 173467.0 51
1717342661621 172035.0 52
1717342663988 177177.0 53
1717342666439 173707.0 54
1717342668580 175654.0 55
1717342670741 173938.0 56
1717342673084 173294.0 57
1717342675306 174792.0 58
1717342677558 175729.0 59
1717342679796 173994.0 60
1717342681944 174169.0 61
1717342684187 173801.0 62
1717342686372 173280.0 63
1717342688617 169120.0 64
1717342690791 175788.0 65
1717342693030 172792.0 66
1717342695226 175924.0 67
1717342697584 171870.0 68
1717342699792 172192.0 69
1717342702023 172570.0 70
1717342704231 174540.0 71
1717342706464 173672.0 72
1717342708710 172329.0 73
1717342710897 175906.0 74
1717342713128 172178.0 75
1717342715272 176777.0 76
1717342717400 173370.0 77
1717342719555 171271.0 78
1717342721694 172685.0 79
1717342723860 171755.0 80
1717342726023 173210.0 81
1717342728196 171807.0 82
1717342730334 173744.0 83
1717342732489 172850.0 84
1717342734792 174668.0 85
1717342736964 173552.0 86
1717342739234 176643.0 87
1717342741521 173664.0 88
1717342743774 175373.0 89
1717342745947 174697.0 90
1717342748154 176188.0 91
1717342750379 171890.0 92
1717342752518 175645.0 93
1717342754713 172826.0 94
1717342756923 176187.0 95
1717342759313 175007.0 96
1717342762252 177570.0 97
1717342764833 174404.0 98
1717342766944 172518.0 99
