1717342548028 124028.0 1
1717342550253 136280.0 2
1717342552496 135924.0 3
1717342554762 129900.0 4
1717342556967 129645.0 5
1717342559222 129036.0 6
1717342561418 133286.0 7
1717342563590 128819.0 8
1717342565789 126700.0 9
1717342568055 132022.0 10
1717342570288 134227.0 11
1717342572513 135192.0 12
1717342574727 134204.0 13
1717342576902 129687.0 14
1717342579090 136264.0 15
1717342581251 130976.0 16
1717342583490 132168.0 17
1717342585627 130308.0 18
1717342587869 131001.0 19
1717342590132 132431.0 20
1717342592366 130966.0 21
1717342594532 135738.0 22
1717342596751 134144.0 23
1717342598883 133695.0 24
1717342601057 133080.0 25
1717342603289 133776.0 26
1717342605510 134288.0 27
1717342607977 135203.0 28
1717342610556 136514.0 29
1717342612758 136332.0 30
1717342614899 137279.0 31
1717342617034 135886.0 32
1717342619185 136108.0 33
1717342621675 136025.0 34
1717342623841 137849.0 35
1717342625976 136014.0 36
1717342628149 137680.0 37
1717342630400 137660.0 38
1717342632598 138015.0 39
1717342634772 139111.0 40
1717342636960 137615.0 41
1717342639155 137644.0 42
1717342641587 139181.0 43
1717342643936 138198.0 44
1717342646175 138362.0 45
1717342648306 138779.0 46
1717342650499 140643.0 47
1717342652684 139420.0 48
1717342654885 138154.0 49
1717342657059 140355.0 50
1717342659237 140393.0 51
1717342661621 141825.0 52
1717342663988 136683.0 53
1717342666439 140153.0 54
1717342668580 138206.0 55
1717342670741 139922.0 56
1717342673084 140566.0 57
1717342675306 139068.0 58
1717342677558 138131.0 59
1717342679796 139866.0 60
1717342681944 139691.0 61
1717342684187 140059.0 62
1717342686372 140580.0 63
1717342688617 144740.0 64
1717342690791 138072.0 65
1717342693030 141068.0 66
1717342695226 137936.0 67
1717342697584 141990.0 68
1717342699792 141668.0 69
1717342702023 141290.0 70
1717342704231 139320.0 71
1717342706464 140188.0 72
1717342708710 141531.0 73
1717342710897 137954.0 74
1717342713128 141682.0 75
1717342715272 137083.0 76
1717342717400 140490.0 77
1717342719555 142589.0 78
1717342721694 141175.0 79
1717342723860 142105.0 80
1717342726023 140650.0 81
1717342728196 142053.0 82
1717342730334 140116.0 83
1717342732489 141010.0 84
1717342734792 139192.0 85
1717342736964 140308.0 86
1717342739234 137217.0 87
1717342741521 140196.0 88
1717342743774 138487.0 89
1717342745947 139163.0 90
1717342748154 137672.0 91
1717342750379 141970.0 92
1717342752518 138215.0 93
1717342754713 141034.0 94
1717342756923 137673.0 95
1717342759313 138853.0 96
1717342762252 136290.0 97
1717342764833 139456.0 98
1717342766944 141342.0 99
