1717342548028 25972.0 1
1717342550253 25972.0 2
1717342552496 25972.0 3
1717342554762 25972.0 4
1717342556967 25972.0 5
1717342559222 25972.0 6
1717342561418 25972.0 7
1717342563590 25972.0 8
1717342565789 25972.0 9
1717342568055 25972.0 10
1717342570288 25972.0 11
1717342572513 25972.0 12
1717342574727 25972.0 13
1717342576902 25972.0 14
1717342579090 25972.0 15
1717342581251 25972.0 16
1717342583490 25972.0 17
1717342585627 25972.0 18
1717342587869 25972.0 19
1717342590132 25972.0 20
1717342592366 25972.0 21
1717342594532 25972.0 22
1717342596751 25972.0 23
1717342598883 25972.0 24
1717342601057 25972.0 25
1717342603289 25972.0 26
1717342605510 25972.0 27
1717342607977 25972.0 28
1717342610556 25972.0 29
1717342612758 25972.0 30
1717342614899 25972.0 31
1717342617034 25972.0 32
1717342619185 25972.0 33
1717342621675 25972.0 34
1717342623841 25972.0 35
1717342625976 25972.0 36
1717342628149 25972.0 37
1717342630400 25972.0 38
1717342632598 25972.0 39
1717342634772 25972.0 40
1717342636960 25972.0 41
1717342639155 25972.0 42
1717342641587 25972.0 43
1717342643936 25972.0 44
1717342646175 25972.0 45
1717342648306 25972.0 46
1717342650499 25972.0 47
1717342652684 25972.0 48
1717342654885 25972.0 49
1717342657059 25972.0 50
1717342659237 25972.0 51
1717342661621 25972.0 52
1717342663988 25972.0 53
1717342666439 25972.0 54
1717342668580 25972.0 55
1717342670741 25972.0 56
1717342673084 25972.0 57
1717342675306 25972.0 58
1717342677558 25972.0 59
1717342679796 25972.0 60
1717342681944 25972.0 61
1717342684187 25972.0 62
1717342686372 25972.0 63
1717342688617 25972.0 64
1717342690791 25972.0 65
1717342693030 25972.0 66
1717342695226 25972.0 67
1717342697584 25972.0 68
1717342699792 25972.0 69
1717342702023 25972.0 70
1717342704231 25972.0 71
1717342706464 25972.0 72
1717342708710 25972.0 73
1717342710897 25972.0 74
1717342713128 25972.0 75
1717342715272 25972.0 76
1717342717400 25972.0 77
1717342719555 25972.0 78
1717342721694 25972.0 79
1717342723860 25972.0 80
1717342726023 25972.0 81
1717342728196 25972.0 82
1717342730334 25972.0 83
1717342732489 25972.0 84
1717342734792 25972.0 85
1717342736964 25972.0 86
1717342739234 25972.0 87
1717342741521 25972.0 88
1717342743774 25972.0 89
1717342745947 25972.0 90
1717342748154 25972.0 91
1717342750379 25972.0 92
1717342752518 25972.0 93
1717342754713 25972.0 94
1717342756923 25972.0 95
1717342759313 25972.0 96
1717342762252 25972.0 97
1717342764833 25972.0 98
1717342766944 25972.0 99
