1717258781098 0.2842128496478616 1
1717258781762 0.3225451847331976 2
1717258782431 0.3664196265747493 3
1717258783091 0.4685654016308064 4
1717258783758 0.5130395663967708 5
1717258784414 0.6261402781153442 6
1717258785077 0.6502808528350611 7
1717258785755 0.6729438501559916 8
1717258786401 0.6384342430899828 9
1717258787053 0.597165271036932 10
1717258787710 0.5918737636964072 11
1717258788357 0.6134307113446386 12
1717258788990 0.5996409309228523 13
1717258789677 0.6006007613292484 14
1717258790360 0.593112824067567 15
1717258791000 0.6036779300054448 16
1717258791632 0.5908468917827194 17
1717258792254 0.589611682659705 18
1717258792890 0.606194501250354 19
1717258793522 0.6001461569146185 20
1717258794176 0.5993107293676042 21
1717258794842 0.6072089190830268 22
1717258795537 0.5939476412591402 23
1717258796203 0.6002523585005598 24
1717258796851 0.5938814084755877 25
1717258797486 0.6066761324591149 26
1717258798112 0.5985216716203058 27
1717258798751 0.6032284747921552 28
1717258799388 0.6002909886239397 29
1717258800036 0.6048659875464927 30
1717258800691 0.5977276145882325 31
1717258801313 0.5961036969448749 32
1717258801949 0.6005025965813952 33
1717258802581 0.5969897813227952 34
1717258803255 0.596787171187566 35
1717258803915 0.5990934285885994 36
1717258804784 0.6017383872977082 37
1717258805554 0.5959052278719373 38
1717258806311 0.5867195177268999 39
1717258807083 0.5876949758473718 40
1717258807850 0.584081828687826 41
1717258808593 0.5838245598516785 42
1717258809354 0.5782750101517313 43
1717258810126 0.581505256166513 44
1717258810901 0.5842072011088604 45
1717258811664 0.5856983355687458 46
1717258812429 0.5848508806589411 47
1717258813183 0.5856923724002799 48
1717258814014 0.5860650982974112 49
1717258814790 0.5864382734939267 50
1717258815577 0.5879573373440823 51
1717258816348 0.5889873679576177 52
1717258817106 0.5895646138692759 53
1717258817863 0.5906497230485459 54
1717258818615 0.590602751121249 55
1717258819366 0.5913400536009334 56
1717258820124 0.5925555372456631 57
1717258820888 0.5947245041678395 58
1717258821638 0.5961507007076228 59
1717258822396 0.5966218827115196 60
1717258823145 0.5967049879696106 61
1717258823903 0.5976099482599461 62
1717258824645 0.5984028253817834 63
1717258825440 0.5994165534058802 64
1717258826210 0.6023733965719449 65
1717258827019 0.5996517836490942 66
1717258827781 0.6037521534063841 67
1717258828562 0.6046511034297344 68
1717258829311 0.6045709174735427 69
1717258830086 0.6043308008563248 70
1717258830861 0.6068616721982141 71
1717258831694 0.6052146071191871 72
1717258832464 0.6104029320744968 73
1717258833237 0.6091477460114691 74
1717258833999 0.6108310497957198 75
1717258834755 0.6028637654898664 76
1717258835541 0.6091288414060253 77
1717258836298 0.6088773155482661 78
1717258837045 0.6088671481331072 79
1717258837800 0.6100123024501338 80
1717258838544 0.60976622969633 81
1717258839320 0.6077636330020026 82
1717258840091 0.6086869697772204 83
1717258840851 0.6076518569283085 84
1717258841607 0.606822696279383 85
1717258842356 0.6042165561976583 86
1717258843108 0.5993817922312625 87
1717258843866 0.6000810759778941 88
1717258844612 0.5960258559161058 89
1717258845401 0.598233606038597 90
1717258846186 0.5960932655909712 91
1717258846949 0.6008646864270519 92
1717258847746 0.5959743897625305 93
1717258848487 0.5937737265924086 94
1717258849249 0.5930653359134668 95
1717258850017 0.591418601052384 96
1717258850794 0.5877341033667053 97
1717258851562 0.5863124312983786 98
1717258852326 0.5859212000673839 99
