1717258781098 0.5353427648798232 1
1717258781762 0.6131134029447414 2
1717258782431 0.8707068398341715 3
1717258783091 0.9037569712388048 4
1717258783758 0.8961848239760241 5
1717258784414 0.8937806228658793 6
1717258785077 0.8979250797901855 7
1717258785755 0.9018346633355784 8
1717258786401 0.905828632953795 9
1717258787053 0.9106209725743255 10
1717258787710 0.9142226138743574 11
1717258788357 0.915147893419469 12
1717258788990 0.9173444178709288 13
1717258789677 0.9177714211812301 14
1717258790360 0.918169000426888 15
1717258791000 0.9184208230359301 16
1717258791632 0.9203721886966679 17
1717258792254 0.9191839328680441 18
1717258792890 0.9196714200082593 19
1717258793522 0.9197042112143202 20
1717258794176 0.920385541462543 21
1717258794842 0.9197275953686948 22
1717258795537 0.9206422595358957 23
1717258796203 0.9209228514119547 24
1717258796851 0.9209335080444767 25
1717258797486 0.9209562847294779 26
1717258798112 0.9213271313110201 27
1717258798751 0.9211473814649909 28
1717258799388 0.9213909921554648 29
1717258800036 0.9218563317375261 30
1717258800691 0.9225537546696662 31
1717258801313 0.9230993784896515 32
1717258801949 0.9236402283711909 33
1717258802581 0.9245993389118472 34
1717258803255 0.9251907444503688 35
1717258803915 0.9268808227513912 36
1717258804784 0.9261112682617629 37
1717258805554 0.9274726818263116 38
1717258806311 0.929249690816967 39
1717258807083 0.929980451262862 40
1717258807850 0.9308787946661662 41
1717258808593 0.9308695091156038 42
1717258809354 0.9317341478678874 43
1717258810126 0.9320102054947668 44
1717258810901 0.9321098575069544 45
1717258811664 0.9320700212467173 46
1717258812429 0.9320241887304745 47
1717258813183 0.9319786752794669 48
1717258814014 0.9319805536971145 49
1717258814790 0.93180994506663 50
1717258815577 0.9316872330932798 51
1717258816348 0.9317080252170967 52
1717258817106 0.9313726059268076 53
1717258817863 0.9313857173851642 54
1717258818615 0.9314036591274845 55
1717258819366 0.9312257440066533 56
1717258820124 0.931384649857881 57
1717258820888 0.9315185925878254 58
1717258821638 0.931803866323449 59
1717258822396 0.931668651684192 60
1717258823145 0.9316889336082192 61
1717258823903 0.9317938475850862 62
1717258824645 0.931870279985091 63
1717258825440 0.9320156259264055 64
1717258826210 0.9318692741378886 65
1717258827019 0.9324386728321605 66
1717258827781 0.9318361898782066 67
1717258828562 0.9326140618957814 68
1717258829311 0.9317750588974382 69
1717258830086 0.9324176271015204 70
1717258830861 0.9325562997425327 71
1717258831694 0.932437568471284 72
1717258832464 0.9325671420834062 73
1717258833237 0.9318552558213722 74
1717258833999 0.9328490140795009 75
1717258834755 0.9334979616800798 76
1717258835541 0.9335520779976465 77
1717258836298 0.9332858766225854 78
1717258837045 0.9339708385440473 79
1717258837800 0.9336615059396256 80
1717258838544 0.9339345599984016 81
1717258839320 0.9341631883499112 82
1717258840091 0.9349872328956809 83
1717258840851 0.9353436625474487 84
1717258841607 0.9353956166670608 85
1717258842356 0.9359262410704688 86
1717258843108 0.9360847610102669 87
1717258843866 0.9362100289366208 88
1717258844612 0.9375346228807254 89
1717258845401 0.9376347094060752 90
1717258846186 0.9383939243369073 91
1717258846949 0.9380059337214359 92
1717258847746 0.9390951878065115 93
1717258848487 0.9394522695726497 94
1717258849249 0.9398357728060767 95
1717258850017 0.9403257155886847 96
1717258850794 0.9406073954416513 97
1717258851562 0.941173727358903 98
1717258852326 0.9420745303476766 99
