1717224514447 0.184721147629669 1
1717224517467 0.24173658947463633 2
1717224520383 0.23483519384333462 3
1717224523448 0.23351536196666786 4
1717224526361 0.23344219271655509 5
1717224529325 0.23152887274450756 6
1717224532248 0.23015986786439308 7
1717224535248 0.23129129872296655 8
1717224538291 0.2387866976210145 9
1717224541241 0.25563745452618697 10
1717224544307 0.2761229363763254 11
1717224547309 0.28802804408113714 12
1717224550354 0.28912710420214277 13
1717224553393 0.28945434665121844 14
1717224556436 0.2900965947866738 15
1717224559397 0.29086012233423164 16
1717224562379 0.29175852010008013 17
1717224565466 0.2921760523921938 18
1717224568435 0.29299069368746933 19
1717224571333 0.2942874416388948 20
1717224574471 0.2966569613269356 21
1717224577471 0.29867080755157466 22
1717224580564 0.3010940888372407 23
1717224583472 0.30276728066101893 24
1717224586467 0.3054707974960822 25
1717224589483 0.3079575962298719 26
1717224592483 0.3108866042600807 27
1717224595504 0.3140288815515925 28
1717224598457 0.3173605540871426 29
1717224601383 0.320914079962511 30
1717224604384 0.3240599437204975 31
1717224607278 0.3268691443200738 32
1717224610230 0.3300903012292546 33
1717224613211 0.33277059315342744 34
1717224616169 0.3355336520349653 35
1717224619144 0.3372696087283972 36
1717224622115 0.3398421235090372 37
1717224625183 0.3417698524378642 38
1717224628065 0.34410388675637177 39
1717224631201 0.3452842622680157 40
1717224634170 0.3478446920888536 41
1717224637107 0.3504729528097827 42
1717224639934 0.35309839202768445 43
1717224642831 0.35512356104667436 44
1717224645815 0.35744835340531217 45
1717224648816 0.35970730549228713 46
1717224651932 0.36227654052310226 47
1717224654859 0.3649724368259384 48
1717224657823 0.3680551758085353 49
1717224660880 0.37076705213882843 50
1717224664005 0.3734684749274222 51
1717224667007 0.3764285448048897 52
1717224670114 0.379057785429189 53
1717224673130 0.3813841502867836 54
1717224676160 0.38357977860533016 55
1717224679125 0.3860265366605836 56
1717224682078 0.3887122653649892 57
1717224685096 0.3911228722287612 58
1717224687934 0.3939279387238856 59
1717224691056 0.39621084573759247 60
1717224693953 0.39859167483401825 61
1717224696931 0.4011392962812341 62
1717224699824 0.40378257413254404 63
1717224702826 0.405805822971684 64
1717224705821 0.40788020450421436 65
1717224708870 0.4099964364448233 66
1717224711747 0.411331996051173 67
1717224714782 0.4128651580033744 68
1717224717809 0.41498295408408714 69
1717224720790 0.4167358914732762 70
1717224723751 0.4183216631433047 71
1717224726817 0.41990873019323266 72
1717224729760 0.4219378769793069 73
1717224732708 0.4233983187711134 74
1717224735626 0.42466911217750236 75
1717224738667 0.4260101392323945 76
1717224741681 0.42704819622683005 77
1717224744540 0.4280049291101318 78
1717224747530 0.4289538113881069 79
1717224750626 0.4300223471932572 80
1717224753584 0.4311947556279056 81
1717224756628 0.43241430396985603 82
1717224759534 0.4333608412537492 83
1717224762396 0.4345416368927716 84
1717224765298 0.43570647421541087 85
1717224768318 0.43657250466923847 86
1717224771247 0.43740227208308946 87
1717224774179 0.438314455515753 88
1717224777035 0.4391342212857289 89
1717224779934 0.4399874549525359 90
1717224782827 0.44054751432896 91
1717224785907 0.4417628856396624 92
1717224788922 0.4425851911478427 93
1717224792004 0.4434826489319415 94
1717224794983 0.4439342796819814 95
1717224798076 0.4448428098161967 96
1717224801051 0.44595970289508274 97
1717224803893 0.4466411584172484 98
1717224806921 0.44755767409027997 99
