1717224514447 1.3560764789581299 1
1717224517467 1.2643311023712158 2
1717224520383 1.2042717933654785 3
1717224523448 1.1748148202896118 4
1717224526361 1.1538426876068115 5
1717224529325 1.1299831867218018 6
1717224532248 1.1060203313827515 7
1717224535248 1.0824812650680542 8
1717224538291 1.0471324920654297 9
1717224541241 0.9962984323501587 10
1717224544307 0.9247244596481323 11
1717224547309 0.8806326389312744 12
1717224550354 0.8657352328300476 13
1717224553393 0.8578824996948242 14
1717224556436 0.851482093334198 15
1717224559397 0.8454341888427734 16
1717224562379 0.8397596478462219 17
1717224565466 0.8349144458770752 18
1717224568435 0.8291837573051453 19
1717224571333 0.8233131766319275 20
1717224574471 0.8156269788742065 21
1717224577471 0.8076393604278564 22
1717224580564 0.799221932888031 23
1717224583472 0.7916291356086731 24
1717224586467 0.7838687896728516 25
1717224589483 0.7764173150062561 26
1717224592483 0.7693893909454346 27
1717224595504 0.7624418139457703 28
1717224598457 0.7555956244468689 29
1717224601383 0.74845290184021 30
1717224604384 0.7412113547325134 31
1717224607278 0.7341694235801697 32
1717224610230 0.7274127006530762 33
1717224613211 0.7209339141845703 34
1717224616169 0.7133235335350037 35
1717224619144 0.706293523311615 36
1717224622115 0.6988641619682312 37
1717224625183 0.6919656991958618 38
1717224628065 0.6847541928291321 39
1717224631201 0.677794873714447 40
1717224634170 0.6714677214622498 41
1717224637107 0.6645808815956116 42
1717224639934 0.6578130125999451 43
1717224642831 0.6512919068336487 44
1717224645815 0.6450181007385254 45
1717224648816 0.6391624212265015 46
1717224651932 0.6331015229225159 47
1717224654859 0.62706458568573 48
1717224657823 0.6213167905807495 49
1717224660880 0.6155698895454407 50
1717224664005 0.6099991798400879 51
1717224667007 0.6042772531509399 52
1717224670114 0.5988779067993164 53
1717224673130 0.5936481952667236 54
1717224676160 0.5885087847709656 55
1717224679125 0.5835821032524109 56
1717224682078 0.5788801312446594 57
1717224685096 0.5741404294967651 58
1717224687934 0.5693040490150452 59
1717224691056 0.5650850534439087 60
1717224693953 0.560957133769989 61
1717224696931 0.557030975818634 62
1717224699824 0.5533431768417358 63
1717224702826 0.5496857166290283 64
1717224705821 0.5462875962257385 65
1717224708870 0.5432730913162231 66
1717224711747 0.5402160286903381 67
1717224714782 0.5372494459152222 68
1717224717809 0.5344312787055969 69
1717224720790 0.5318470001220703 70
1717224723751 0.5293991565704346 71
1717224726817 0.5271283984184265 72
1717224729760 0.5248093605041504 73
1717224732708 0.5228844285011292 74
1717224735626 0.520839512348175 75
1717224738667 0.5191366076469421 76
1717224741681 0.5173929333686829 77
1717224744540 0.5154443383216858 78
1717224747530 0.5138264894485474 79
1717224750626 0.511947751045227 80
1717224753584 0.5104284286499023 81
1717224756628 0.508671760559082 82
1717224759534 0.5073557496070862 83
1717224762396 0.5057350397109985 84
1717224765298 0.5041965842247009 85
1717224768318 0.5027920007705688 86
1717224771247 0.5014085173606873 87
1717224774179 0.5001752972602844 88
1717224777035 0.4987872242927551 89
1717224779934 0.49784597754478455 90
1717224782827 0.49633604288101196 91
1717224785907 0.4952654540538788 92
1717224788922 0.49394530057907104 93
1717224792004 0.49271830916404724 94
1717224794983 0.4916377663612366 95
1717224798076 0.4903341829776764 96
1717224801051 0.4892321527004242 97
1717224803893 0.4881439208984375 98
1717224806921 0.48715585470199585 99
