1717224514447 0.39169900010746816 1
1717224517467 0.5538874747437674 2
1717224520383 0.6568154391018965 3
1717224523448 0.6725172908130843 4
1717224526361 0.6729628546168926 5
1717224529325 0.7028676194160599 6
1717224532248 0.7692662342281132 7
1717224535248 0.8054175959824594 8
1717224538291 0.8246507338308426 9
1717224541241 0.8538618629706715 10
1717224544307 0.8933732143512971 11
1717224547309 0.9071048657768983 12
1717224550354 0.9130649167117726 13
1717224553393 0.9163702726748845 14
1717224556436 0.9192660127023959 15
1717224559397 0.9214396335172497 16
1717224562379 0.9234820373513755 17
1717224565466 0.9252833498014919 18
1717224568435 0.9287478979715366 19
1717224571333 0.9325085573632937 20
1717224574471 0.9337598271854016 21
1717224577471 0.9370190229391555 22
1717224580564 0.9379544560885785 23
1717224583472 0.9386049174879576 24
1717224586467 0.9400885075226489 25
1717224589483 0.9413287420335062 26
1717224592483 0.9428216678848665 27
1717224595504 0.9446589964226438 28
1717224598457 0.9473640593714844 29
1717224601383 0.9489405395402599 30
1717224604384 0.9500226679203213 31
1717224607278 0.9501490622217251 32
1717224610230 0.9508893817930555 33
1717224613211 0.9505694561665544 34
1717224616169 0.9521282276175851 35
1717224619144 0.9527287473076053 36
1717224622115 0.954163231476766 37
1717224625183 0.9551642662436203 38
1717224628065 0.9549439594110947 39
1717224631201 0.9539543431201467 40
1717224634170 0.9539054550231849 41
1717224637107 0.954266299126089 42
1717224639934 0.9545882073100003 43
1717224642831 0.9549269191925147 44
1717224645815 0.9553082738229253 45
1717224648816 0.9554560185503725 46
1717224651932 0.9553368078378883 47
1717224654859 0.9554160463040399 48
1717224657823 0.9550966503180194 49
1717224660880 0.9554090383872254 50
1717224664005 0.9549992001470256 51
1717224667007 0.9550203794017723 52
1717224670114 0.9546587264159222 53
1717224673130 0.9542623668698216 54
1717224676160 0.9536413401836896 55
1717224679125 0.9543107777509466 56
1717224682078 0.9545710668848223 57
1717224685096 0.95473130615705 58
1717224687934 0.9552751375603642 59
1717224691056 0.9555085495724243 60
1717224693953 0.9555358186782257 61
1717224696931 0.9561367196207289 62
1717224699824 0.9564174961991443 63
1717224702826 0.9561439553308333 64
1717224705821 0.9564174958780187 65
1717224708870 0.9566734364140795 66
1717224711747 0.9555583571059562 67
1717224714782 0.9549212980384975 68
1717224717809 0.9549391029586184 69
1717224720790 0.9543531892969441 70
1717224723751 0.9531365849680851 71
1717224726817 0.9528175878836638 72
1717224729760 0.9532034892076666 73
1717224732708 0.9527740777295538 74
1717224735626 0.9527772007795708 75
1717224738667 0.9523086594884452 76
1717224741681 0.9519014245782202 77
1717224744540 0.9510529040181203 78
1717224747530 0.9503762490105311 79
1717224750626 0.9499194349971558 80
1717224753584 0.9502555086647643 81
1717224756628 0.949883132885564 82
1717224759534 0.9499672629112589 83
1717224762396 0.9494982596483813 84
1717224765298 0.9492320615314928 85
1717224768318 0.9489504070328284 86
1717224771247 0.9485633628541715 87
1717224774179 0.9487596449565313 88
1717224777035 0.9485456929422298 89
1717224779934 0.9485180771481037 90
1717224782827 0.9483228396898106 91
1717224785907 0.9478469147054093 92
1717224788922 0.9479650301168415 93
1717224792004 0.947756403440189 94
1717224794983 0.9476967595340906 95
1717224798076 0.9475216463045478 96
1717224801051 0.9478125570699445 97
1717224803893 0.947474847973545 98
1717224806921 0.9476572592049376 99
