1717224514447 75298.0 1
1717224517467 81307.0 2
1717224520383 103956.0 3
1717224523448 107489.0 4
1717224526361 107620.0 5
1717224529325 114632.0 6
1717224532248 128640.0 7
1717224535248 134655.0 8
1717224538291 133261.0 9
1717224541241 128108.0 10
1717224544307 123631.0 11
1717224547309 119431.0 12
1717224550354 119823.0 13
1717224553393 120170.0 14
1717224556436 120258.0 15
1717224559397 120187.0 16
1717224562379 120036.0 17
1717224565466 120129.0 18
1717224568435 120324.0 19
1717224571333 120357.0 20
1717224574471 119391.0 21
1717224577471 118921.0 22
1717224580564 117895.0 23
1717224583472 117194.0 24
1717224586467 116196.0 25
1717224589483 115253.0 26
1717224592483 114184.0 27
1717224595504 113122.0 28
1717224598457 112085.0 29
1717224601383 110897.0 30
1717224604384 109743.0 31
1717224607278 108614.0 32
1717224610230 107469.0 33
1717224613211 106444.0 34
1717224616169 105572.0 35
1717224619144 105043.0 36
1717224622115 104266.0 37
1717224625183 103699.0 38
1717224628065 102802.0 39
1717224631201 102208.0 40
1717224634170 101374.0 41
1717224637107 100472.0 42
1717224639934 99643.0 43
1717224642831 98951.0 44
1717224645815 98191.0 45
1717224648816 97462.0 46
1717224651932 96559.0 47
1717224654859 95661.0 48
1717224657823 94686.0 49
1717224660880 93881.0 50
1717224664005 93021.0 51
1717224667007 92112.0 52
1717224670114 91269.0 53
1717224673130 90520.0 54
1717224676160 89796.0 55
1717224679125 89144.0 56
1717224682078 88398.0 57
1717224685096 87732.0 58
1717224687934 87002.0 59
1717224691056 86385.0 60
1717224693953 85706.0 61
1717224696931 85071.0 62
1717224699824 84374.0 63
1717224702826 83803.0 64
1717224705821 83279.0 65
1717224708870 82769.0 66
1717224711747 82305.0 67
1717224714782 81833.0 68
1717224717809 81298.0 69
1717224720790 80805.0 70
1717224723751 80279.0 71
1717224726817 79850.0 72
1717224729760 79375.0 73
1717224732708 78964.0 74
1717224735626 78649.0 75
1717224738667 78293.0 76
1717224741681 78014.0 77
1717224744540 77690.0 78
1717224747530 77399.0 79
1717224750626 77087.0 80
1717224753584 76857.0 81
1717224756628 76503.0 82
1717224759534 76322.0 83
1717224762396 75978.0 84
1717224765298 75677.0 85
1717224768318 75435.0 86
1717224771247 75203.0 87
1717224774179 75025.0 88
1717224777035 74805.0 89
1717224779934 74646.0 90
1717224782827 74474.0 91
1717224785907 74203.0 92
1717224788922 74013.0 93
1717224792004 73811.0 94
1717224794983 73710.0 95
1717224798076 73492.0 96
1717224801051 73282.0 97
1717224803893 73105.0 98
1717224806921 72941.0 99
