1717224514447 0.18472114205360413 1
1717224517467 0.24173659086227417 2
1717224520383 0.2348352074623108 3
1717224523448 0.23351538181304932 4
1717224526361 0.23344217240810394 5
1717224529325 0.2315288782119751 6
1717224532248 0.23015986382961273 7
1717224535248 0.23129130899906158 8
1717224538291 0.2387866973876953 9
1717224541241 0.2556374669075012 10
1717224544307 0.27612292766571045 11
1717224547309 0.2880280315876007 12
1717224550354 0.2891271114349365 13
1717224553393 0.2894543707370758 14
1717224556436 0.29009661078453064 15
1717224559397 0.2908601462841034 16
1717224562379 0.2917584776878357 17
1717224565466 0.2921760678291321 18
1717224568435 0.29299071431159973 19
1717224571333 0.29428744316101074 20
1717224574471 0.2966569662094116 21
1717224577471 0.29867082834243774 22
1717224580564 0.30109408497810364 23
1717224583472 0.302767276763916 24
1717224586467 0.3054707646369934 25
1717224589483 0.30795758962631226 26
1717224592483 0.3108866214752197 27
1717224595504 0.31402891874313354 28
1717224598457 0.3173605501651764 29
1717224601383 0.320914089679718 30
1717224604384 0.32405993342399597 31
1717224607278 0.3268691301345825 32
1717224610230 0.3300902843475342 33
1717224613211 0.33277061581611633 34
1717224616169 0.33553364872932434 35
1717224619144 0.3372696042060852 36
1717224622115 0.33984214067459106 37
1717224625183 0.34176987409591675 38
1717224628065 0.3441038727760315 39
1717224631201 0.34528428316116333 40
1717224634170 0.3478446900844574 41
1717224637107 0.35047292709350586 42
1717224639934 0.35309839248657227 43
1717224642831 0.3551235795021057 44
1717224645815 0.3574483096599579 45
1717224648816 0.3597072958946228 46
1717224651932 0.362276554107666 47
1717224654859 0.36497241258621216 48
1717224657823 0.36805519461631775 49
1717224660880 0.3707670569419861 50
1717224664005 0.3734684884548187 51
1717224667007 0.3764285445213318 52
1717224670114 0.37905779480934143 53
1717224673130 0.3813841640949249 54
1717224676160 0.3835797607898712 55
1717224679125 0.3860265910625458 56
1717224682078 0.38871222734451294 57
1717224685096 0.39112287759780884 58
1717224687934 0.3939279615879059 59
1717224691056 0.39621084928512573 60
1717224693953 0.39859169721603394 61
1717224696931 0.4011392891407013 62
1717224699824 0.40378254652023315 63
1717224702826 0.4058058261871338 64
1717224705821 0.4078802764415741 65
1717224708870 0.4099964499473572 66
1717224711747 0.41133201122283936 67
1717224714782 0.41286516189575195 68
1717224717809 0.41498294472694397 69
1717224720790 0.4167358875274658 70
1717224723751 0.4183216691017151 71
1717224726817 0.41990870237350464 72
1717224729760 0.42193788290023804 73
1717224732708 0.42339831590652466 74
1717224735626 0.42466914653778076 75
1717224738667 0.4260101318359375 76
1717224741681 0.4270482063293457 77
1717224744540 0.4280049204826355 78
1717224747530 0.4289538264274597 79
1717224750626 0.43002232909202576 80
1717224753584 0.4311947822570801 81
1717224756628 0.43241432309150696 82
1717224759534 0.43336084485054016 83
1717224762396 0.43454164266586304 84
1717224765298 0.4357064664363861 85
1717224768318 0.43657252192497253 86
1717224771247 0.43740224838256836 87
1717224774179 0.4383144974708557 88
1717224777035 0.43913424015045166 89
1717224779934 0.439987450838089 90
1717224782827 0.44054752588272095 91
1717224785907 0.44176286458969116 92
1717224788922 0.44258520007133484 93
1717224792004 0.4434826374053955 94
1717224794983 0.44393426179885864 95
1717224798076 0.4448428153991699 96
1717224801051 0.4459597170352936 97
1717224803893 0.44664114713668823 98
1717224806921 0.447557657957077 99
