1717096763041 0.7942567398751266 1
1717096763836 0.6767024339212696 2
1717096764634 0.6193346059883746 3
1717096765438 0.6026409893803052 4
1717096766289 0.5962263606283003 5
1717096767135 0.633047758225809 6
1717096767958 0.6008904638736614 7
1717096768771 0.5904711863374938 8
1717096769617 0.5630436773603783 9
1717096770446 0.5919071423521249 10
1717096771264 0.5347289908996573 11
1717096772101 0.5728711170995897 12
1717096772911 0.5596477145270229 13
1717096773753 0.5736120930418092 14
1717096774585 0.5682384604328253 15
1717096775445 0.5648688707611895 16
1717096776279 0.5619355298926523 17
1717096777108 0.561681037916968 18
1717096777949 0.5694558767327548 19
1717096778804 0.5641987133391886 20
1717096779680 0.5660779090237135 21
1717096780531 0.5653699627057905 22
1717096781373 0.5641458848899984 23
1717096782186 0.5684001488074586 24
1717096783010 0.5739665969343861 25
1717096783835 0.5741363316931256 26
1717096784685 0.5759269025361617 27
1717096785535 0.5830083726623903 28
1717096786389 0.58011999216171 29
1717096787232 0.5868620630242074 30
1717096788061 0.591945207679187 31
1717096788903 0.5938950963461838 32
1717096789721 0.5973526686688332 33
1717096790557 0.6102454551890483 34
1717096791413 0.6120650750054522 35
1717096792233 0.6051537880078545 36
1717096793071 0.6159085611142108 37
1717096793913 0.6130559669619888 38
1717096794807 0.612496662103156 39
1717096795679 0.607141137567053 40
1717096796552 0.6251813929332883 41
1717096797381 0.5987433969919229 42
1717096798250 0.6014504935118369 43
1717096799127 0.6095168110501241 44
1717096799968 0.5990803750471914 45
1717096800798 0.6122292563065206 46
1717096801681 0.5966365563349061 47
1717096802517 0.6061283085770008 48
1717096803373 0.6008383754969313 49
1717096804218 0.5959841431149921 50
1717096805043 0.6038097925508275 51
1717096805883 0.5920848649106095 52
1717096806730 0.5986914062741788 53
1717096807590 0.6030023572637808 54
1717096808445 0.6063350597607063 55
1717096809296 0.6120027330097522 56
1717096810126 0.6055158493410566 57
1717096810981 0.6063894349874808 58
1717096811827 0.605710856658729 59
1717096812663 0.6030074397561336 60
1717096813527 0.6092597622503823 61
1717096814385 0.6150209597027154 62
1717096815222 0.622952315387223 63
1717096816040 0.6217387983302045 64
1717096816901 0.6145965225011778 65
1717096817724 0.6303344943029127 66
1717096818575 0.6309597487799012 67
1717096819421 0.6230940491818688 68
1717096820230 0.6306189067250516 69
1717096821056 0.6300530959521855 70
1717096821884 0.6317591157975169 71
1717096822741 0.6329764932144467 72
1717096823619 0.6338064033794389 73
1717096824436 0.6338191730274938 74
1717096825277 0.6452715287274619 75
1717096826127 0.6380617003603704 76
1717096826959 0.6402240821432412 77
1717096827805 0.6340779202511416 78
1717096828643 0.6382184801044679 79
1717096829510 0.6476828640712701 80
1717096830371 0.6354018109116453 81
1717096831316 0.6416423713896424 82
1717096832144 0.6406795955584423 83
1717096832997 0.6401471091785927 84
1717096833821 0.6459078507650552 85
1717096834686 0.6499041985654592 86
1717096835528 0.641662947200002 87
1717096836379 0.645943656073589 88
1717096837227 0.6468927984799656 89
1717096838084 0.6520555111201793 90
1717096838949 0.6462214782414397 91
1717096839796 0.6489111189377728 92
1717096840646 0.6448179211222262 93
1717096841472 0.6506482163817203 94
1717096842302 0.6463621460725187 95
1717096843135 0.6493493165623131 96
1717096844030 0.6505507897038783 97
1717096844837 0.6442849942143372 98
1717096845660 0.6478285231915809 99
