1717096763041 0.1982399539116949 1
1717096763836 0.32387276471995297 2
1717096764634 0.40418750622461536 3
1717096765438 0.43635345523711105 4
1717096766289 0.4626538971020009 5
1717096767135 0.4365335884324737 6
1717096767958 0.47693419828215755 7
1717096768771 0.492161908536261 8
1717096769617 0.5198616227310755 9
1717096770446 0.5013833867509245 10
1717096771264 0.5732423709613866 11
1717096772101 0.5344320025317852 12
1717096772911 0.5526194073692332 13
1717096773753 0.5467398894141308 14
1717096774585 0.5686272177369046 15
1717096775445 0.5824677167833227 16
1717096776279 0.5982289902728197 17
1717096777108 0.604841306682656 18
1717096777949 0.6089382383935292 19
1717096778804 0.6230664260934001 20
1717096779680 0.6310867435352874 21
1717096780531 0.6395941375977754 22
1717096781373 0.6483188817847358 23
1717096782186 0.6499545008195369 24
1717096783010 0.6448810249329137 25
1717096783835 0.6551487837205963 26
1717096784685 0.6556036898026818 27
1717096785535 0.6537480288679883 28
1717096786389 0.6621659735435059 29
1717096787232 0.6619740808074392 30
1717096788061 0.664113022426299 31
1717096788903 0.6677931386872721 32
1717096789721 0.6702386392219739 33
1717096790557 0.6593686042365823 34
1717096791413 0.6606488720835075 35
1717096792233 0.675604193777751 36
1717096793071 0.6616075767621581 37
1717096793913 0.6794062574945512 38
1717096794807 0.6783617441523757 39
1717096795679 0.6948787004708996 40
1717096796552 0.6663594355985221 41
1717096797381 0.7131934459216427 42
1717096798250 0.7178253980077387 43
1717096799127 0.6889921907589329 44
1717096799968 0.7251393865771836 45
1717096800798 0.7071730610050189 46
1717096801681 0.74101020533066 47
1717096802517 0.7268971194995377 48
1717096803373 0.7310261816738272 49
1717096804218 0.7466844255196734 50
1717096805043 0.7280931022715553 51
1717096805883 0.7468426025270839 52
1717096806730 0.7449340548193009 53
1717096807590 0.7418052402012456 54
1717096808445 0.7381119310369383 55
1717096809296 0.7310154771319977 56
1717096810126 0.7438300233588069 57
1717096810981 0.7444119256145327 58
1717096811827 0.7452130582984557 59
1717096812663 0.7479031463437744 60
1717096813527 0.7415293299282939 61
1717096814385 0.7360441393937972 62
1717096815222 0.7288444899055825 63
1717096816040 0.7346174174299482 64
1717096816901 0.7427196934003258 65
1717096817724 0.7194815940609862 66
1717096818575 0.719432967620046 67
1717096819421 0.7393532365884092 68
1717096820230 0.7325720144293821 69
1717096821056 0.7306934543049991 70
1717096821884 0.7265979309962828 71
1717096822741 0.7260220086960113 72
1717096823619 0.7268585954750713 73
1717096824436 0.7302179095964281 74
1717096825277 0.7131607460965695 75
1717096826127 0.7274214783777594 76
1717096826959 0.7241959597229173 77
1717096827805 0.7308926058849774 78
1717096828643 0.7276298055110931 79
1717096829510 0.7161844171907797 80
1717096830371 0.7284363046477706 81
1717096831316 0.7221691478291995 82
1717096832144 0.726086222962232 83
1717096832997 0.7271509986603083 84
1717096833821 0.7187655516410253 85
1717096834686 0.7130919966489213 86
1717096835528 0.7273067787173965 87
1717096836379 0.7232003954544588 88
1717096837227 0.7197266835257092 89
1717096838084 0.7139705456633229 90
1717096838949 0.7219592769445409 91
1717096839796 0.7217747724583005 92
1717096840646 0.7258858872018892 93
1717096841472 0.7189081074941877 94
1717096842302 0.7232599926960102 95
1717096843135 0.7185154111798343 96
1717096844030 0.7194380311557051 97
1717096844837 0.7254960412859881 98
1717096845660 0.723137373330822 99
