1717096763041 21535.0 1
1717096763836 35488.0 2
1717096764634 41506.0 3
1717096765438 45135.0 4
1717096766289 44841.0 5
1717096767135 42669.0 6
1717096767958 45048.0 7
1717096768771 46526.0 8
1717096769617 50194.0 9
1717096770446 48106.0 10
1717096771264 54718.0 11
1717096772101 50549.0 12
1717096772911 51178.0 13
1717096773753 49521.0 14
1717096774585 50252.0 15
1717096775445 50539.0 16
1717096776279 51085.0 17
1717096777108 51102.0 18
1717096777949 50496.0 19
1717096778804 51312.0 20
1717096779680 51259.0 21
1717096780531 51378.0 22
1717096781373 51564.0 23
1717096782186 51147.0 24
1717096783010 50759.0 25
1717096783835 50814.0 26
1717096784685 50578.0 27
1717096785535 50090.0 28
1717096786389 50397.0 29
1717096787232 49894.0 30
1717096788061 49562.0 31
1717096788903 49576.0 32
1717096789721 49460.0 33
1717096790557 48068.0 34
1717096791413 48051.0 35
1717096792233 49131.0 36
1717096793071 47713.0 37
1717096793913 48567.0 38
1717096794807 48579.0 39
1717096795679 49405.0 40
1717096796552 46964.0 41
1717096797381 50714.0 42
1717096798250 50542.0 43
1717096799127 48978.0 44
1717096799968 51000.0 45
1717096800798 49257.0 46
1717096801681 51615.0 47
1717096802517 50470.0 48
1717096803373 50992.0 49
1717096804218 51941.0 50
1717096805043 50426.0 51
1717096805883 52043.0 52
1717096806730 51369.0 53
1717096807590 50953.0 54
1717096808445 50494.0 55
1717096809296 49888.0 56
1717096810126 50791.0 57
1717096810981 50845.0 58
1717096811827 50870.0 59
1717096812663 51161.0 60
1717096813527 50474.0 61
1717096814385 49854.0 62
1717096815222 49146.0 63
1717096816040 49425.0 64
1717096816901 50093.0 65
1717096817724 48331.0 66
1717096818575 48069.0 67
1717096819421 49407.0 68
1717096820230 48549.0 69
1717096821056 48465.0 70
1717096821884 48233.0 71
1717096822741 48139.0 72
1717096823619 48384.0 73
1717096824436 48377.0 74
1717096825277 47067.0 75
1717096826127 48058.0 76
1717096826959 47857.0 77
1717096827805 48360.0 78
1717096828643 47929.0 79
1717096829510 46960.0 80
1717096830371 48367.0 81
1717096831316 47528.0 82
1717096832144 47857.0 83
1717096832997 47752.0 84
1717096833821 47136.0 85
1717096834686 46736.0 86
1717096835528 47842.0 87
1717096836379 47344.0 88
1717096837227 47155.0 89
1717096838084 46444.0 90
1717096838949 47218.0 91
1717096839796 47217.0 92
1717096840646 47698.0 93
1717096841472 47041.0 94
1717096842302 47383.0 95
1717096843135 46963.0 96
1717096844030 47052.0 97
1717096844837 47562.0 98
1717096845660 47198.0 99
