1717096906197 0.28905244331498053 1
1717096910182 0.2836970366043875 2
1717096914068 0.2782744158039126 3
1717096918059 0.2846936974319991 4
1717096922032 0.27491635069416615 5
1717096925964 0.2917079220129592 6
1717096929882 0.28556871049796795 7
1717096933854 0.2797778293571587 8
1717096937766 0.29240507880215544 9
1717096941729 0.2895167139661011 10
1717096945687 0.2907318672889509 11
1717096950107 0.28740156883677476 12
1717096954357 0.2897589259625241 13
1717096958327 0.2988493760299699 14
1717096962273 0.2992464856764195 15
1717096966257 0.30844983412233395 16
1717096970201 0.3058039596088679 17
1717096974137 0.3219478734847144 18
1717096978089 0.3163707640945305 19
1717096982106 0.3222807975762688 20
1717096986070 0.32909047414620374 21
1717096990059 0.3396062616296457 22
1717096994059 0.34082917054687606 23
1717096997985 0.348228949141039 24
1717097001899 0.36370920382263355 25
1717097005848 0.3592662308481908 26
1717097009832 0.346775730978731 27
1717097013979 0.3538777639511644 28
1717097017929 0.3565301849613437 29
1717097021896 0.3569605367820031 30
1717097025877 0.35460919178635325 31
1717097029818 0.35792474079115016 32
1717097033825 0.3575192598253734 33
1717097037815 0.36598895474789717 34
1717097041793 0.37084801068242673 35
1717097045767 0.3730837414412716 36
1717097049768 0.37801140423830154 37
1717097053739 0.37839096313000603 38
1717097057690 0.375834607073795 39
1717097061613 0.3806242362155536 40
1717097065610 0.3860003605784889 41
1717097069586 0.3873860895534363 42
1717097073554 0.38204364697620746 43
1717097077748 0.3862418382365476 44
1717097082089 0.38925784371943256 45
1717097086066 0.3891436665710746 46
1717097090159 0.39323991272436143 47
1717097094142 0.39547021888733425 48
1717097098119 0.3986179819762153 49
1717097102314 0.3968898849308381 50
1717097106349 0.39987933536949305 51
1717097110290 0.3957250519396363 52
1717097114240 0.39527206710293006 53
1717097118245 0.3954734702778497 54
1717097122204 0.4011020978681319 55
1717097126203 0.4039821829120727 56
1717097130184 0.4065162886441974 57
1717097134145 0.4110936812794428 58
1717097138112 0.41141549460297827 59
1717097142054 0.41405455819085263 60
1717097146053 0.4202399381817628 61
1717097150010 0.4226616307560696 62
1717097153968 0.41499091203117405 63
1717097157951 0.4134495008895321 64
1717097161969 0.4143062172871481 65
1717097165922 0.4233255304489987 66
1717097169858 0.42742340568807613 67
1717097173849 0.42962459560133154 68
1717097177834 0.4314847003163818 69
1717097181887 0.43656063463970296 70
1717097186016 0.4385037333653401 71
1717097190170 0.44133765477200354 72
1717097194218 0.44405726068769164 73
1717097198175 0.44136387992286924 74
1717097202165 0.4414277186186151 75
1717097206126 0.44286010553153254 76
1717097210114 0.4455870643499185 77
1717097214049 0.4424602691995849 78
1717097218047 0.4456738073960603 79
1717097222065 0.45374282321801773 80
1717097226041 0.4549619912257202 81
1717097229999 0.4539097900048702 82
1717097234002 0.4574684598629759 83
1717097237946 0.45981301182984685 84
1717097241896 0.46234787396320937 85
1717097245845 0.46577744741350535 86
1717097249891 0.46649370989822486 87
1717097254215 0.4703554107748583 88
1717097258461 0.4716389718345698 89
1717097262741 0.4744629600691292 90
1717097267026 0.4746489620622122 91
1717097271278 0.47493258328982046 92
1717097275556 0.47127046032649017 93
1717097279891 0.46587573682995054 94
1717097285225 0.470472558239318 95
1717097289583 0.4753857715214508 96
1717097293898 0.4790184172380787 97
1717097298222 0.48012447206173536 98
1717097302524 0.4735340712803796 99
