1717096906197 0.4502006437254248 1
1717096910182 0.5032087356572229 2
1717096914068 0.5549658092532322 3
1717096918059 0.5316575409733809 4
1717096922032 0.5321457357082663 5
1717096925964 0.4891275716098415 6
1717096929882 0.5208936424327485 7
1717096933854 0.5414692633157342 8
1717096937766 0.5275998275877996 9
1717096941729 0.5793504052647374 10
1717096945687 0.569856044532529 11
1717096950107 0.582763567420854 12
1717096954357 0.5108693551196677 13
1717096958327 0.5649217394121694 14
1717096962273 0.6074176487750019 15
1717096966257 0.5729750418334075 16
1717096970201 0.5702631903175821 17
1717096974137 0.5800512236298558 18
1717096978089 0.5741668874421031 19
1717096982106 0.5965741112554319 20
1717096986070 0.6160800326184518 21
1717096990059 0.5968927411380033 22
1717096994059 0.5771739728152955 23
1717096997985 0.5990142669106662 24
1717097001899 0.5805679900483306 25
1717097005848 0.5897224670288798 26
1717097009832 0.6241801063898839 27
1717097013979 0.5797350815298565 28
1717097017929 0.5827500350010254 29
1717097021896 0.5760986606520332 30
1717097025877 0.5800295712413346 31
1717097029818 0.5601454235468165 32
1717097033825 0.5594457452082757 33
1717097037815 0.547253844230156 34
1717097041793 0.5500521830913025 35
1717097045767 0.5584841777002169 36
1717097049768 0.5446884585524414 37
1717097053739 0.5612405718688946 38
1717097057690 0.5414806451419246 39
1717097061613 0.5538216790308024 40
1717097065610 0.5436560782142253 41
1717097069586 0.5659124025855681 42
1717097073554 0.5416069037152502 43
1717097077748 0.5461443765749282 44
1717097082089 0.5690919488025823 45
1717097086066 0.5561090644558776 46
1717097090159 0.5592075842773697 47
1717097094142 0.5730828224834733 48
1717097098119 0.5625081777566976 49
1717097102314 0.5605600626593353 50
1717097106349 0.5668833974887515 51
1717097110290 0.5663062348309947 52
1717097114240 0.5635947044523183 53
1717097118245 0.5569439309893006 54
1717097122204 0.5666894453880005 55
1717097126203 0.5662717733707235 56
1717097130184 0.5657169789350489 57
1717097134145 0.5844669589778514 58
1717097138112 0.58203575399218 59
1717097142054 0.593534395689751 60
1717097146053 0.6044939781001939 61
1717097150010 0.6114594908714363 62
1717097153968 0.6068012693218398 63
1717097157951 0.6157405606323506 64
1717097161969 0.5981622727456134 65
1717097165922 0.611871465983622 66
1717097169858 0.6024699843476748 67
1717097173849 0.6098119193916908 68
1717097177834 0.6180671564297715 69
1717097181887 0.6126229011670382 70
1717097186016 0.6200737160440914 71
1717097190170 0.621702614923673 72
1717097194218 0.6249649733273348 73
1717097198175 0.623538891086602 74
1717097202165 0.6268099602797913 75
1717097206126 0.6318567542039841 76
1717097210114 0.6253511866074913 77
1717097214049 0.6223907532698936 78
1717097218047 0.6291339476467619 79
1717097222065 0.6298717850729275 80
1717097226041 0.6358179917482464 81
1717097229999 0.6380943588645324 82
1717097234002 0.6407242521526907 83
1717097237946 0.6438522749006826 84
1717097241896 0.6487107418692204 85
1717097245845 0.6528530191644566 86
1717097249891 0.6506927093795103 87
1717097254215 0.6576982928400791 88
1717097258461 0.6636843550155105 89
1717097262741 0.6724874147676106 90
1717097267026 0.6653503858904531 91
1717097271278 0.6756075067144036 92
1717097275556 0.6692318915319316 93
1717097279891 0.66525108669747 94
1717097285225 0.6726028727721818 95
1717097289583 0.6708786865243724 96
1717097293898 0.6792246182840385 97
1717097298222 0.678298301164956 98
1717097302524 0.6764566276128768 99
