1717227812996 287363.0 1
1717227818737 287363.0 2
1717227824457 287363.0 3
1717227830161 287363.0 4
1717227835885 287363.0 5
1717227841818 287363.0 6
1717227847676 287363.0 7
1717227853412 287363.0 8
1717227859165 287363.0 9
1717227864843 287363.0 10
1717227870526 287363.0 11
1717227876309 287363.0 12
1717227882164 287363.0 13
1717227887857 287363.0 14
1717227893636 287363.0 15
1717227899411 287363.0 16
1717227905186 287363.0 17
1717227911009 287363.0 18
1717227917640 287363.0 19
1717227923456 287363.0 20
1717227929488 287363.0 21
1717227935275 287363.0 22
1717227941313 287363.0 23
1717227947031 287363.0 24
1717227952866 287363.0 25
1717227958694 287363.0 26
1717227964469 287363.0 27
1717227970239 287363.0 28
1717227976176 287363.0 29
1717227981927 287363.0 30
1717227987778 287363.0 31
1717227993571 287363.0 32
1717227999353 287363.0 33
1717228005176 287363.0 34
1717228010934 287363.0 35
1717228016719 287363.0 36
1717228022490 287363.0 37
1717228028265 287363.0 38
1717228034283 287363.0 39
1717228040097 287363.0 40
1717228045821 287363.0 41
1717228051641 287363.0 42
1717228057551 287363.0 43
1717228063285 287363.0 44
1717228069049 287363.0 45
1717228074873 287363.0 46
1717228080761 287363.0 47
1717228086637 287363.0 48
1717228092497 287363.0 49
1717228098778 287363.0 50
1717228104684 287363.0 51
1717228110523 287363.0 52
1717228116419 287363.0 53
1717228122396 287363.0 54
1717228128327 287363.0 55
1717228134217 287363.0 56
1717228140146 287363.0 57
1717228145987 287363.0 58
1717228152226 287363.0 59
1717228158184 287363.0 60
1717228164147 287363.0 61
1717228170166 287363.0 62
1717228176181 287363.0 63
1717228182333 287363.0 64
1717228188380 287363.0 65
1717228194654 287363.0 66
1717228200759 287363.0 67
1717228206864 287363.0 68
1717228213014 287363.0 69
1717228219266 287363.0 70
1717228225401 287363.0 71
1717228232291 287363.0 72
1717228238841 287363.0 73
1717228245139 287363.0 74
1717228251306 287363.0 75
1717228257460 287363.0 76
1717228263510 287363.0 77
1717228269841 287363.0 78
1717228275991 287363.0 79
1717228282539 287363.0 80
1717228288817 287363.0 81
1717228295073 287363.0 82
1717228301250 287363.0 83
1717228307374 287363.0 84
1717228313573 287363.0 85
1717228319776 287363.0 86
1717228325913 287363.0 87
1717228332207 287363.0 88
1717228338681 287363.0 89
1717228344793 287363.0 90
1717228350952 287363.0 91
1717228357152 287363.0 92
1717228363420 287363.0 93
1717228369643 287363.0 94
1717228375864 287363.0 95
1717228382257 287363.0 96
1717228388550 287363.0 97
1717228394908 287363.0 98
1717228401135 287363.0 99
