1717227812996 0.5412802918606997 1
1717227818737 0.5282483540783477 2
1717227824457 0.5323616872124615 3
1717227830161 0.5487379617165266 4
1717227835885 0.5730140143150523 5
1717227841818 0.5745659554439922 6
1717227847676 0.596944299136844 7
1717227853412 0.6131929910818444 8
1717227859165 0.6280478644162076 9
1717227864843 0.628889992831729 10
1717227870526 0.5962400026929479 11
1717227876309 0.6276947027081625 12
1717227882164 0.606754715520667 13
1717227887857 0.6038094708652643 14
1717227893636 0.6152665694063809 15
1717227899411 0.6116503913099942 16
1717227905186 0.6287602864773857 17
1717227911009 0.646682202494159 18
1717227917640 0.630358235755629 19
1717227923456 0.642083600706179 20
1717227929488 0.6273724641802063 21
1717227935275 0.6648512633530191 22
1717227941313 0.6470246018647559 23
1717227947031 0.6199029835653451 24
1717227952866 0.634298345867828 25
1717227958694 0.6414374580527126 26
1717227964469 0.6359805906970141 27
1717227970239 0.6550050147890025 28
1717227976176 0.6826001964862217 29
1717227981927 0.6505446079290649 30
1717227987778 0.6595499310188314 31
1717227993571 0.6515297151541998 32
1717227999353 0.6579978575251778 33
1717228005176 0.6611866852284793 34
1717228010934 0.6768692538967387 35
1717228016719 0.6610618087845828 36
1717228022490 0.6729514645663518 37
1717228028265 0.6745483635452971 38
1717228034283 0.6896759989197463 39
1717228040097 0.6924733291952331 40
1717228045821 0.6716771270602694 41
1717228051641 0.6867767914147396 42
1717228057551 0.6926540242856031 43
1717228063285 0.6699221340814964 44
1717228069049 0.6851860990155223 45
1717228074873 0.6950186184049142 46
1717228080761 0.698482910045484 47
1717228086637 0.699243306986014 48
1717228092497 0.6983283088716019 49
1717228098778 0.7029674835650004 50
1717228104684 0.7041048154628867 51
1717228110523 0.7068295074325801 52
1717228116419 0.7137571535928645 53
1717228122396 0.7179064443906481 54
1717228128327 0.7204104915424236 55
1717228134217 0.7305407947298252 56
1717228140146 0.7181677511841185 57
1717228145987 0.7355715511232719 58
1717228152226 0.7345288441185491 59
1717228158184 0.7342626530603182 60
1717228164147 0.7427726901984584 61
1717228170166 0.7455532167125478 62
1717228176181 0.7558031836418635 63
1717228182333 0.766596167048154 64
1717228188380 0.77212342746409 65
1717228194654 0.7793765826394796 66
1717228200759 0.7856834354583998 67
1717228206864 0.7858669133817414 68
1717228213014 0.7879735679999353 69
1717228219266 0.7942712863973873 70
1717228225401 0.7896211339311298 71
1717228232291 0.8035228002385804 72
1717228238841 0.7906206484270769 73
1717228245139 0.790682988792571 74
1717228251306 0.796404307381792 75
1717228257460 0.7945242926200287 76
1717228263510 0.7967360352425913 77
1717228269841 0.8075760942089334 78
1717228275991 0.8089167266143515 79
1717228282539 0.8075289670086558 80
1717228288817 0.8173574907950195 81
1717228295073 0.8204765717529937 82
1717228301250 0.8202414944466023 83
1717228307374 0.8319682925769326 84
1717228313573 0.8275791005873854 85
1717228319776 0.8396663910717893 86
1717228325913 0.841081129460097 87
1717228332207 0.8355769932203722 88
1717228338681 0.846397897380769 89
1717228344793 0.8497999975482474 90
1717228350952 0.8515947962523391 91
1717228357152 0.8592295867478088 92
1717228363420 0.8614930983683973 93
1717228369643 0.8632609863051671 94
1717228375864 0.8701254175948173 95
1717228382257 0.8699220621876425 96
1717228388550 0.8723344076288853 97
1717228394908 0.8756487149635527 98
1717228401135 0.8746837567749312 99
