1717227812996 0.4887957863417384 1
1717227818737 0.5225876703717114 2
1717227824457 0.5463632774026068 3
1717227830161 0.5561562330875763 4
1717227835885 0.5611791150672806 5
1717227841818 0.5847625374043063 6
1717227847676 0.5808192369242042 7
1717227853412 0.5674996257371361 8
1717227859165 0.5557969319567059 9
1717227864843 0.5710965173849155 10
1717227870526 0.6115429555935374 11
1717227876309 0.5875448594385114 12
1717227882164 0.6125797374465368 13
1717227887857 0.6091828512079053 14
1717227893636 0.6106423247441092 15
1717227899411 0.6226795551848892 16
1717227905186 0.6272544922618415 17
1717227911009 0.6235809233500235 18
1717227917640 0.6459771820768846 19
1717227923456 0.6406154205389835 20
1717227929488 0.6481216660155862 21
1717227935275 0.6117589875672562 22
1717227941313 0.6350948627578821 23
1717227947031 0.68171980126862 24
1717227952866 0.6535387824110431 25
1717227958694 0.6635643043498116 26
1717227964469 0.6764953699794657 27
1717227970239 0.665852275504 28
1717227976176 0.63465176815606 29
1717227981927 0.6944166842090295 30
1717227987778 0.6870333348706936 31
1717227993571 0.709022085572048 32
1717227999353 0.7086417041410846 33
1717228005176 0.7147225541902679 34
1717228010934 0.6977006306573135 35
1717228016719 0.7334862746727203 36
1717228022490 0.7303633762023481 37
1717228028265 0.7388298088878942 38
1717228034283 0.7257685778259599 39
1717228040097 0.730922299338734 40
1717228045821 0.7473578882647529 41
1717228051641 0.7364556266528157 42
1717228057551 0.731504095530169 43
1717228063285 0.7683489373418568 44
1717228069049 0.7628762700751038 45
1717228074873 0.7643864457371693 46
1717228080761 0.7554399848427883 47
1717228086637 0.7645775751447511 48
1717228092497 0.7739576167295419 49
1717228098778 0.7754744843085929 50
1717228104684 0.7798810207504523 51
1717228110523 0.7833579347192289 52
1717228116419 0.791042702185623 53
1717228122396 0.7940886959173337 54
1717228128327 0.8008143733499591 55
1717228134217 0.7884555724798893 56
1717228140146 0.819968498621084 57
1717228145987 0.8115925910060743 58
1717228152226 0.8070130209317051 59
1717228158184 0.8295325851709878 60
1717228164147 0.8353868309067107 61
1717228170166 0.8436289416620887 62
1717228176181 0.8489508743140035 63
1717228182333 0.8550164943890374 64
1717228188380 0.8584784108094043 65
1717228194654 0.8626823589693947 66
1717228200759 0.8558463560057326 67
1717228206864 0.8592956733301947 68
1717228213014 0.8584880075326713 69
1717228219266 0.8516765089965062 70
1717228225401 0.8699144743160261 71
1717228232291 0.8465128011755303 72
1717228238841 0.8533823920412846 73
1717228245139 0.8631236736207147 74
1717228251306 0.8617190014986845 75
1717228257460 0.8513534713647066 76
1717228263510 0.8657846175771637 77
1717228269841 0.8683799762657162 78
1717228275991 0.8812636113393512 79
1717228282539 0.8859949211153406 80
1717228288817 0.8808055846490819 81
1717228295073 0.8840475876290821 82
1717228301250 0.896728054553712 83
1717228307374 0.8953605134328991 84
1717228313573 0.8981178153469485 85
1717228319776 0.8956219502330925 86
1717228325913 0.9046636960435328 87
1717228332207 0.9027678566070454 88
1717228338681 0.9048085392357381 89
1717228344793 0.9100160875788059 90
1717228350952 0.9183411387071985 91
1717228357152 0.919759146522596 92
1717228363420 0.921198377885941 93
1717228369643 0.9213880374763384 94
1717228375864 0.9181559401641016 95
1717228382257 0.9257669400345109 96
1717228388550 0.9244988165087905 97
1717228394908 0.9277642764102791 98
1717228401135 0.9267269453255417 99
