1717227812996 0.9225126701968 1
1717227818737 0.925427731321297 2
1717227824457 0.9294751404284133 3
1717227830161 0.9327390810875695 4
1717227835885 0.9361979765433499 5
1717227841818 0.9395945059235052 6
1717227847676 0.9410503087354936 7
1717227853412 0.9409075091487243 8
1717227859165 0.9407491793062329 9
1717227864843 0.9426983592553685 10
1717227870526 0.945085275726322 11
1717227876309 0.9446469131526337 12
1717227882164 0.9461335302374191 13
1717227887857 0.9455562585303638 14
1717227893636 0.9466425563876947 15
1717227899411 0.9480292100903209 16
1717227905186 0.9499275113310404 17
1717227911009 0.9507645311858367 18
1717227917640 0.9523583691725777 19
1717227923456 0.9525419916777381 20
1717227929488 0.9523817551732284 21
1717227935275 0.9507161110610086 22
1717227941313 0.9522626787763573 23
1717227947031 0.9563404039761647 24
1717227952866 0.9536218355873932 25
1717227958694 0.955423699324255 26
1717227964469 0.956810418925625 27
1717227970239 0.9565845016124795 28
1717227976176 0.954576124672076 29
1717227981927 0.9599536129091473 30
1717227987778 0.9595467018622378 31
1717227993571 0.9618082643960977 32
1717227999353 0.9621327579182164 33
1717228005176 0.9629239233703785 34
1717228010934 0.961748765345949 35
1717228016719 0.9653457712700294 36
1717228022490 0.9655727388388933 37
1717228028265 0.9666713769920574 38
1717228034283 0.9658138664977767 39
1717228040097 0.9665400671814608 40
1717228045821 0.9676100295556522 41
1717228051641 0.9669217335412339 42
1717228057551 0.9667388301399272 43
1717228063285 0.9701889871393573 44
1717228069049 0.970047925065078 45
1717228074873 0.9707315195722875 46
1717228080761 0.9697766781578429 47
1717228086637 0.9709141550793223 48
1717228092497 0.9720146118859108 49
1717228098778 0.9723374379339632 50
1717228104684 0.9729381729349128 51
1717228110523 0.9734382805974229 52
1717228116419 0.974592850208491 53
1717228122396 0.9751059169710339 54
1717228128327 0.9759284325546886 55
1717228134217 0.9748411270334899 56
1717228140146 0.9782350566989417 57
1717228145987 0.9777209869577999 58
1717228152226 0.9770944705483511 59
1717228158184 0.9798060244153637 60
1717228164147 0.9806318135179614 61
1717228170166 0.9816382074516921 62
1717228176181 0.9824718291370735 63
1717228182333 0.9834148068980736 64
1717228188380 0.9839642304562088 65
1717228194654 0.9845734956784368 66
1717228200759 0.9839027008875664 67
1717228206864 0.984418416481417 68
1717228213014 0.9842912508396057 69
1717228219266 0.9836884676181812 70
1717228225401 0.9855113146777403 71
1717228232291 0.9832053951396347 72
1717228238841 0.9837188077929968 73
1717228245139 0.9848036429837465 74
1717228251306 0.9847401536353507 75
1717228257460 0.9835294747473574 76
1717228263510 0.9851934520529463 77
1717228269841 0.9856978132097372 78
1717228275991 0.987070604562969 79
1717228282539 0.9876012777952771 80
1717228288817 0.9871352036938567 81
1717228295073 0.9875411909572206 82
1717228301250 0.9888972046528035 83
1717228307374 0.9889430207908791 84
1717228313573 0.9891615106431823 85
1717228319776 0.9890159725752711 86
1717228325913 0.9900158777236368 87
1717228332207 0.9897376608347475 88
1717228338681 0.9900659264443115 89
1717228344793 0.990671279310418 90
1717228350952 0.9915219334336806 91
1717228357152 0.9917337590013767 92
1717228363420 0.9919124049639007 93
1717228369643 0.9919468893627819 94
1717228375864 0.9916921475390104 95
1717228382257 0.9924549682014001 96
1717228388550 0.9923479909917143 97
1717228394908 0.9926931453159091 98
1717228401135 0.992572843614986 99
