1717616845634 0.9486696497625149 1
1717616855397 0.9778576118990352 2
1717616865317 0.9824409189292688 3
1717616874902 0.982996912099409 4
1717616884679 0.9835319712844475 5
1717616894175 0.9839707711825457 6
1717616904090 0.9847581906313546 7
1717616915701 0.9856356013947778 8
1717616925892 0.9862818572198802 9
1717616935912 0.9868380356936745 10
1717616947612 0.987712795881483 11
1717616957963 0.9880304720742834 12
1717616968039 0.9886257860629736 13
1717616978216 0.9888843289979371 14
1717616988575 0.9895113547591518 15
1717616998451 0.9898984713838913 16
1717617008574 0.9901069632083879 17
1717617018675 0.9902676581896139 18
1717617029115 0.9905664542677356 19
1717617039274 0.9906141304797902 20
1717617049675 0.9906251516059443 21
