1717616845634 2.2301368713378906 1
1717616855397 0.7351630330085754 2
1717616865317 0.6231805086135864 3
1717616874902 0.5669112801551819 4
1717616884679 0.5294651389122009 5
1717616894175 0.5055128931999207 6
1717616904090 0.4793020784854889 7
1717616915701 0.4568018317222595 8
1717616925892 0.4386107623577118 9
1717616935912 0.42464497685432434 10
1717616947612 0.408113032579422 11
1717616957963 0.39833059906959534 12
1717616968039 0.3906499147415161 13
1717616978216 0.38236579298973083 14
1717616988575 0.3755662441253662 15
1717616998451 0.36757633090019226 16
1717617008574 0.3614124059677124 17
1717617018675 0.35780462622642517 18
1717617029115 0.3542429804801941 19
1717617039274 0.34870967268943787 20
1717617049675 0.34773898124694824 21
