1709589660966 1046.0 1
1709589661625 1046.0 2
1709589662302 1046.0 3
1709589663053 1046.0 4
1709589663813 1046.0 5
1709589665070 1046.0 6
1709589665783 1046.0 7
1709589666497 1046.0 8
1709589667268 1046.0 9
1709589667978 1046.0 10
1709589668715 1046.0 11
1709589669466 1046.0 12
1709589670337 1046.0 13
1709589671272 1046.0 14
1709589671994 1046.0 15
1709589672699 1046.0 16
1709589673421 1046.0 17
1709589674384 1046.0 18
1709589675106 1046.0 19
1709589675751 1046.0 20
1709589676459 1046.0 21
1709589677397 1046.0 22
1709589678557 1046.0 23
1709589679991 1046.0 24
1709589681010 1046.0 25
1709589682145 1046.0 26
1709589682989 1046.0 27
1709589683894 1046.0 28
1709589685092 1046.0 29
1709589686590 1046.0 30
1709589687841 1046.0 31
1709589689063 1046.0 32
1709589690494 1046.0 33
1709589692116 1046.0 34
1709589692785 1046.0 35
1709589693663 1046.0 36
1709589694342 1046.0 37
1709589695252 1046.0 38
1709589696282 1046.0 39
1709589697035 1046.0 40
1709589697729 1046.0 41
1709589698632 1046.0 42
1709589699549 1046.0 43
1709589700388 1046.0 44
1709589701248 1046.0 45
1709589701917 1046.0 46
1709589702635 1046.0 47
1709589703325 1046.0 48
1709589704137 1046.0 49
1709589705207 1046.0 50
1709589706479 1046.0 51
1709589707452 1046.0 52
1709589708160 1046.0 53
1709589709164 1046.0 54
1709589710135 1046.0 55
1709589710939 1046.0 56
1709589712042 1046.0 57
1709589712895 1046.0 58
1709589713844 1046.0 59
1709589715521 1046.0 60
1709589717559 1046.0 61
1709589718288 1046.0 62
1709589718994 1046.0 63
1709589719727 1046.0 64
1709589720538 1046.0 65
1709589721301 1046.0 66
1709589722194 1046.0 67
1709589722900 1046.0 68
1709589723718 1046.0 69
1709589724518 1046.0 70
1709589725333 1046.0 71
1709589726046 1046.0 72
1709589726770 1046.0 73
1709589727552 1046.0 74
1709589728234 1046.0 75
1709589728955 1046.0 76
1709589729639 1046.0 77
1709589730310 1046.0 78
1709589731021 1046.0 79
1709589731672 1046.0 80
1709589732408 1046.0 81
1709589733112 1046.0 82
1709589733900 1046.0 83
1709589734706 1046.0 84
1709589735565 1046.0 85
1709589736638 1046.0 86
1709589737558 1046.0 87
1709589738284 1046.0 88
1709589739010 1046.0 89
1709589739728 1046.0 90
1709589740450 1046.0 91
1709589741124 1046.0 92
1709589741875 1046.0 93
1709589742566 1046.0 94
1709589743271 1046.0 95
1709589743953 1046.0 96
1709589744690 1046.0 97
1709589745876 1046.0 98
1709589746626 1046.0 99
1709589747628 1046.0 100
1709589748822 1046.0 101
1709589750138 1046.0 102
1709589751868 1046.0 103
1709589753340 1046.0 104
1709589755110 1046.0 105
1709589756240 1046.0 106
1709589757910 1046.0 107
1709589758684 1046.0 108
1709589759493 1046.0 109
1709589760922 1046.0 110
1709589761980 1046.0 111
1709589762944 1046.0 112
1709589763729 1046.0 113
1709589764608 1046.0 114
1709589765411 1046.0 115
1709589766339 1046.0 116
1709589767737 1046.0 117
1709589768740 1046.0 118
1709589769855 1046.0 119
1709589770766 1046.0 120
1709589771548 1046.0 121
1709589772270 1046.0 122
1709589773236 1046.0 123
1709589774421 1046.0 124
1709589775248 1046.0 125
1709589776081 1046.0 126
1709589776826 1046.0 127
1709589777845 1046.0 128
1709589779127 1046.0 129
1709589780209 1046.0 130
1709589781215 1046.0 131
1709589781906 1046.0 132
1709589782605 1046.0 133
1709589783404 1046.0 134
1709589784304 1046.0 135
1709589785358 1046.0 136
1709589786521 1046.0 137
1709589788412 1046.0 138
1709589789400 1046.0 139
1709589790896 1046.0 140
1709589792537 1046.0 141
1709589793744 1046.0 142
1709589794725 1046.0 143
1709589795766 1046.0 144
1709589796901 1046.0 145
1709589797677 1046.0 146
1709589798433 1046.0 147
1709589800137 1046.0 148
1709589801310 1046.0 149
1709589802534 1046.0 150
1709589803332 1046.0 151
1709589804105 1046.0 152
1709589804891 1046.0 153
1709589805932 1046.0 154
1709589806947 1046.0 155
1709589807934 1046.0 156
1709589808671 1046.0 157
1709589809776 1046.0 158
1709589811252 1046.0 159
1709589812073 1046.0 160
1709589812978 1046.0 161
1709589813826 1046.0 162
1709589814727 1046.0 163
1709589815506 1046.0 164
1709589816266 1046.0 165
1709589819161 1046.0 166
1709589820141 1046.0 167
1709589820976 1046.0 168
1709589821787 1046.0 169
1709589822609 1046.0 170
1709589823672 1046.0 171
1709589824597 1046.0 172
1709589825505 1046.0 173
1709589826513 1046.0 174
1709589828251 1046.0 175
1709589829231 1046.0 176
1709589830195 1046.0 177
1709589831092 1046.0 178
1709589831859 1046.0 179
1709589832681 1046.0 180
1709589833549 1046.0 181
1709589834410 1046.0 182
1709589835155 1046.0 183
1709589835978 1046.0 184
1709589837323 1046.0 185
1709589838872 1046.0 186
1709589840516 1046.0 187
1709589841801 1046.0 188
1709589842816 1046.0 189
1709589843782 1046.0 190
1709589844949 1046.0 191
1709589845764 1046.0 192
1709589846469 1046.0 193
1709589847247 1046.0 194
1709589847954 1046.0 195
1709589848637 1046.0 196
1709589849346 1046.0 197
1709589850343 1046.0 198
1709589851387 1046.0 199
1709589852242 1046.0 200
1709589853202 1046.0 201
1709589854184 1046.0 202
1709589854913 1046.0 203
1709589855771 1046.0 204
1709589856500 1046.0 205
1709589857197 1046.0 206
1709589857922 1046.0 207
1709589858612 1046.0 208
1709589859402 1046.0 209
1709589860100 1046.0 210
1709589861212 1046.0 211
1709589861915 1046.0 212
1709589862576 1046.0 213
1709589863291 1046.0 214
1709589864024 1046.0 215
1709589864704 1046.0 216
1709589865560 1046.0 217
1709589866342 1046.0 218
1709589867028 1046.0 219
1709589867717 1046.0 220
1709589868479 1046.0 221
1709589869235 1046.0 222
1709589869833 1046.0 223
1709589870437 1046.0 224
1709589871161 1046.0 225
1709589871799 1046.0 226
1709589872452 1046.0 227
1709589873097 1046.0 228
1709589874039 1046.0 229
1709589874684 1046.0 230
1709589875382 1046.0 231
1709589876174 1046.0 232
1709589876854 1046.0 233
1709589877552 1046.0 234
1709589878240 1046.0 235
1709589878943 1046.0 236
1709589879638 1046.0 237
1709589880388 1046.0 238
1709589881088 1046.0 239
1709589881755 1046.0 240
1709589882436 1046.0 241
1709589883209 1046.0 242
1709589883883 1046.0 243
1709589884547 1046.0 244
1709589885494 1046.0 245
1709589886249 1046.0 246
1709589886952 1046.0 247
1709589887653 1046.0 248
1709589888324 1046.0 249
1709589889018 1046.0 250
1709589889701 1046.0 251
1709589890411 1046.0 252
1709589891112 1046.0 253
1709589891779 1046.0 254
1709589892444 1046.0 255
1709589893139 1046.0 256
1709589893816 1046.0 257
1709589894534 1046.0 258
1709589895215 1046.0 259
1709589895920 1046.0 260
1709589896621 1046.0 261
1709589897410 1046.0 262
1709589898208 1046.0 263
1709589898890 1046.0 264
1709589899591 1046.0 265
1709589900290 1046.0 266
1709589900969 1046.0 267
1709589901671 1046.0 268
1709589902411 1046.0 269
1709589903275 1046.0 270
1709589906154 1046.0 271
1709589906843 1046.0 272
1709589907492 1046.0 273
1709589908709 1046.0 274
1709589909398 1046.0 275
1709589910562 1046.0 276
1709589911496 1046.0 277
1709589912430 1046.0 278
1709589913646 1046.0 279
1709589915131 1046.0 280
1709589915789 1046.0 281
1709589916741 1046.0 282
1709589917455 1046.0 283
1709589918175 1046.0 284
1709589919019 1046.0 285
1709589919918 1046.0 286
1709589920748 1046.0 287
1709589921645 1046.0 288
1709589922380 1046.0 289
1709589923115 1046.0 290
1709589923932 1046.0 291
1709589924703 1046.0 292
1709589925459 1046.0 293
1709589926154 1046.0 294
1709589926899 1046.0 295
1709589927752 1046.0 296
1709589928629 1046.0 297
1709589929727 1046.0 298
1709589930942 1046.0 299
