1709589660966 4418.0 1
1709589661625 4418.0 2
1709589662302 4418.0 3
1709589663053 4418.0 4
1709589663813 4418.0 5
1709589665070 4418.0 6
1709589665783 4418.0 7
1709589666497 4418.0 8
1709589667268 4418.0 9
1709589667978 4418.0 10
1709589668715 4418.0 11
1709589669466 4418.0 12
1709589670337 4418.0 13
1709589671272 4418.0 14
1709589671994 4418.0 15
1709589672699 4418.0 16
1709589673421 4418.0 17
1709589674384 4418.0 18
1709589675106 4418.0 19
1709589675751 4418.0 20
1709589676459 4418.0 21
1709589677397 4418.0 22
1709589678557 4418.0 23
1709589679991 4418.0 24
1709589681010 4418.0 25
1709589682145 4418.0 26
1709589682989 4418.0 27
1709589683894 4418.0 28
1709589685092 4418.0 29
1709589686590 4418.0 30
1709589687841 4418.0 31
1709589689063 4418.0 32
1709589690494 4418.0 33
1709589692116 4418.0 34
1709589692785 4418.0 35
1709589693663 4418.0 36
1709589694342 4418.0 37
1709589695252 4418.0 38
1709589696282 4418.0 39
1709589697035 4418.0 40
1709589697729 4418.0 41
1709589698632 4418.0 42
1709589699549 4418.0 43
1709589700388 4418.0 44
1709589701248 4418.0 45
1709589701917 4418.0 46
1709589702635 4418.0 47
1709589703325 4418.0 48
1709589704137 4418.0 49
1709589705207 4418.0 50
1709589706479 4418.0 51
1709589707452 4418.0 52
1709589708160 4418.0 53
1709589709164 4418.0 54
1709589710135 4418.0 55
1709589710939 4418.0 56
1709589712042 4418.0 57
1709589712895 4418.0 58
1709589713844 4418.0 59
1709589715521 4418.0 60
1709589717559 4418.0 61
1709589718288 4418.0 62
1709589718994 4418.0 63
1709589719727 4418.0 64
1709589720538 4418.0 65
1709589721301 4418.0 66
1709589722194 4418.0 67
1709589722900 4418.0 68
1709589723718 4418.0 69
1709589724518 4418.0 70
1709589725333 4418.0 71
1709589726046 4418.0 72
1709589726770 4418.0 73
1709589727552 4418.0 74
1709589728234 4418.0 75
1709589728955 4418.0 76
1709589729639 4418.0 77
1709589730310 4418.0 78
1709589731021 4418.0 79
1709589731672 4418.0 80
1709589732408 4418.0 81
1709589733112 4418.0 82
1709589733900 4418.0 83
1709589734706 4418.0 84
1709589735565 4418.0 85
1709589736638 4418.0 86
1709589737558 4418.0 87
1709589738284 4418.0 88
1709589739010 4418.0 89
1709589739728 4418.0 90
1709589740450 4418.0 91
1709589741124 4418.0 92
1709589741875 4418.0 93
1709589742566 4418.0 94
1709589743271 4418.0 95
1709589743953 4418.0 96
1709589744690 4418.0 97
1709589745876 4418.0 98
1709589746626 4418.0 99
1709589747628 4418.0 100
1709589748822 4418.0 101
1709589750138 4418.0 102
1709589751868 4418.0 103
1709589753340 4418.0 104
1709589755110 4418.0 105
1709589756240 4418.0 106
1709589757910 4418.0 107
1709589758684 4418.0 108
1709589759493 4418.0 109
1709589760922 4418.0 110
1709589761980 4418.0 111
1709589762944 4418.0 112
1709589763729 4418.0 113
1709589764608 4418.0 114
1709589765411 4418.0 115
1709589766339 4418.0 116
1709589767737 4418.0 117
1709589768740 4418.0 118
1709589769855 4418.0 119
1709589770766 4418.0 120
1709589771548 4418.0 121
1709589772270 4418.0 122
1709589773236 4418.0 123
1709589774421 4418.0 124
1709589775248 4418.0 125
1709589776081 4418.0 126
1709589776826 4418.0 127
1709589777845 4418.0 128
1709589779127 4418.0 129
1709589780209 4418.0 130
1709589781215 4418.0 131
1709589781906 4418.0 132
1709589782605 4418.0 133
1709589783404 4418.0 134
1709589784304 4418.0 135
1709589785358 4418.0 136
1709589786521 4418.0 137
1709589788412 4418.0 138
1709589789400 4418.0 139
1709589790896 4418.0 140
1709589792537 4418.0 141
1709589793744 4418.0 142
1709589794725 4418.0 143
1709589795766 4418.0 144
1709589796901 4418.0 145
1709589797677 4418.0 146
1709589798433 4418.0 147
1709589800137 4418.0 148
1709589801310 4418.0 149
1709589802534 4418.0 150
1709589803332 4418.0 151
1709589804105 4418.0 152
1709589804891 4418.0 153
1709589805932 4418.0 154
1709589806947 4418.0 155
1709589807934 4418.0 156
1709589808671 4418.0 157
1709589809776 4418.0 158
1709589811252 4418.0 159
1709589812073 4418.0 160
1709589812978 4418.0 161
1709589813826 4418.0 162
1709589814727 4418.0 163
1709589815506 4418.0 164
1709589816266 4418.0 165
1709589819161 4418.0 166
1709589820141 4418.0 167
1709589820976 4418.0 168
1709589821787 4418.0 169
1709589822609 4418.0 170
1709589823672 4418.0 171
1709589824597 4418.0 172
1709589825505 4418.0 173
1709589826513 4418.0 174
1709589828251 4418.0 175
1709589829231 4418.0 176
1709589830195 4418.0 177
1709589831092 4418.0 178
1709589831859 4418.0 179
1709589832681 4418.0 180
1709589833549 4418.0 181
1709589834410 4418.0 182
1709589835155 4418.0 183
1709589835978 4418.0 184
1709589837323 4418.0 185
1709589838872 4418.0 186
1709589840516 4418.0 187
1709589841801 4418.0 188
1709589842816 4418.0 189
1709589843782 4418.0 190
1709589844949 4418.0 191
1709589845764 4418.0 192
1709589846469 4418.0 193
1709589847247 4418.0 194
1709589847954 4418.0 195
1709589848637 4418.0 196
1709589849346 4418.0 197
1709589850343 4418.0 198
1709589851387 4418.0 199
1709589852242 4418.0 200
1709589853202 4418.0 201
1709589854184 4418.0 202
1709589854913 4418.0 203
1709589855771 4418.0 204
1709589856500 4418.0 205
1709589857197 4418.0 206
1709589857922 4418.0 207
1709589858612 4418.0 208
1709589859402 4418.0 209
1709589860100 4418.0 210
1709589861212 4418.0 211
1709589861915 4418.0 212
1709589862576 4418.0 213
1709589863291 4418.0 214
1709589864024 4418.0 215
1709589864704 4418.0 216
1709589865560 4418.0 217
1709589866342 4418.0 218
1709589867028 4418.0 219
1709589867717 4418.0 220
1709589868479 4418.0 221
1709589869235 4418.0 222
1709589869833 4418.0 223
1709589870437 4418.0 224
1709589871161 4418.0 225
1709589871799 4418.0 226
1709589872452 4418.0 227
1709589873097 4418.0 228
1709589874039 4418.0 229
1709589874684 4418.0 230
1709589875382 4418.0 231
1709589876174 4418.0 232
1709589876854 4418.0 233
1709589877552 4418.0 234
1709589878240 4418.0 235
1709589878943 4418.0 236
1709589879638 4418.0 237
1709589880388 4418.0 238
1709589881088 4418.0 239
1709589881755 4418.0 240
1709589882436 4418.0 241
1709589883209 4418.0 242
1709589883883 4418.0 243
1709589884547 4418.0 244
1709589885494 4418.0 245
1709589886249 4418.0 246
1709589886952 4418.0 247
1709589887653 4418.0 248
1709589888324 4418.0 249
1709589889018 4418.0 250
1709589889701 4418.0 251
1709589890411 4418.0 252
1709589891112 4418.0 253
1709589891779 4418.0 254
1709589892444 4418.0 255
1709589893139 4418.0 256
1709589893816 4418.0 257
1709589894534 4418.0 258
1709589895215 4418.0 259
1709589895920 4418.0 260
1709589896621 4418.0 261
1709589897410 4418.0 262
1709589898208 4418.0 263
1709589898890 4418.0 264
1709589899591 4418.0 265
1709589900290 4418.0 266
1709589900969 4418.0 267
1709589901671 4418.0 268
1709589902411 4418.0 269
1709589903275 4418.0 270
1709589906154 4418.0 271
1709589906843 4418.0 272
1709589907492 4418.0 273
1709589908709 4418.0 274
1709589909398 4418.0 275
1709589910562 4418.0 276
1709589911496 4418.0 277
1709589912430 4418.0 278
1709589913646 4418.0 279
1709589915131 4418.0 280
1709589915789 4418.0 281
1709589916741 4418.0 282
1709589917455 4418.0 283
1709589918175 4418.0 284
1709589919019 4418.0 285
1709589919918 4418.0 286
1709589920748 4418.0 287
1709589921645 4418.0 288
1709589922380 4418.0 289
1709589923115 4418.0 290
1709589923932 4418.0 291
1709589924703 4418.0 292
1709589925459 4418.0 293
1709589926154 4418.0 294
1709589926899 4418.0 295
1709589927752 4418.0 296
1709589928629 4418.0 297
1709589929727 4418.0 298
1709589930942 4418.0 299
