1709589660966 0.47250113614493544 1
1709589661625 0.6111842208528275 2
1709589662302 0.5085448789879592 3
1709589663053 0.6507577941452292 4
1709589663813 0.6467275925274244 5
1709589665070 0.6501083990822829 6
1709589665783 0.7309168388291325 7
1709589666497 0.762522275288872 8
1709589667268 0.7568416697540916 9
1709589667978 0.8087956338990947 10
1709589668715 0.8333839685027504 11
1709589669466 0.8261881210871266 12
1709589670337 0.8256428268408147 13
1709589671272 0.8607854599587071 14
1709589671994 0.8420056759813566 15
1709589672699 0.8722707982486491 16
1709589673421 0.8680099780617028 17
1709589674384 0.8884869168869474 18
1709589675106 0.8759743442224259 19
1709589675751 0.8929056899902275 20
1709589676459 0.8760306577178492 21
1709589677397 0.9119091042766272 22
1709589678557 0.8799820075655307 23
1709589679991 0.9140085201576584 24
1709589681010 0.9019074276620472 25
1709589682145 0.925283309899007 26
1709589682989 0.9129209184821103 27
1709589683894 0.9187592520394278 28
1709589685092 0.8790213137037629 29
1709589686590 0.9224790627653965 30
1709589687841 0.910814596652054 31
1709589689063 0.9129040639884032 32
1709589690494 0.9275837738848962 33
1709589692116 0.9275306509615335 34
1709589692785 0.9245952527457864 35
1709589693663 0.9444963660350979 36
1709589694342 0.9189833485150849 37
1709589695252 0.9684817811082016 38
1709589696282 0.9252753966233567 39
1709589697035 0.9496397739927103 40
1709589697729 0.9268149175082672 41
1709589698632 0.9619148941268181 42
1709589699549 0.9134406200613009 43
1709589700388 0.95726875459446 44
1709589701248 0.92537563129615 45
1709589701917 0.9630840343113942 46
1709589702635 0.9255245104449117 47
1709589703325 0.9526856047676379 48
1709589704137 0.9103324018798009 49
1709589705207 0.9300765954671734 50
1709589706479 0.9270339788217852 51
1709589707452 0.9159251434769271 52
1709589708160 0.9216282326750159 53
1709589709164 0.8951308852316325 54
1709589710135 0.9450986233408256 55
1709589710939 0.918917062510638 56
1709589712042 0.9519807262555877 57
1709589712895 0.9407928203570194 58
1709589713844 0.9266105921912082 59
1709589715521 0.9585900144589659 60
1709589717559 0.9508843265346798 61
1709589718288 0.9673271759606148 62
1709589718994 0.9647655544475011 63
1709589719727 0.9690247304146657 64
1709589720538 0.9741199359248816 65
1709589721301 0.9769517931557594 66
1709589722194 0.9691131140283595 67
1709589722900 0.9807234407759262 68
1709589723718 0.9782589696011972 69
1709589724518 0.9733013681494015 70
1709589725333 0.9611462581957284 71
1709589726046 0.9683264038933437 72
1709589726770 0.9705849486959496 73
1709589727552 0.9431065057379648 74
1709589728234 0.9830560504443255 75
1709589728955 0.9635887711643111 76
1709589729639 0.9784609673706897 77
1709589730310 0.9807066454716133 78
1709589731021 0.9734249916247644 79
1709589731672 0.9827894400792523 80
1709589732408 0.98613054386191 81
1709589733112 0.9799299336986518 82
1709589733900 0.9887801140413399 83
1709589734706 0.9816804963145778 84
1709589735565 0.9850774761424074 85
1709589736638 0.9774672467784982 86
1709589737558 0.9801184999853246 87
1709589738284 0.9703280717864928 88
1709589739010 0.987872770978726 89
1709589739728 0.9718827545194617 90
1709589740450 0.9848679116644952 91
1709589741124 0.9711012911461893 92
1709589741875 0.985094183440921 93
1709589742566 0.9796814779810434 94
1709589743271 0.9946238762559492 95
1709589743953 0.9794144689950107 96
1709589744690 0.990352834525645 97
1709589745876 0.9961803278688525 98
1709589746626 0.9900997861724875 99
1709589747628 0.9918279033407675 100
1709589748822 0.992304456905388 101
1709589750138 0.9918802910813234 102
1709589751868 0.9893370599866647 103
1709589753340 0.9866566961118268 104
1709589755110 0.9864015589148968 105
1709589756240 0.9804462965584619 106
1709589757910 0.9812357181118303 107
1709589758684 0.9870135890866468 108
1709589759493 0.9874533583346233 109
1709589760922 0.9825686645132705 110
1709589761980 0.9909439529614845 111
1709589762944 0.9806924060097492 112
1709589763729 0.9855370698049576 113
1709589764608 0.9915720768362227 114
1709589765411 0.99128011404134 115
1709589766339 0.9931867426942265 116
1709589767737 0.993767537171178 117
1709589768740 0.9919977525118986 118
1709589769855 0.9959130434782608 119
1709589770766 0.9878734853884532 120
1709589771548 0.9869116908436236 121
1709589772270 0.9835938320038405 122
1709589773236 0.9895212678335735 123
1709589774421 0.9665953946612099 124
1709589775248 0.9873526507792032 125
1709589776081 0.98508546037702 126
1709589776826 0.9864021449054352 127
1709589777845 0.9922112373520762 128
1709589779127 0.9928001402524543 129
1709589780209 0.9924856742045325 130
1709589781215 0.9976935483870968 131
1709589781906 0.9949130434782608 132
1709589782605 0.999 133
1709589783404 0.9916867426942266 134
1709589784304 0.9950985178727114 135
1709589785358 0.9894840399915239 136
1709589786521 0.9925350743423561 137
1709589788412 0.9911921903292871 138
1709589789400 0.9906867426942266 139
1709589790896 0.9853503744933171 140
1709589792537 0.9827897978999687 141
1709589793744 0.9901147219403434 142
1709589794725 0.9834359065738253 143
1709589795766 0.9675155433913328 144
1709589796901 0.9594929891339602 145
1709589797677 0.9590296448649461 146
1709589798433 0.9597684751365565 147
1709589800137 0.9672348522331807 148
1709589801310 0.9749294720739575 149
1709589802534 0.9789511090942874 150
1709589803332 0.9774333208947572 151
1709589804105 0.9608163495767895 152
1709589804891 0.9616175029672845 153
1709589805932 0.9707476128497845 154
1709589806947 0.9774187792523584 155
1709589807934 0.9844591736104163 156
1709589808671 0.9859028159859212 157
1709589809776 0.9839592675988245 158
1709589811252 0.9926935483870969 159
1709589812073 0.9879195120556833 160
1709589812978 0.9941630434782608 161
1709589813826 0.9958243243243242 162
1709589814727 0.9950542041248017 163
1709589815506 0.9981803278688524 164
1709589816266 0.993767537171178 165
1709589819161 0.9984999999999999 166
1709589820141 0.9954130434782609 167
1709589820976 0.9964999999999999 168
1709589821787 0.9955743243243242 169
1709589822609 0.9946238762559492 170
1709589823672 0.9974999999999999 171
1709589824597 0.992878192908883 172
1709589825505 0.9961370967741935 173
1709589826513 0.9957373678025851 174
1709589828251 0.9945933713471133 175
1709589829231 0.9945542041248017 176
1709589830195 0.999 177
1709589831092 0.9937869197342101 178
1709589831859 0.9911896322552061 179
1709589832681 0.9978738762559493 180
1709589833549 0.9923260869565217 181
1709589834410 0.9892587255420413 182
1709589835155 0.9888096034309862 183
1709589835978 0.9775731853714069 184
1709589837323 0.9761757551140073 185
1709589838872 0.9737326554042463 186
1709589840516 0.9831012349160007 187
1709589841801 0.9733784102907215 188
1709589842816 0.9648741314407514 189
1709589843782 0.9875265982534623 190
1709589844949 0.9592467767293831 191
1709589845764 0.9616422286310466 192
1709589846469 0.9683385594632693 193
1709589847247 0.979756330490513 194
1709589847954 0.970192050519324 195
1709589848637 0.9753727787321894 196
1709589849346 0.9868856489583504 197
1709589850343 0.9795535337994021 198
1709589851387 0.9912223941286606 199
1709589852242 0.9878307391496985 200
1709589853202 0.9910681607043321 201
1709589854184 0.9984999999999999 202
1709589854913 0.9958606557377049 203
1709589855771 0.999 204
1709589856500 0.9995 205
1709589857197 0.9984999999999999 206
1709589857922 0.9995 207
1709589858612 0.9995 208
1709589859402 0.9984999999999999 209
1709589860100 0.9995 210
1709589861212 0.9984999999999999 211
1709589861915 0.9978606557377049 212
1709589862576 0.9974999999999999 213
1709589863291 0.9955093043863534 214
1709589864024 0.9984999999999999 215
1709589864704 0.999 216
1709589865560 0.999 217
1709589866342 0.999 218
1709589867028 0.9960000000000001 219
1709589867717 0.9973738762559492 220
1709589868479 0.9945064148253742 221
1709589869235 0.9967546521931767 222
1709589869833 0.9989130434782609 223
1709589870437 0.999 224
1709589871161 0.9961982005802735 225
1709589871799 0.9995 226
1709589872452 0.9947736992159658 227
1709589873097 0.993567424643046 228
1709589874039 0.99825 229
1709589874684 0.9963547464735036 230
1709589875382 0.9961935483870967 231
1709589876174 0.9979130434782608 232
1709589876854 1.0 233
1709589877552 0.998 234
1709589878240 0.9995 235
1709589878943 0.999 236
1709589879638 1.0 237
1709589880388 1.0 238
1709589881088 1.0 239
1709589881755 1.0 240
1709589882436 1.0 241
1709589883209 1.0 242
1709589883883 1.0 243
1709589884547 1.0 244
1709589885494 0.9980933713471133 245
1709589886249 0.999 246
1709589886952 0.9995 247
1709589887653 1.0 248
1709589888324 0.9995 249
1709589889018 1.0 250
1709589889701 1.0 251
1709589890411 0.99875 252
1709589891112 1.0 253
1709589891779 0.9984999999999999 254
1709589892444 0.9983243243243244 255
1709589893139 0.9991935483870968 256
1709589893816 0.999 257
1709589894534 0.9976803278688525 258
1709589895215 0.999 259
1709589895920 0.9995 260
1709589896621 1.0 261
1709589897410 1.0 262
1709589898208 1.0 263
1709589898890 0.9995 264
1709589899591 1.0 265
1709589900290 0.999 266
1709589900969 1.0 267
1709589901671 0.999 268
1709589902411 1.0 269
1709589903275 1.0 270
1709589906154 1.0 271
1709589906843 1.0 272
1709589907492 1.0 273
1709589908709 1.0 274
1709589909398 1.0 275
1709589910562 1.0 276
1709589911496 1.0 277
1709589912430 1.0 278
1709589913646 1.0 279
1709589915131 1.0 280
1709589915789 1.0 281
1709589916741 1.0 282
1709589917455 1.0 283
1709589918175 1.0 284
1709589919019 1.0 285
1709589919918 1.0 286
1709589920748 1.0 287
1709589921645 1.0 288
1709589922380 1.0 289
1709589923115 1.0 290
1709589923932 1.0 291
1709589924703 1.0 292
1709589925459 1.0 293
1709589926154 1.0 294
1709589926899 1.0 295
1709589927752 1.0 296
1709589928629 1.0 297
1709589929727 1.0 298
1709589930942 1.0 299
