1709589660966 0.26780977845191956 1
1709589661625 0.3208273947238922 2
1709589662302 0.3377361297607422 3
1709589663053 0.37506812810897827 4
1709589663813 0.3903672993183136 5
1709589665070 0.4251102805137634 6
1709589665783 0.4859849810600281 7
1709589666497 0.5473694801330566 8
1709589667268 0.6500083208084106 9
1709589667978 0.651171088218689 10
1709589668715 0.7193931341171265 11
1709589669466 0.7353891730308533 12
1709589670337 0.7692052125930786 13
1709589671272 0.7253758907318115 14
1709589671994 0.7642136812210083 15
1709589672699 0.779043436050415 16
1709589673421 0.7939039468765259 17
1709589674384 0.7934724688529968 18
1709589675106 0.7957959175109863 19
1709589675751 0.7924137115478516 20
1709589676459 0.7809575200080872 21
1709589677397 0.8093005418777466 22
1709589678557 0.8173729777336121 23
1709589679991 0.8263345956802368 24
1709589681010 0.8305915594100952 25
1709589682145 0.830162525177002 26
1709589682989 0.8495779037475586 27
1709589683894 0.8154792785644531 28
1709589685092 0.8150189518928528 29
1709589686590 0.7954649925231934 30
1709589687841 0.8407843708992004 31
1709589689063 0.8327296376228333 32
1709589690494 0.8512164354324341 33
1709589692116 0.8560784459114075 34
1709589692785 0.8675061464309692 35
1709589693663 0.8467899560928345 36
1709589694342 0.8839677572250366 37
1709589695252 0.8656284213066101 38
1709589696282 0.891546905040741 39
1709589697035 0.8588725328445435 40
1709589697729 0.8708893060684204 41
1709589698632 0.8361803293228149 42
1709589699549 0.8734482526779175 43
1709589700388 0.8579357862472534 44
1709589701248 0.8675397038459778 45
1709589701917 0.8597213625907898 46
1709589702635 0.878017246723175 47
1709589703325 0.8622393608093262 48
1709589704137 0.8764408230781555 49
1709589705207 0.8227404356002808 50
1709589706479 0.8282507658004761 51
1709589707452 0.8658273816108704 52
1709589708160 0.8249841928482056 53
1709589709164 0.8212424516677856 54
1709589710135 0.8110401034355164 55
1709589710939 0.8735764622688293 56
1709589712042 0.8478738069534302 57
1709589712895 0.8675971031188965 58
1709589713844 0.8793177604675293 59
1709589715521 0.8583875894546509 60
1709589717559 0.9054856300354004 61
1709589718288 0.9039838910102844 62
1709589718994 0.9232257008552551 63
1709589719727 0.9220438003540039 64
1709589720538 0.9256822466850281 65
1709589721301 0.9227812886238098 66
1709589722194 0.9366829991340637 67
1709589722900 0.930275559425354 68
1709589723718 0.9238489270210266 69
1709589724518 0.9222308993339539 70
1709589725333 0.9187539219856262 71
1709589726046 0.9082037806510925 72
1709589726770 0.9063719511032104 73
1709589727552 0.9037869572639465 74
1709589728234 0.9031071662902832 75
1709589728955 0.935158371925354 76
1709589729639 0.9218999147415161 77
1709589730310 0.9312757253646851 78
1709589731021 0.92756187915802 79
1709589731672 0.9423999786376953 80
1709589732408 0.9333794713020325 81
1709589733112 0.946609616279602 82
1709589733900 0.9415327310562134 83
1709589734706 0.95307856798172 84
1709589735565 0.9474932551383972 85
1709589736638 0.9323614835739136 86
1709589737558 0.9238541722297668 87
1709589738284 0.9457601308822632 88
1709589739010 0.9394176602363586 89
1709589739728 0.9292469024658203 90
1709589740450 0.9361709356307983 91
1709589741124 0.9342373013496399 92
1709589741875 0.9439874887466431 93
1709589742566 0.9475801587104797 94
1709589743271 0.9486536979675293 95
1709589743953 0.9584327936172485 96
1709589744690 0.957485556602478 97
1709589745876 0.9635434150695801 98
1709589746626 0.9621331095695496 99
1709589747628 0.9709926843643188 100
1709589748822 0.9687115550041199 101
1709589750138 0.9712086915969849 102
1709589751868 0.9602112770080566 103
1709589753340 0.9675546884536743 104
1709589755110 0.950761616230011 105
1709589756240 0.9458078145980835 106
1709589757910 0.9386822581291199 107
1709589758684 0.9548376202583313 108
1709589759493 0.9614051580429077 109
1709589760922 0.9590438604354858 110
1709589761980 0.948348879814148 111
1709589762944 0.947506308555603 112
1709589763729 0.9584491848945618 113
1709589764608 0.965682327747345 114
1709589765411 0.9656858444213867 115
1709589766339 0.9774580001831055 116
1709589767737 0.974777102470398 117
1709589768740 0.9761478304862976 118
1709589769855 0.9744431376457214 119
1709589770766 0.9724400639533997 120
1709589771548 0.9662535786628723 121
1709589772270 0.9480582475662231 122
1709589773236 0.9504419565200806 123
1709589774421 0.940162181854248 124
1709589775248 0.9412902593612671 125
1709589776081 0.9565770030021667 126
1709589776826 0.9632832407951355 127
1709589777845 0.9627473950386047 128
1709589779127 0.9703895449638367 129
1709589780209 0.9786389470100403 130
1709589781215 0.9776144027709961 131
1709589781906 0.9842521548271179 132
1709589782605 0.9830009341239929 133
1709589783404 0.9850696325302124 134
1709589784304 0.9727746844291687 135
1709589785358 0.9739030599594116 136
1709589786521 0.9746918678283691 137
1709589788412 0.9643694162368774 138
1709589789400 0.9705938100814819 139
1709589790896 0.9574662446975708 140
1709589792537 0.9659587144851685 141
1709589793744 0.9640092849731445 142
1709589794725 0.9411389231681824 143
1709589795766 0.9320927858352661 144
1709589796901 0.9187231063842773 145
1709589797677 0.8789472579956055 146
1709589798433 0.907166600227356 147
1709589800137 0.917223334312439 148
1709589801310 0.9459927678108215 149
1709589802534 0.9365730285644531 150
1709589803332 0.917685329914093 151
1709589804105 0.9067002534866333 152
1709589804891 0.919259250164032 153
1709589805932 0.9193978309631348 154
1709589806947 0.939586341381073 155
1709589807934 0.947319507598877 156
1709589808671 0.9449096918106079 157
1709589809776 0.9634315371513367 158
1709589811252 0.9656573534011841 159
1709589812073 0.9730793237686157 160
1709589812978 0.972652792930603 161
1709589813826 0.9761701822280884 162
1709589814727 0.9817436933517456 163
1709589815506 0.9799078106880188 164
1709589816266 0.9848645329475403 165
1709589819161 0.9784077405929565 166
1709589820141 0.9807242155075073 167
1709589820976 0.9827989339828491 168
1709589821787 0.9867574572563171 169
1709589822609 0.9785572290420532 170
1709589823672 0.9834392666816711 171
1709589824597 0.9872307777404785 172
1709589825505 0.9805470705032349 173
1709589826513 0.9816309809684753 174
1709589828251 0.9866019487380981 175
1709589829231 0.9852441549301147 176
1709589830195 0.9843304753303528 177
1709589831092 0.9837250709533691 178
1709589831859 0.9822724461555481 179
1709589832681 0.9776142239570618 180
1709589833549 0.9811471104621887 181
1709589834410 0.9797428250312805 182
1709589835155 0.9562368392944336 183
1709589835978 0.9486546516418457 184
1709589837323 0.9371174573898315 185
1709589838872 0.9356588125228882 186
1709589840516 0.9418570399284363 187
1709589841801 0.9522598385810852 188
1709589842816 0.9230440258979797 189
1709589843782 0.9219358563423157 190
1709589844949 0.896959125995636 191
1709589845764 0.9419950246810913 192
1709589846469 0.9097167253494263 193
1709589847247 0.9213445782661438 194
1709589847954 0.9383036494255066 195
1709589848637 0.9400550127029419 196
1709589849346 0.9395240545272827 197
1709589850343 0.9682011604309082 198
1709589851387 0.9502823948860168 199
1709589852242 0.9706360697746277 200
1709589853202 0.9747880697250366 201
1709589854184 0.9795684814453125 202
1709589854913 0.9855024218559265 203
1709589855771 0.9852768778800964 204
1709589856500 0.988793671131134 205
1709589857197 0.9902080297470093 206
1709589857922 0.9906904101371765 207
1709589858612 0.9918563961982727 208
1709589859402 0.9924198985099792 209
1709589860100 0.992698073387146 210
1709589861212 0.9941321611404419 211
1709589861915 0.9904864430427551 212
1709589862576 0.9887386560440063 213
1709589863291 0.9905503988265991 214
1709589864024 0.9855779409408569 215
1709589864704 0.9955026507377625 216
1709589865560 0.9915765523910522 217
1709589866342 0.991799533367157 218
1709589867028 0.9934400320053101 219
1709589867717 0.9778484106063843 220
1709589868479 0.9795581102371216 221
1709589869235 0.988740086555481 222
1709589869833 0.9849464297294617 223
1709589870437 0.9881529808044434 224
1709589871161 0.9929828643798828 225
1709589871799 0.98808753490448 226
1709589872452 0.9918271899223328 227
1709589873097 0.9845691919326782 228
1709589874039 0.9845563173294067 229
1709589874684 0.9892832636833191 230
1709589875382 0.9859058260917664 231
1709589876174 0.9934725761413574 232
1709589876854 0.9921333193778992 233
1709589877552 0.9943030476570129 234
1709589878240 0.9956753849983215 235
1709589878943 0.9948577880859375 236
1709589879638 0.9970813989639282 237
1709589880388 0.997020423412323 238
1709589881088 0.9997506141662598 239
1709589881755 0.9981968998908997 240
1709589882436 0.9997506141662598 241
1709589883209 0.9986894726753235 242
1709589883883 0.9997506141662598 243
1709589884547 0.994856059551239 244
1709589885494 0.9964866638183594 245
1709589886249 0.9942255020141602 246
1709589886952 0.997212290763855 247
1709589887653 0.9972261190414429 248
1709589888324 0.998438835144043 249
1709589889018 0.9973913431167603 250
1709589889701 0.9993788599967957 251
1709589890411 0.9979727864265442 252
1709589891112 0.9906349182128906 253
1709589891779 0.9946883916854858 254
1709589892444 0.9955245852470398 255
1709589893139 0.9928083419799805 256
1709589893816 0.9934197664260864 257
1709589894534 0.9958219528198242 258
1709589895215 0.9952172040939331 259
1709589895920 0.9977887272834778 260
1709589896621 0.9964349865913391 261
1709589897410 0.9996633529663086 262
1709589898208 0.9961386919021606 263
1709589898890 0.9994127154350281 264
1709589899591 0.9972589612007141 265
1709589900290 0.9988763928413391 266
1709589900969 0.996485710144043 267
1709589901671 0.9994975328445435 268
1709589902411 0.9969865083694458 269
1709589903275 1.0 270
1709589906154 0.999009907245636 271
1709589906843 1.0 272
1709589907492 1.0 273
1709589908709 1.0 274
1709589909398 1.0 275
1709589910562 1.0 276
1709589911496 1.0 277
1709589912430 1.0 278
1709589913646 1.0 279
1709589915131 1.0 280
1709589915789 1.0 281
1709589916741 1.0 282
1709589917455 1.0 283
1709589918175 1.0 284
1709589919019 1.0 285
1709589919918 1.0 286
1709589920748 1.0 287
1709589921645 1.0 288
1709589922380 1.0 289
1709589923115 1.0 290
1709589923932 1.0 291
1709589924703 1.0 292
1709589925459 1.0 293
1709589926154 1.0 294
1709589926899 1.0 295
1709589927752 1.0 296
1709589928629 1.0 297
1709589929727 1.0 298
1709589930942 1.0 299
