1709589660966 0.26780976768235504 1
1709589661625 0.3208274179597663 2
1709589662302 0.33773611719598184 3
1709589663053 0.3750681376965692 4
1709589663813 0.39036728780872587 5
1709589665070 0.4251102675346763 6
1709589665783 0.4859849922940721 7
1709589666497 0.547369477482923 8
1709589667268 0.6500082949229179 9
1709589667978 0.6511710191761677 10
1709589668715 0.719393156560842 11
1709589669466 0.7353891979039434 12
1709589670337 0.7692052380472113 13
1709589671272 0.7253758704809282 14
1709589671994 0.7642136511097302 15
1709589672699 0.7790434525989659 16
1709589673421 0.793903925359017 17
1709589674384 0.7934724987215978 18
1709589675106 0.7957958659234867 19
1709589675751 0.7924136804140234 20
1709589676459 0.7809575289406526 21
1709589677397 0.8093004988202646 22
1709589678557 0.8173730794064612 23
1709589679991 0.8263345562049917 24
1709589681010 0.8305915322250638 25
1709589682145 0.8301625363537581 26
1709589682989 0.849577923737322 27
1709589683894 0.8154792122452266 28
1709589685092 0.8150189407114544 29
1709589686590 0.7954649335793289 30
1709589687841 0.8407843562121426 31
1709589689063 0.832729572445983 32
1709589690494 0.8512163502263472 33
1709589692116 0.8560784710431729 34
1709589692785 0.8675060913603986 35
1709589693663 0.8467899414390336 36
1709589694342 0.8839676928399427 37
1709589695252 0.8656283969882065 38
1709589696282 0.8915469276866078 39
1709589697035 0.8588725365086891 40
1709589697729 0.8708892558864513 41
1709589698632 0.8361803373352628 42
1709589699549 0.8734482558328225 43
1709589700388 0.8579357930687485 44
1709589701248 0.8675396816412311 45
1709589701917 0.859721341411548 46
1709589702635 0.8780171911295349 47
1709589703325 0.8622393798801051 48
1709589704137 0.8764407930013313 49
1709589705207 0.8227404246013938 50
1709589706479 0.8282508357606144 51
1709589707452 0.8658273518144503 52
1709589708160 0.8249842021643115 53
1709589709164 0.8212425047630326 54
1709589710135 0.8110400835591445 55
1709589710939 0.8735764842854756 56
1709589712042 0.8478737717519544 57
1709589712895 0.8675970619246259 58
1709589713844 0.8793178029391026 59
1709589715521 0.8583876040796552 60
1709589717559 0.9054856449023797 61
1709589718288 0.9039838824108323 62
1709589718994 0.9232256682613666 63
1709589719727 0.9220437276283129 64
1709589720538 0.9256822693303999 65
1709589721301 0.9227812562425768 66
1709589722194 0.9366830810613589 67
1709589722900 0.9302755272695986 68
1709589723718 0.9238488814098635 69
1709589724518 0.9222308424026526 70
1709589725333 0.9187539290613864 71
1709589726046 0.908203703810808 72
1709589726770 0.9063720915198807 73
1709589727552 0.9037869225392005 74
1709589728234 0.903107235107538 75
1709589728955 0.9351583990620999 76
1709589729639 0.9218999143012343 77
1709589730310 0.9312757682672992 78
1709589731021 0.9275618212338295 79
1709589731672 0.9423999693802229 80
1709589732408 0.9333794117795977 81
1709589733112 0.9466095840051235 82
1709589733900 0.9415326831375366 83
1709589734706 0.9530785090831964 84
1709589735565 0.9474932172203999 85
1709589736638 0.932361514514685 86
1709589737558 0.923854122983316 87
1709589738284 0.9457601392149563 88
1709589739010 0.9394176589320246 89
1709589739728 0.9292469395505094 90
1709589740450 0.9361709561034421 91
1709589741124 0.9342372397143398 92
1709589741875 0.9439874440148399 93
1709589742566 0.9475800775013846 94
1709589743271 0.9486537855755002 95
1709589743953 0.9584327416277999 96
1709589744690 0.9574855697165674 97
1709589745876 0.9635433998159606 98
1709589746626 0.9621331593675869 99
1709589747628 0.9709925690489604 100
1709589748822 0.9687115938120645 101
1709589750138 0.971208603629249 102
1709589751868 0.9602112463497896 103
1709589753340 0.9675546435075872 104
1709589755110 0.9507615581591395 105
1709589756240 0.9458078287332885 106
1709589757910 0.9386823395536634 107
1709589758684 0.9548375506273263 108
1709589759493 0.9614052040338592 109
1709589760922 0.9590438711013739 110
1709589761980 0.948348900310344 111
1709589762944 0.9475062853864712 112
1709589763729 0.9584491111305289 113
1709589764608 0.9656822056986065 114
1709589765411 0.9656858201229312 115
1709589766339 0.9774578588810519 116
1709589767737 0.9747771493060245 117
1709589768740 0.9761478014422394 118
1709589769855 0.9744431237595558 119
1709589770766 0.9724400543730495 120
1709589771548 0.9662536132774313 121
1709589772270 0.948058208742945 122
1709589773236 0.9504419041664451 123
1709589774421 0.9401622104318917 124
1709589775248 0.9412903214703341 125
1709589776081 0.956577002861542 126
1709589776826 0.9632832159695969 127
1709589777845 0.9627473603691111 128
1709589779127 0.9703895424234478 129
1709589780209 0.9786389422120599 130
1709589781215 0.9776143553079724 131
1709589781906 0.9842520818987918 132
1709589782605 0.9830009716436015 133
1709589783404 0.985069693734909 134
1709589784304 0.9727745847912512 135
1709589785358 0.9739031861875471 136
1709589786521 0.974691785846274 137
1709589788412 0.9643693763384654 138
1709589789400 0.9705938366015289 139
1709589790896 0.9574662956219866 140
1709589792537 0.9659587656198022 141
1709589793744 0.9640091842830228 142
1709589794725 0.941139004477255 143
1709589795766 0.9320927108475514 144
1709589796901 0.9187231049774937 145
1709589797677 0.8789473147156321 146
1709589798433 0.9071665325950005 147
1709589800137 0.917223360378526 148
1709589801310 0.9459927605893297 149
1709589802534 0.9365729834740242 150
1709589803332 0.9176853158582603 151
1709589804105 0.906700237748165 152
1709589804891 0.9192593509515257 153
1709589805932 0.9193978819622639 154
1709589806947 0.9395863476994399 155
1709589807934 0.9473194727020415 156
1709589808671 0.94490976299371 157
1709589809776 0.9634314070923526 158
1709589811252 0.9656573249867353 159
1709589812073 0.9730792670301168 160
1709589812978 0.9726527470229517 161
1709589813826 0.9761701538657283 162
1709589814727 0.9817436225618422 163
1709589815506 0.9799077966141729 164
1709589816266 0.9848645295389387 165
1709589819161 0.9784077345904738 166
1709589820141 0.9807242038257747 167
1709589820976 0.9827989433039693 168
1709589821787 0.9867574430832089 169
1709589822609 0.9785571571452467 170
1709589823672 0.9834393076207346 171
1709589824597 0.9872307770034574 172
1709589825505 0.980546993713789 173
1709589826513 0.9816309492594124 174
1709589828251 0.9866018742069647 175
1709589829231 0.985244169588728 176
1709589830195 0.9843304083334597 177
1709589831092 0.9837250689977347 178
1709589831859 0.982272397224769 179
1709589832681 0.9776141596819524 180
1709589833549 0.9811470261832816 181
1709589834410 0.9797428105681671 182
1709589835155 0.9562368499126072 183
1709589835978 0.9486546803468731 184
1709589837323 0.9371175023062583 185
1709589838872 0.9356588384502806 186
1709589840516 0.941857060599445 187
1709589841801 0.9522598094995104 188
1709589842816 0.9230439888855244 189
1709589843782 0.9219357914828098 190
1709589844949 0.896959089904027 191
1709589845764 0.941994950046581 192
1709589846469 0.9097167144904243 193
1709589847247 0.9213446060772197 194
1709589847954 0.9383036010296063 195
1709589848637 0.9400550330026862 196
1709589849346 0.9395240258173843 197
1709589850343 0.9682011989567509 198
1709589851387 0.9502823099610493 199
1709589852242 0.9706361525967129 200
1709589853202 0.9747880492477178 201
1709589854184 0.979568479422508 202
1709589854913 0.9855023831681212 203
1709589855771 0.9852768727117059 204
1709589856500 0.9887936133305478 205
1709589857197 0.9902080339567974 206
1709589857922 0.9906903893123152 207
1709589858612 0.9918562983046847 208
1709589859402 0.9924198642428189 209
1709589860100 0.9926980716484101 210
1709589861212 0.9941320512559788 211
1709589861915 0.9904864117431454 212
1709589862576 0.9887385672635245 213
1709589863291 0.9905504330953603 214
1709589864024 0.9855778675465862 215
1709589864704 0.9955026477879336 216
1709589865560 0.9915764747529685 217
1709589866342 0.9917994994309375 218
1709589867028 0.9934400370597871 219
1709589867717 0.9778484558577387 220
1709589868479 0.9795580263414869 221
1709589869235 0.9887401279311183 222
1709589869833 0.9849463308021505 223
1709589870437 0.9881529619363381 224
1709589871161 0.9929828606938118 225
1709589871799 0.9880875448378557 226
1709589872452 0.9918271331394537 227
1709589873097 0.9845691672480179 228
1709589874039 0.9845562199735507 229
1709589874684 0.9892832701921221 230
1709589875382 0.9859058463205314 231
1709589876174 0.9934725930246456 232
1709589876854 0.9921333725710205 233
1709589877552 0.9943030840339446 234
1709589878240 0.9956753244154071 235
1709589878943 0.9948577727446966 236
1709589879638 0.9970813973371518 237
1709589880388 0.9970204350692157 238
1709589881088 0.9997506234413965 239
1709589881755 0.9981968928600177 240
1709589882436 0.9997506234413965 241
1709589883209 0.9986894794321077 242
1709589883883 0.9997506234413965 243
1709589884547 0.9948560819889298 244
1709589885494 0.996486575540831 245
1709589886249 0.9942254576325145 246
1709589886952 0.9972123192711428 247
1709589887653 0.9972262075561933 248
1709589888324 0.9984388621941083 249
1709589889018 0.9973913477371388 250
1709589889701 0.9993788819875776 251
1709589890411 0.9979728069071829 252
1709589891112 0.9906349788376818 253
1709589891779 0.9946884173329844 254
1709589892444 0.9955246213550584 255
1709589893139 0.9928083201497016 256
1709589893816 0.9934197861365988 257
1709589894534 0.9958219293299967 258
1709589895215 0.9952172378175543 259
1709589895920 0.9977886977886978 260
1709589896621 0.9964349376114082 261
1709589897410 0.9996632996632997 262
1709589898208 0.99613867483493 263
1709589898890 0.9994126730968838 264
1709589899591 0.9972589704619045 265
1709589900290 0.9988763694247635 266
1709589900969 0.9964857067925518 267
1709589901671 0.9994974874371859 268
1709589902411 0.9969865028723637 269
1709589903275 1.0 270
1709589906154 0.9990099009900991 271
1709589906843 1.0 272
1709589907492 1.0 273
1709589908709 1.0 274
1709589909398 1.0 275
1709589910562 1.0 276
1709589911496 1.0 277
1709589912430 1.0 278
1709589913646 1.0 279
1709589915131 1.0 280
1709589915789 1.0 281
1709589916741 1.0 282
1709589917455 1.0 283
1709589918175 1.0 284
1709589919019 1.0 285
1709589919918 1.0 286
1709589920748 1.0 287
1709589921645 1.0 288
1709589922380 1.0 289
1709589923115 1.0 290
1709589923932 1.0 291
1709589924703 1.0 292
1709589925459 1.0 293
1709589926154 1.0 294
1709589926899 1.0 295
1709589927752 1.0 296
1709589928629 1.0 297
1709589929727 1.0 298
1709589930942 1.0 299
