1717241743433 0.505267858505249 1
1717241743857 0.5319737195968628 2
1717241744230 0.5563883185386658 3
1717241744616 0.6267978549003601 4
1717241745014 0.6668217182159424 5
1717241745414 0.7332023978233337 6
1717241745813 0.7821496725082397 7
1717241746222 0.8470007181167603 8
1717241746632 0.873836874961853 9
1717241747041 0.8923887014389038 10
1717241747434 0.9114773869514465 11
1717241747855 0.9506338238716125 12
1717241748278 0.9722878336906433 13
1717241748674 0.9747150540351868 14
1717241749085 0.9741510152816772 15
1717241749500 0.9817721247673035 16
1717241749907 0.9849687814712524 17
1717241750301 0.9847960472106934 18
1717241750705 0.9901576042175293 19
1717241751103 0.9904433488845825 20
1717241751500 0.9922237396240234 21
1717241751910 0.9912678003311157 22
1717241752330 0.9938793182373047 23
1717241752753 0.9943025708198547 24
1717241753152 0.9944068193435669 25
1717241753562 0.9946759939193726 26
1717241753974 0.9945542216300964 27
1717241754388 0.994477391242981 28
1717241754806 0.9972853660583496 29
1717241755214 0.9972505569458008 30
1717241755620 0.9973632097244263 31
1717241756039 0.997330367565155 32
1717241756444 0.997491717338562 33
1717241756841 0.9974761009216309 34
1717241757247 0.9975709915161133 35
1717241757658 0.9975141286849976 36
1717241758070 0.9976248741149902 37
1717241758477 0.9988185167312622 38
1717241758885 0.9978383779525757 39
1717241759290 0.9987486004829407 40
1717241759713 0.9986958503723145 41
1717241760132 0.9988988637924194 42
1717241760526 0.9988973736763 43
1717241760915 0.9987190365791321 44
1717241761312 0.9988623857498169 45
1717241761715 0.9985982179641724 46
1717241762117 0.9984763860702515 47
1717241762546 0.9981201887130737 48
1717241762951 0.9980096817016602 49
1717241763354 0.9978671073913574 50
1717241763773 0.9978493452072144 51
1717241764182 0.9980168342590332 52
1717241764593 0.9981083869934082 53
1717241764995 0.9980101585388184 54
1717241765408 0.9983725547790527 55
1717241765821 0.9986604452133179 56
1717241766219 0.9987139701843262 57
1717241766637 0.9988418817520142 58
1717241767039 0.998904824256897 59
1717241767444 0.9990642666816711 60
1717241767865 0.9991024732589722 61
1717241768275 0.9991376996040344 62
1717241768688 0.9992262721061707 63
1717241769107 0.9992453455924988 64
1717241769519 0.9992807507514954 65
1717241769932 0.9993189573287964 66
1717241770328 0.9993189573287964 67
1717241770730 0.9993742108345032 68
1717241771127 0.9996048808097839 69
1717241771545 0.9996321797370911 70
1717241771948 0.9997609853744507 71
1717241772357 0.9997960925102234 72
1717241772763 0.9998694658279419 73
1717241773167 0.9998694658279419 74
1717241773585 0.9998694658279419 75
1717241773996 0.9999427795410156 76
1717241774405 0.9999809265136719 77
1717241774806 0.9999809265136719 78
1717241775223 0.9999809265136719 79
1717241775627 0.9999809265136719 80
1717241776042 0.9999809265136719 81
1717241776448 0.9999809265136719 82
1717241776860 0.9999809265136719 83
1717241777263 0.9999809265136719 84
1717241777671 0.9999809265136719 85
1717241778090 0.9999809265136719 86
1717241778498 0.9999809265136719 87
1717241778908 1.0 88
1717241779319 1.0 89
1717241779727 1.0 90
1717241780123 1.0 91
1717241780527 1.0 92
1717241780935 1.0 93
1717241781348 1.0 94
1717241781770 1.0 95
1717241782175 1.0 96
1717241782593 1.0 97
1717241783020 1.0 98
1717241783431 1.0 99
