1717241743433 0.5052678542992768 1
1717241743857 0.5319736832214901 2
1717241744230 0.5563883431595403 3
1717241744616 0.626797864212349 4
1717241745014 0.6668217045049868 5
1717241745414 0.7332024124587727 6
1717241745813 0.7821497211981698 7
1717241746222 0.8470007193174778 8
1717241746632 0.8738368864338593 9
1717241747041 0.8923887855360452 10
1717241747434 0.9114773755917854 11
1717241747855 0.9506337874196011 12
1717241748278 0.9722877753988209 13
1717241748674 0.9747150170823634 14
1717241749085 0.9741510286348684 15
1717241749500 0.9817721826708187 16
1717241749907 0.9849686920024896 17
1717241750301 0.9847960684268438 18
1717241750705 0.9901575787614345 19
1717241751103 0.9904432818436607 20
1717241751500 0.9922238294547301 21
1717241751910 0.9912678277954508 22
1717241752330 0.9938793158327913 23
1717241752753 0.9943025827056777 24
1717241753152 0.9944068289319384 25
1717241753562 0.9946760622697944 26
1717241753974 0.994554185254179 27
1717241754388 0.99447740550467 28
1717241754806 0.9972854273458568 29
1717241755214 0.9972505682348034 30
1717241755620 0.9973632037507155 31
1717241756039 0.9973303854478566 32
1717241756444 0.9974917909589704 33
1717241756841 0.9974761301723559 34
1717241757247 0.9975709309310119 35
1717241757658 0.997514100944553 36
1717241758070 0.9976249064155998 37
1717241758477 0.9988184766415692 38
1717241758885 0.9978384197433725 39
1717241759290 0.9987486112391066 40
1717241759713 0.9986959140431002 41
1717241760132 0.9988989149862426 42
1717241760526 0.9988974469767701 43
1717241760915 0.9987190126424151 44
1717241761312 0.998862334807552 45
1717241761715 0.9985981516098761 46
1717241762117 0.9984764358931596 47
1717241762546 0.99812026352676 48
1717241762951 0.9980096690251228 49
1717241763354 0.9978670972854019 50
1717241763773 0.9978493148495999 51
1717241764182 0.9980167572960896 52
1717241764593 0.9981083587122992 53
1717241764995 0.9980101851075606 54
1717241765408 0.9983725792588197 55
1717241765821 0.998660456481454 56
1717241766219 0.9987139874925857 57
1717241766637 0.9988418936062619 58
1717241767039 0.998904809206093 59
1717241767444 0.999064281940852 60
1717241767865 0.9991024789881775 61
1717241768275 0.9991376469085097 62
1717241768688 0.9992262757942265 63
1717241769107 0.9992453688538829 64
1717241769519 0.9992807984353629 65
1717241769932 0.9993189736318728 66
1717241770328 0.9993189736318728 67
1717241770730 0.9993742169491995 68
1717241771127 0.9996048585915908 69
1717241771545 0.9996321553935097 70
1717241771948 0.9997609869368936 71
1717241772357 0.99979614249809 72
1717241772763 0.9998694245267924 73
1717241773167 0.9998694245267924 74
1717241773585 0.9998694245267924 75
1717241773996 0.9999428190222053 76
1717241774405 0.9999809433063364 77
1717241774806 0.9999809433063364 78
1717241775223 0.9999809433063364 79
1717241775627 0.9999809433063364 80
1717241776042 0.9999809433063364 81
1717241776448 0.9999809433063364 82
1717241776860 0.9999809433063364 83
1717241777263 0.9999809433063364 84
1717241777671 0.9999809433063364 85
1717241778090 0.9999809433063364 86
1717241778498 0.9999809433063364 87
1717241778908 1.0 88
1717241779319 1.0 89
1717241779727 1.0 90
1717241780123 1.0 91
1717241780527 1.0 92
1717241780935 1.0 93
1717241781348 1.0 94
1717241781770 1.0 95
1717241782175 1.0 96
1717241782593 1.0 97
1717241783020 1.0 98
1717241783431 1.0 99
