1717241743433 0.4697754279889521 1
1717241743857 0.530265227622321 2
1717241744230 0.6113232631305652 3
1717241744616 0.6439593565021446 4
1717241745014 0.6926253928823887 5
1717241745414 0.740862198339633 6
1717241745813 0.8010622877121774 7
1717241746222 0.8594654108709017 8
1717241746632 0.8876159874848453 9
1717241747041 0.9047248572028812 10
1717241747434 0.917504400529008 11
1717241747855 0.9524390623264883 12
1717241748278 0.973272732136893 13
1717241748674 0.9758598051060389 14
1717241749085 0.9749476125352473 15
1717241749500 0.9821245774260751 16
1717241749907 0.9851866396525345 17
1717241750301 0.9850098390612054 18
1717241750705 0.9901582841660244 19
1717241751103 0.9904365591717708 20
1717241751500 0.992182803170499 21
1717241751910 0.9912382974784123 22
1717241752330 0.9938340676552657 23
1717241752753 0.9942590910619714 24
1717241753152 0.9943673440507401 25
1717241753562 0.9946317738548789 26
1717241753974 0.9945113880242957 27
1717241754388 0.994435485575964 28
1717241754806 0.9972440996605985 29
1717241755214 0.997209265364161 30
1717241755620 0.9973225960045543 31
1717241756039 0.9972895891008926 32
1717241756444 0.9974529795094844 33
1717241756841 0.9974367010304664 34
1717241757247 0.997533085229723 35
1717241757658 0.9974753847734318 36
1717241758070 0.9975881390461139 37
1717241758477 0.9987937740660271 38
1717241758885 0.9978044592896229 39
1717241759290 0.9987225020463006 40
1717241759713 0.9986688249443489 41
1717241760132 0.9988758514083532 42
1717241760526 0.9988745957766311 43
1717241760915 0.9986924176952956 44
1717241761312 0.9988382688234495 45
1717241761715 0.9985695208562599 46
1717241762117 0.9984457024802043 47
1717241762546 0.9980834386705293 48
1717241762951 0.9979711100487538 49
1717241763354 0.9978263910556665 50
1717241763773 0.9978083552526371 51
1717241764182 0.9979785101954931 52
1717241764593 0.9980715292098713 53
1717241764995 0.9979721080369579 54
1717241765408 0.9983403820610992 55
1717241765821 0.9986331214650124 56
1717241766219 0.9986876086229912 57
1717241766637 0.9988178911133918 58
1717241767039 0.9988821237077918 59
1717241767444 0.9990446521593676 60
1717241767865 0.9990836232676852 61
1717241768275 0.9991195363510528 62
1717241768688 0.9992100094990649 63
1717241769107 0.9992295007563128 64
1717241769519 0.9992657129574496 65
1717241769932 0.9993047068836887 66
1717241770328 0.9993047068836887 67
1717241770730 0.9993608286286619 68
1717241771127 0.9995958606280425 69
1717241771545 0.9996238288362675 70
1717241771948 0.9997554232494528 71
1717241772357 0.9997913492395885 72
1717241772763 0.9998663201441179 73
1717241773167 0.9998663201441179 74
1717241773585 0.9998663201441179 75
1717241773996 0.99994142341111 76
1717241774405 0.9999804706571623 77
1717241774806 0.9999804706571623 78
1717241775223 0.9999804706571623 79
1717241775627 0.9999804706571623 80
1717241776042 0.9999804706571623 81
1717241776448 0.9999804706571623 82
1717241776860 0.9999804706571623 83
1717241777263 0.9999804706571623 84
1717241777671 0.9999804706571623 85
1717241778090 0.9999804706571623 86
1717241778498 0.9999804706571623 87
1717241778908 1.0 88
1717241779319 1.0 89
1717241779727 1.0 90
1717241780123 1.0 91
1717241780527 1.0 92
1717241780935 1.0 93
1717241781348 1.0 94
1717241781770 1.0 95
1717241782175 1.0 96
1717241782593 1.0 97
1717241783020 1.0 98
1717241783431 1.0 99
