1717240501745 33084.0 1
1717240502634 33084.0 2
1717240503257 33084.0 3
1717240503878 33084.0 4
1717240504502 33084.0 5
1717240505142 33084.0 6
1717240505773 33084.0 7
1717240506411 33084.0 8
1717240507042 33084.0 9
1717240507694 33084.0 10
1717240508336 33084.0 11
1717240508998 33084.0 12
1717240509644 33084.0 13
1717240510357 33084.0 14
1717240511016 33084.0 15
1717240511683 33084.0 16
1717240512337 33084.0 17
1717240512997 33084.0 18
1717240513641 33084.0 19
1717240514289 33084.0 20
1717240514997 33084.0 21
1717240515672 33084.0 22
1717240516341 33084.0 23
1717240517016 33084.0 24
1717240517677 33084.0 25
1717240518340 33084.0 26
1717240519016 33084.0 27
1717240519668 33084.0 28
1717240520397 33084.0 29
1717240521061 33084.0 30
1717240521728 33084.0 31
1717240522405 33084.0 32
1717240523068 33084.0 33
1717240523733 33084.0 34
1717240524373 33084.0 35
1717240525022 33084.0 36
1717240525695 33084.0 37
1717240526345 33084.0 38
1717240527009 33084.0 39
1717240527646 33084.0 40
1717240528292 33084.0 41
1717240528961 33084.0 42
1717240529611 33084.0 43
1717240530301 33084.0 44
1717240530951 33084.0 45
1717240531601 33084.0 46
1717240532292 33084.0 47
1717240532961 33084.0 48
1717240533625 33084.0 49
1717240534289 33084.0 50
1717240534975 33084.0 51
1717240535658 33084.0 52
1717240536342 33084.0 53
1717240537012 33084.0 54
1717240537676 33084.0 55
1717240538325 33084.0 56
1717240539007 33084.0 57
1717240539653 33084.0 58
1717240540336 33084.0 59
1717240540968 33084.0 60
1717240541611 33084.0 61
1717240542265 33084.0 62
1717240542926 33084.0 63
1717240543578 33084.0 64
1717240544224 33084.0 65
1717240544859 33084.0 66
1717240545505 33084.0 67
1717240546158 33084.0 68
1717240546801 33084.0 69
1717240547469 33084.0 70
1717240548120 33084.0 71
1717240548775 33084.0 72
1717240549410 33084.0 73
1717240550054 33084.0 74
1717240550724 33084.0 75
1717240551376 33084.0 76
1717240552025 33084.0 77
1717240552694 33084.0 78
1717240553345 33084.0 79
1717240554001 33084.0 80
1717240554646 33084.0 81
1717240555331 33084.0 82
1717240555989 33084.0 83
1717240556657 33084.0 84
1717240557321 33084.0 85
1717240557969 33084.0 86
1717240558628 33084.0 87
1717240559295 33084.0 88
1717240559942 33084.0 89
1717240560620 33084.0 90
1717240561282 33084.0 91
1717240561963 33084.0 92
1717240562616 33084.0 93
1717240563262 33084.0 94
1717240563916 33084.0 95
1717240564564 33084.0 96
1717240565240 33084.0 97
1717240565893 33084.0 98
1717240566574 33084.0 99
