1717240501745 33444.0 1
1717240502634 34584.0 2
1717240503257 34845.0 3
1717240503878 35451.0 4
1717240504502 35260.0 5
1717240505142 35396.0 6
1717240505773 35182.0 7
1717240506411 35331.0 8
1717240507042 35085.0 9
1717240507694 35195.0 10
1717240508336 35037.0 11
1717240508998 34804.0 12
1717240509644 34876.0 13
1717240510357 34459.0 14
1717240511016 34641.0 15
1717240511683 34882.0 16
1717240512337 34508.0 17
1717240512997 34660.0 18
1717240513641 34560.0 19
1717240514289 34506.0 20
1717240514997 34518.0 21
1717240515672 34407.0 22
1717240516341 34658.0 23
1717240517016 34533.0 24
1717240517677 34404.0 25
1717240518340 34426.0 26
1717240519016 34605.0 27
1717240519668 34515.0 28
1717240520397 34251.0 29
1717240521061 34106.0 30
1717240521728 34034.0 31
1717240522405 34358.0 32
1717240523068 34367.0 33
1717240523733 34441.0 34
1717240524373 34193.0 35
1717240525022 34381.0 36
1717240525695 33899.0 37
1717240526345 34269.0 38
1717240527009 34032.0 39
1717240527646 33980.0 40
1717240528292 34006.0 41
1717240528961 34102.0 42
1717240529611 34199.0 43
1717240530301 33848.0 44
1717240530951 34054.0 45
1717240531601 33768.0 46
1717240532292 33929.0 47
1717240532961 34049.0 48
1717240533625 33848.0 49
1717240534289 33707.0 50
1717240534975 33676.0 51
1717240535658 33520.0 52
1717240536342 33809.0 53
1717240537012 34086.0 54
1717240537676 33835.0 55
1717240538325 33664.0 56
1717240539007 33173.0 57
1717240539653 33493.0 58
1717240540336 33716.0 59
1717240540968 33684.0 60
1717240541611 34007.0 61
1717240542265 33016.0 62
1717240542926 33861.0 63
1717240543578 33263.0 64
1717240544224 33738.0 65
1717240544859 33001.0 66
1717240545505 33823.0 67
1717240546158 33372.0 68
1717240546801 33469.0 69
1717240547469 33592.0 70
1717240548120 33665.0 71
1717240548775 33529.0 72
1717240549410 33133.0 73
1717240550054 33605.0 74
1717240550724 33934.0 75
1717240551376 33455.0 76
1717240552025 33377.0 77
1717240552694 33268.0 78
1717240553345 33598.0 79
1717240554001 33337.0 80
1717240554646 33268.0 81
1717240555331 33747.0 82
1717240555989 33625.0 83
1717240556657 33452.0 84
1717240557321 33323.0 85
1717240557969 33493.0 86
1717240558628 33300.0 87
1717240559295 33290.0 88
1717240559942 33590.0 89
1717240560620 33113.0 90
1717240561282 33593.0 91
1717240561963 33558.0 92
1717240562616 33374.0 93
1717240563262 33350.0 94
1717240563916 33539.0 95
1717240564564 33415.0 96
1717240565240 33436.0 97
1717240565893 33662.0 98
1717240566574 33464.0 99
