1717240501745 0.7441179378037933 1
1717240502634 0.8078162816444546 2
1717240503257 0.8203651147621475 3
1717240503878 0.8347089765123531 4
1717240504502 0.836278213852973 5
1717240505142 0.8438505976487303 6
1717240505773 0.8400508163387144 7
1717240506411 0.8511522150190585 8
1717240507042 0.8553113757440898 9
1717240507694 0.8563339035736721 10
1717240508336 0.8594777751228587 11
1717240508998 0.8627483142720476 12
1717240509644 0.8630869986938559 13
1717240510357 0.8684090074964372 14
1717240511016 0.8675213567050243 15
1717240511683 0.8652459397493807 16
1717240512337 0.8711546237575176 17
1717240512997 0.8710735582615898 18
1717240513641 0.8718716884099511 19
1717240514289 0.8741068317464279 20
1717240514997 0.8752728990102746 21
1717240515672 0.8750954174595756 22
1717240516341 0.8720216564181869 23
1717240517016 0.8764119819167482 24
1717240517677 0.8794805108474362 25
1717240518340 0.8800294042824068 26
1717240519016 0.8786791101333755 27
1717240519668 0.8781049295073361 28
1717240520397 0.8829550957949998 29
1717240521061 0.8827140728459953 30
1717240521728 0.8868480356253325 31
1717240522405 0.8835557086666818 32
1717240523068 0.8855055105128281 33
1717240523733 0.88548395694966 34
1717240524373 0.886959695310711 35
1717240525022 0.8869028290408183 36
1717240525695 0.8909452392167984 37
1717240526345 0.8882792673843172 38
1717240527009 0.8905010343296931 39
1717240527646 0.8931925460654897 40
1717240528292 0.8932603920336767 41
1717240528961 0.8917058821687128 42
1717240529611 0.8953609086505686 43
1717240530301 0.8950787600506999 44
1717240530951 0.8969000382943297 45
1717240531601 0.8983225655136579 46
1717240532292 0.8979929111259863 47
1717240532961 0.8967078223913244 48
1717240533625 0.8975651505815663 49
1717240534289 0.8989847347706815 50
1717240534975 0.9022641339050889 51
1717240535658 0.9024082598652182 52
1717240536342 0.9024544086516595 53
1717240537012 0.8996735765507641 54
1717240537676 0.9010644550276222 55
1717240538325 0.9043718991898986 56
1717240539007 0.9066402369228941 57
1717240539653 0.9061843774051516 58
1717240540336 0.9058813254172875 59
1717240540968 0.9074223705002729 60
1717240541611 0.9029901580522747 61
1717240542265 0.9087447308592959 62
1717240542926 0.9091844504773263 63
1717240543578 0.9087052401104332 64
1717240544224 0.9111418794663514 65
1717240544859 0.9117930390675688 66
1717240545505 0.9077113582432979 67
1717240546158 0.9144276064773077 68
1717240546801 0.9093811557467536 69
1717240547469 0.9134553407240762 70
1717240548120 0.9135899417523315 71
1717240548775 0.9125968719885323 72
1717240549410 0.9131655957958278 73
1717240550054 0.9151622038035729 74
1717240550724 0.9109197063602569 75
1717240551376 0.9132559600327026 76
1717240552025 0.9174868033395931 77
1717240552694 0.9148309328958151 78
1717240553345 0.9186479525166982 79
1717240554001 0.9119361477247427 80
1717240554646 0.9197899304755485 81
1717240555331 0.9159171641286692 82
1717240555989 0.9182239379515202 83
1717240556657 0.9141666139769395 84
1717240557321 0.9199595682463192 85
1717240557969 0.9218534211253052 86
1717240558628 0.9154238645460492 87
1717240559295 0.9224367401144449 88
1717240559942 0.921824053686844 89
1717240560620 0.920451274183906 90
1717240561282 0.921892972401238 91
1717240561963 0.9221961421734498 92
1717240562616 0.9146918176506279 93
1717240563262 0.9240858754608337 94
1717240563916 0.9238772085403208 95
1717240564564 0.9258891530220904 96
1717240565240 0.9248528564240669 97
1717240565893 0.9214713989886205 98
1717240566574 0.9216139063447384 99
