1717240501745 0.6342483307463196 1
1717240502634 0.7291564825555789 2
1717240503257 0.7472754764238421 3
1717240503878 0.7725699475630327 4
1717240504502 0.7747529626629779 5
1717240505142 0.7851639444400524 6
1717240505773 0.7775597947087272 7
1717240506411 0.7939463040170021 8
1717240507042 0.7984391182108016 9
1717240507694 0.800961674436941 10
1717240508336 0.8042787959722869 11
1717240508998 0.8073595950432203 12
1717240509644 0.8086190907332554 13
1717240510357 0.8134058291481026 14
1717240511016 0.8123881715486462 15
1717240511683 0.8107952563885579 16
1717240512337 0.8168071692762524 17
1717240512997 0.8175450449998387 18
1717240513641 0.8184624227592476 19
1717240514289 0.8213183179225669 20
1717240514997 0.8234366325862215 21
1717240515672 0.8221946126927733 22
1717240516341 0.8197551744030976 23
1717240517016 0.8247256436753109 24
1717240517677 0.8280978825404605 25
1717240518340 0.8290155654931872 26
1717240519016 0.8280923130130058 27
1717240519668 0.8277943806373494 28
1717240520397 0.8332608315309914 29
1717240521061 0.831865301252616 30
1717240521728 0.8369536325256794 31
1717240522405 0.8339570148706363 32
1717240523068 0.8365844408334185 33
1717240523733 0.8382134949718498 34
1717240524373 0.8382256237675941 35
1717240525022 0.8396544097901995 36
1717240525695 0.842923379900277 37
1717240526345 0.8405850785054743 38
1717240527009 0.8429375639077156 39
1717240527646 0.8467255950674148 40
1717240528292 0.8462948912274836 41
1717240528961 0.8447364827898911 42
1717240529611 0.8513295851708573 43
1717240530301 0.8484602914050999 44
1717240530951 0.8524388630796548 45
1717240531601 0.8531662959539101 46
1717240532292 0.8526578099911442 47
1717240532961 0.8518964473324522 48
1717240533625 0.8521777403015397 49
1717240534289 0.8541381080098779 50
1717240534975 0.8588991973352755 51
1717240535658 0.8578576244268682 52
1717240536342 0.859109027588578 53
1717240537012 0.8567025880374526 54
1717240537676 0.8581870316585093 55
1717240538325 0.8633048748425727 56
1717240539007 0.864032635056394 57
1717240539653 0.8632211871523641 58
1717240540336 0.8639718599839108 59
1717240540968 0.8660367460921004 60
1717240541611 0.8638518561614783 61
1717240542265 0.8652376343137554 62
1717240542926 0.8708615822578933 63
1717240543578 0.8660726172398536 64
1717240544224 0.8734880836999267 65
1717240544859 0.8691513101844643 66
1717240545505 0.8689874266416036 67
1717240546158 0.8759110932313512 68
1717240546801 0.8680618852386534 69
1717240547469 0.8746746013261962 70
1717240548120 0.874783183303294 71
1717240548775 0.8754575922480159 72
1717240549410 0.872218864870273 73
1717240550054 0.8768732575310361 74
1717240550724 0.873225735474754 75
1717240551376 0.8744936874655439 76
1717240552025 0.881113910264272 77
1717240552694 0.8755475166172582 78
1717240553345 0.8830231042867827 79
1717240554001 0.8723902488400702 80
1717240554646 0.882961960477212 81
1717240555331 0.8786025102487311 82
1717240555989 0.8827515312532747 83
1717240556657 0.8758089359322746 84
1717240557321 0.8837847093287386 85
1717240557969 0.8871961077341204 86
1717240558628 0.8773352543254166 87
1717240559295 0.8869734229506105 88
1717240559942 0.8875076499749703 89
1717240560620 0.8830422691646556 90
1717240561282 0.8869687655636422 91
1717240561963 0.8878168389068659 92
1717240562616 0.8762496319926502 93
1717240563262 0.8894849409181738 94
1717240563916 0.889947620744651 95
1717240564564 0.8923175822331025 96
1717240565240 0.8907979921143092 97
1717240565893 0.8866920247479981 98
1717240566574 0.8869495672617322 99
