1717240501745 0.6110247373580933 1
1717240502634 0.42443346977233887 2
1717240503257 0.39727288484573364 3
1717240503878 0.3671668469905853 4
1717240504502 0.36030811071395874 5
1717240505142 0.3409363627433777 6
1717240505773 0.3494280278682709 7
1717240506411 0.3316092789173126 8
1717240507042 0.32239457964897156 9
1717240507694 0.3176136910915375 10
1717240508336 0.31395846605300903 11
1717240508998 0.31331461668014526 12
1717240509644 0.30761197209358215 13
1717240510357 0.30730605125427246 14
1717240511016 0.3060179650783539 15
1717240511683 0.30441170930862427 16
1717240512337 0.2993714213371277 17
1717240512997 0.2957707643508911 18
1717240513641 0.29497915506362915 19
1717240514289 0.2918834090232849 20
1717240514997 0.2882862389087677 21
1717240515672 0.2903466820716858 22
1717240516341 0.292066752910614 23
1717240517016 0.283727765083313 24
1717240517677 0.2826273441314697 25
1717240518340 0.2791897654533386 26
1717240519016 0.2776746153831482 27
1717240519668 0.2786790430545807 28
1717240520397 0.27266865968704224 29
1717240521061 0.27566176652908325 30
1717240521728 0.2691832184791565 31
1717240522405 0.27099430561065674 32
1717240523068 0.2665897011756897 33
1717240523733 0.26139694452285767 34
1717240524373 0.2657284438610077 35
1717240525022 0.25927218794822693 36
1717240525695 0.26105859875679016 37
1717240526345 0.26074427366256714 38
1717240527009 0.25945496559143066 39
1717240527646 0.25552600622177124 40
1717240528292 0.2554709017276764 41
1717240528961 0.2579409182071686 42
1717240529611 0.24511420726776123 43
1717240530301 0.25430411100387573 44
1717240530951 0.2468065470457077 45
1717240531601 0.24729116261005402 46
1717240532292 0.24982182681560516 47
1717240532961 0.24575325846672058 48
1717240533625 0.24608135223388672 49
1717240534289 0.2431623637676239 50
1717240534975 0.2396230250597 51
1717240535658 0.24313008785247803 52
1717240536342 0.23887670040130615 53
1717240537012 0.2407493144273758 54
1717240537676 0.23890452086925507 55
1717240538325 0.22995395958423615 56
1717240539007 0.23575611412525177 57
1717240539653 0.23648330569267273 58
1717240540336 0.23277993500232697 59
1717240540968 0.23010706901550293 60
1717240541611 0.22532525658607483 61
1717240542265 0.23755422234535217 62
1717240542926 0.21993789076805115 63
1717240543578 0.2364242821931839 64
1717240544224 0.21736998856067657 65
1717240544859 0.23180332779884338 66
1717240545505 0.22299733757972717 67
1717240546158 0.21932189166545868 68
1717240546801 0.22992849349975586 69
1717240547469 0.22088226675987244 70
1717240548120 0.22138650715351105 71
1717240548775 0.21368403732776642 72
1717240549410 0.22610938549041748 73
1717240550054 0.2160896509885788 74
1717240550724 0.2156524658203125 75
1717240551376 0.21807877719402313 76
1717240552025 0.2098853886127472 77
1717240552694 0.22143268585205078 78
1717240553345 0.20533373951911926 79
1717240554001 0.21912777423858643 80
1717240554646 0.21211731433868408 81
1717240555331 0.21056346595287323 82
1717240555989 0.20630939304828644 83
1717240556657 0.21535949409008026 84
1717240557321 0.208177849650383 85
1717240557969 0.2000335454940796 86
1717240558628 0.2139844000339508 87
1717240559295 0.2056993991136551 88
1717240559942 0.1976814568042755 89
1717240560620 0.21346911787986755 90
1717240561282 0.20117191970348358 91
1717240561963 0.20042438805103302 92
1717240562616 0.2140110284090042 93
1717240563262 0.1999245136976242 94
1717240563916 0.19558414816856384 95
1717240564564 0.19534817337989807 96
1717240565240 0.197466641664505 97
1717240565893 0.20053401589393616 98
1717240566574 0.1987258493900299 99
