1717455630366 758234.0 1
1717455648045 758234.0 2
1717455665990 758234.0 3
1717455684199 758234.0 4
1717455702335 758234.0 5
1717455720790 758234.0 6
1717455739174 758234.0 7
1717455757304 758234.0 8
1717455775425 758234.0 9
1717455793406 758234.0 10
1717455811185 758234.0 11
1717455829165 758234.0 12
1717455847135 758234.0 13
1717455865059 758234.0 14
1717455883334 758234.0 15
1717455901534 758234.0 16
1717455919900 758234.0 17
1717455938236 758234.0 18
1717455956484 758234.0 19
1717455974933 758234.0 20
1717455993428 758234.0 21
1717456011970 758234.0 22
1717456030532 758234.0 23
1717456049034 758234.0 24
1717456067472 758234.0 25
1717456085948 758234.0 26
1717456104325 758234.0 27
1717456122533 758234.0 28
1717456141037 758234.0 29
1717456159327 758234.0 30
1717456177803 758234.0 31
1717456196228 758234.0 32
1717456214706 758234.0 33
1717456233207 758234.0 34
1717456251685 758234.0 35
1717456270316 758234.0 36
1717456288814 758234.0 37
1717456307253 758234.0 38
1717456325755 758234.0 39
1717456344248 758234.0 40
1717456362963 758234.0 41
1717456381120 758234.0 42
1717456399247 758234.0 43
1717456417669 758234.0 44
1717456436089 758234.0 45
1717456454483 758234.0 46
1717456472953 758234.0 47
1717456491334 758234.0 48
1717456509730 758234.0 49
1717456528368 758234.0 50
1717456546985 758234.0 51
1717456565476 758234.0 52
1717456583957 758234.0 53
1717456602489 758234.0 54
1717456621051 758234.0 55
1717456639562 758234.0 56
1717456658105 758234.0 57
1717456676667 758234.0 58
1717456695225 758234.0 59
1717456713531 758234.0 60
1717456731804 758234.0 61
1717456750066 758234.0 62
1717456768339 758234.0 63
1717456786818 758234.0 64
1717456805251 758234.0 65
1717456823708 758234.0 66
1717456842116 758234.0 67
1717456860524 758234.0 68
1717456878926 758234.0 69
1717456897392 758234.0 70
1717456915915 758234.0 71
1717456934407 758234.0 72
1717456952804 758234.0 73
1717456971241 758234.0 74
1717456989690 758234.0 75
1717457007478 758234.0 76
1717457025312 758234.0 77
1717457043365 758234.0 78
1717457061337 758234.0 79
1717457079346 758234.0 80
1717457097391 758234.0 81
1717457115525 758234.0 82
1717457133597 758234.0 83
1717457151680 758234.0 84
1717457170025 758234.0 85
1717457188319 758234.0 86
1717457206618 758234.0 87
1717457224932 758234.0 88
1717457243328 758234.0 89
1717457261951 758234.0 90
1717457279715 758234.0 91
1717457297366 758234.0 92
1717457315169 758234.0 93
1717457333115 758234.0 94
1717457351027 758234.0 95
1717457368794 758234.0 96
1717457386508 758234.0 97
1717457404399 758234.0 98
1717457422275 758234.0 99
