1717455630366 0.5238234210430542 1
1717455648045 0.7398279561536735 2
1717455665990 0.7965413129116399 3
1717455684199 0.8775446114016889 4
1717455702335 0.906250004864759 5
1717455720790 0.9127032686421803 6
1717455739174 0.9129299606068537 7
1717455757304 0.9130867230079341 8
1717455775425 0.9124452084296243 9
1717455793406 0.913464034482077 10
1717455811185 0.9149278987458042 11
1717455829165 0.9174315085490813 12
1717455847135 0.9186066866669883 13
1717455865059 0.9185290082079465 14
1717455883334 0.9198130938085474 15
1717455901534 0.9199035343102473 16
1717455919900 0.9206800540561237 17
1717455938236 0.9195875495694131 18
1717455956484 0.9211640861446517 19
1717455974933 0.922156296038892 20
1717455993428 0.922265229711187 21
1717456011970 0.9232862204894994 22
1717456030532 0.9250089889272883 23
1717456049034 0.9268663156837477 24
1717456067472 0.9255948070935663 25
1717456085948 0.9283587843763546 26
1717456104325 0.9291494473113473 27
1717456122533 0.9304561332016721 28
1717456141037 0.9316222399465751 29
1717456159327 0.9318810740421682 30
1717456177803 0.9333793800332023 31
1717456196228 0.9336536074064866 32
1717456214706 0.9342633807845112 33
1717456233207 0.9352976287487677 34
1717456251685 0.9352056811005582 35
1717456270316 0.9355501114820234 36
1717456288814 0.9362293025843796 37
1717456307253 0.9371875245303982 38
1717456325755 0.9377912394805923 39
1717456344248 0.9384511106677689 40
1717456362963 0.9400722508863016 41
1717456381120 0.9397528038061974 42
1717456399247 0.9421243092480477 43
1717456417669 0.9416798411942165 44
1717456436089 0.9418354800254009 45
1717456454483 0.9427562156915642 46
1717456472953 0.9430997080679117 47
1717456491334 0.9436966494297083 48
1717456509730 0.9446574092963198 49
1717456528368 0.9452224425974497 50
1717456546985 0.9450022977033108 51
1717456565476 0.9461252774213147 52
1717456583957 0.9462841249838756 53
1717456602489 0.9465912808201796 54
1717456621051 0.9463916195463263 55
1717456639562 0.9468626978964081 56
1717456658105 0.9467901738834666 57
1717456676667 0.9476839305312713 58
1717456695225 0.9476886131723312 59
1717456713531 0.9481517063038521 60
1717456731804 0.948551426490547 61
1717456750066 0.9488682908297158 62
1717456768339 0.9490794653980765 63
1717456786818 0.9491862197853493 64
1717456805251 0.9496678137438701 65
1717456823708 0.9499972341576512 66
1717456842116 0.9500748380669342 67
1717456860524 0.9508016784091663 68
1717456878926 0.9504804574206118 69
1717456897392 0.9515327544814312 70
1717456915915 0.9516893793236966 71
1717456934407 0.9523506918455922 72
1717456952804 0.9524464143560865 73
1717456971241 0.9522162120596348 74
1717456989690 0.9526485142983331 75
1717457007478 0.9514644881368645 76
1717457025312 0.9518359301864573 77
1717457043365 0.9526732295314944 78
1717457061337 0.9529173718064979 79
1717457079346 0.9517837244550448 80
1717457097391 0.9533441657046624 81
1717457115525 0.9526195398401365 82
1717457133597 0.9531441447560419 83
1717457151680 0.9534815063975624 84
1717457170025 0.9532604743552772 85
1717457188319 0.9547209782739186 86
1717457206618 0.9533640599974255 87
1717457224932 0.9537312276924163 88
1717457243328 0.9545430922274835 89
1717457261951 0.9538961688729405 90
1717457279715 0.9543255127401338 91
1717457297366 0.9546094029638004 92
1717457315169 0.9544021081593 93
1717457333115 0.9545244889133775 94
1717457351027 0.952484703331477 95
1717457368794 0.9536050995739306 96
1717457386508 0.9544118795867493 97
1717457404399 0.9551366295592182 98
1717457422275 0.9550729489291644 99
