1717455630366 0.7140268877631164 1
1717455648045 0.6961224328326461 2
1717455665990 0.7753166028376892 3
1717455684199 0.8202938051734685 4
1717455702335 0.8393033670018624 5
1717455720790 0.8501004975972289 6
1717455739174 0.8600210103184054 7
1717455757304 0.8685317910763202 8
1717455775425 0.8734706298008711 9
1717455793406 0.8772496213025183 10
1717455811185 0.8799977255493748 11
1717455829165 0.8835154753060599 12
1717455847135 0.8864238170918014 13
1717455865059 0.8900818846839379 14
1717455883334 0.8928607940466351 15
1717455901534 0.8948873405565506 16
1717455919900 0.8978495018071064 17
1717455938236 0.9007404818847046 18
1717455956484 0.9027962271342304 19
1717455974933 0.9051525397825037 20
1717455993428 0.9062509867792414 21
1717456011970 0.9074027300552868 22
1717456030532 0.9095990320058047 23
1717456049034 0.9106214136354351 24
1717456067472 0.9116867876901548 25
1717456085948 0.9124821741577325 26
1717456104325 0.9136771252260503 27
1717456122533 0.9142595954260694 28
1717456141037 0.9151397271047134 29
1717456159327 0.9148425953917891 30
1717456177803 0.9157798172549683 31
1717456196228 0.9164391425877729 32
1717456214706 0.917409647955435 33
1717456233207 0.9178086966172184 34
1717456251685 0.9184686048144876 35
1717456270316 0.9187562964332906 36
1717456288814 0.9193763732274632 37
1717456307253 0.9205833817252501 38
1717456325755 0.9223436509464842 39
1717456344248 0.9225672163202323 40
1717456362963 0.9233266974942593 41
1717456381120 0.9238791355759612 42
1717456399247 0.9247843980945428 43
1717456417669 0.9254705103990176 44
1717456436089 0.9260951073406528 45
1717456454483 0.9265397011474695 46
1717456472953 0.9279674996465668 47
1717456491334 0.928359853672626 48
1717456509730 0.9289843988961214 49
1717456528368 0.9290991206221468 50
1717456546985 0.9298203719845103 51
1717456565476 0.9302355741397857 52
1717456583957 0.9301433255437529 53
1717456602489 0.930958165659835 54
1717456621051 0.931132843405465 55
1717456639562 0.9314678069690174 56
1717456658105 0.9317414039696068 57
1717456676667 0.9322018408423326 58
1717456695225 0.9321614412874344 59
1717456713531 0.9328583630408717 60
1717456731804 0.9334436930777099 61
1717456750066 0.933293340713271 62
1717456768339 0.9339375708296537 63
1717456786818 0.9342388558415954 64
1717456805251 0.9338263861036149 65
1717456823708 0.9345605887455568 66
1717456842116 0.9341915027965896 67
1717456860524 0.9354398192016268 68
1717456878926 0.9347251426923104 69
1717456897392 0.9353878225609423 70
1717456915915 0.9360754301781173 71
1717456934407 0.9361604883595421 72
1717456952804 0.9365977937494263 73
1717456971241 0.9369035585380878 74
1717456989690 0.9371562514941664 75
1717457007478 0.9361083195100819 76
1717457025312 0.9371487326375878 77
1717457043365 0.9374757106850485 78
1717457061337 0.9378268594248302 79
1717457079346 0.9376837624085446 80
1717457097391 0.9375481120392891 81
1717457115525 0.937749597308851 82
1717457133597 0.9380187806209096 83
1717457151680 0.9387118562281795 84
1717457170025 0.9382124932757757 85
1717457188319 0.93850911581937 86
1717457206618 0.9384209023906529 87
1717457224932 0.9389540676470322 88
1717457243328 0.9393838539401804 89
1717457261951 0.9389260222413718 90
1717457279715 0.9391789630964348 91
1717457297366 0.9393027744517521 92
1717457315169 0.9389515414155671 93
1717457333115 0.9391167818255229 94
1717457351027 0.9378018174540409 95
1717457368794 0.9393148073659694 96
1717457386508 0.9389916560337789 97
1717457404399 0.939911215268483 98
1717457422275 0.9397887008638109 99
