1717694731478 0.6985707980576368 1
1717694733226 0.7232973145081779 2
1717694734886 0.769678985515104 3
1717694736540 0.7658352074332496 4
1717694738407 0.7963020393687122 5
1717694739952 0.8182842663159098 6
1717694741613 0.817593102871423 7
1717694743180 0.81826884583042 8
1717694744907 0.810070961222998 9
1717694746608 0.8028002122923241 10
1717694748150 0.82371761374013 11
1717694749914 0.785843921943775 12
1717694752125 0.8103581357674772 13
1717694754494 0.7959149912753246 14
1717694756322 0.7562836693873082 15
1717694758167 0.7880885453812397 16
