1717694731478 0.6763262631303684 1
1717694733226 0.7335067572573911 2
1717694734886 0.7746414184711934 3
1717694736540 0.7720798702364251 4
1717694738407 0.7907563305382649 5
1717694739952 0.8095154481028181 6
1717694741613 0.810054580229447 7
1717694743180 0.8183936208866002 8
1717694744907 0.818532507291716 9
1717694746608 0.8190107735123243 10
1717694748150 0.8339688126428988 11
1717694749914 0.7981917289751796 12
1717694752125 0.8147315341273129 13
1717694754494 0.7938022045278909 14
1717694756322 0.7420346725045013 15
1717694758167 0.7655319980789906 16
