1717694731478 0.47130173444747925 1
1717694733226 0.6073130965232849 2
1717694734886 0.6708873510360718 3
1717694736540 0.6649654507637024 4
1717694738407 0.6862124800682068 5
1717694739952 0.7083706855773926 6
1717694741613 0.7094035148620605 7
1717694743180 0.7234992384910583 8
1717694744907 0.7364980578422546 9
1717694746608 0.742310643196106 10
1717694748150 0.7575440406799316 11
1717694749914 0.7078618407249451 12
1717694752125 0.7255653142929077 13
1717694754494 0.6789014935493469 14
1717694756322 0.5932977795600891 15
1717694758167 0.6217452883720398 16
