1716913784302 0.4864864864864865 1
1716913795717 0.5135135135135135 2
1716913807089 0.47456537618699784 3
1716913818355 0.5568158919765055 4
1716913829810 0.6127486748374773 5
1716913840995 0.6017590353638222 6
1716913852549 0.6050695284135201 7
1716913863740 0.5976667007492545 8
1716913874772 0.6069662866266275 9
1716913885538 0.6069662866266275 10
1716913896507 0.6021236492518112 11
1716913907673 0.6166822692121815 12
1716913918778 0.6069662866266275 13
1716913929807 0.6082968869149371 14
1716913940750 0.6021236492518112 15
1716913951802 0.6069662866266275 16
1716913962893 0.5479275959498553 17
1716913974240 0.4864864864864865 18
1716913985192 0.5135135135135135 19
1716913996427 0.5135135135135135 20
1716914007515 0.5135135135135135 21
1716914018403 0.4864864864864865 22
1716914029657 0.4864864864864865 23
1716914040870 0.4864864864864865 24
1716914052253 0.5135135135135135 25
1716914063223 0.5135135135135135 26
1716914075004 0.5135135135135135 27
1716914085893 0.5135135135135135 28
1716914096583 0.5135135135135135 29
1716914107421 0.5135135135135135 30
1716914118265 0.5135135135135135 31
1716914129031 0.5135135135135135 32
1716914139884 0.5135135135135135 33
1716914151361 0.5135135135135135 34
1716914162156 0.5135135135135135 35
1716914173040 0.5135135135135135 36
1716914183923 0.5135135135135135 37
1716914194845 0.5135135135135135 38
1716914205689 0.5135135135135135 39
1716914216215 0.5135135135135135 40
1716914227163 0.5135135135135135 41
1716914237948 0.5135135135135135 42
1716914248517 0.5135135135135135 43
1716914259411 0.5135135135135135 44
1716914270174 0.5135135135135135 45
1716914281038 0.4864864864864865 46
1716914291536 0.5135135135135135 47
1716914302059 0.5135135135135135 48
1716914312862 0.5135135135135135 49
1716914323868 0.5135135135135135 50
1716914335021 0.5135135135135135 51
1716914345888 0.5135135135135135 52
1716914356725 0.5135135135135135 53
1716914367337 0.5135135135135135 54
1716914378265 0.5135135135135135 55
1716914388849 0.5135135135135135 56
1716914399481 0.5135135135135135 57
1716914410247 0.5135135135135135 58
1716914421425 0.5135135135135135 59
1716914432801 0.5135135135135135 60
1716914443928 0.5135135135135135 61
1716914455128 0.5326609256224184 62
1716914466354 0.5790811581974051 63
1716914477524 0.6274248519947626 64
1716914489636 0.6201566630817592 65
1716914501114 0.6201566630817592 66
1716914512504 0.6157634180343086 67
1716914523725 0.611671083419741 68
1716914535224 0.611671083419741 69
1716914546051 0.6072141349171842 70
1716914557263 0.611671083419741 71
1716914568168 0.611671083419741 72
1716914578690 0.611671083419741 73
1716914589583 0.611671083419741 74
1716914600310 0.611671083419741 75
1716914611084 0.611671083419741 76
1716914622016 0.611671083419741 77
1716914632540 0.611671083419741 78
1716914643489 0.611671083419741 79
1716914654124 0.611671083419741 80
1716914664719 0.611671083419741 81
1716914675386 0.611671083419741 82
1716914686101 0.611671083419741 83
1716914696656 0.611671083419741 84
1716914707365 0.611671083419741 85
1716914718179 0.611671083419741 86
1716914728938 0.611671083419741 87
1716914739806 0.611671083419741 88
1716914750443 0.611671083419741 89
1716914761037 0.611671083419741 90
1716914771546 0.611671083419741 91
1716914782270 0.611671083419741 92
1716914793259 0.611671083419741 93
1716914803978 0.611671083419741 94
1716914814405 0.611671083419741 95
1716914825320 0.611671083419741 96
1716914836384 0.611671083419741 97
1716914847492 0.611671083419741 98
1716914860562 0.611671083419741 99
