1717096029468 0.03333333333333333 1
1717096031190 0.0 2
1717096032922 0.0 3
1717096034652 0.0 4
1717096036311 0.0 5
1717096037966 0.0 6
1717096039629 0.0 7
1717096041283 0.0 8
1717096042939 0.0 9
1717096044620 0.0 10
1717096046320 0.0 11
1717096047987 0.0 12
1717096049633 0.004079601990049751 13
1717096051288 0.0 14
1717096052951 0.007055423043795137 15
1717096054598 0.07412795292427911 16
1717096056275 0.11333592162518968 17
1717096057956 0.14021680031466927 18
1717096059614 0.12966278874025766 19
1717096061271 0.12360165229934011 20
1717096062958 0.14117651880813573 21
1717096064618 0.153523381127433 22
1717096066316 0.16662492428717013 23
1717096067976 0.16516441167687615 24
1717096069679 0.14391897977356413 25
1717096071345 0.1683558506646498 26
1717096073029 0.1678479714449964 27
1717096074673 0.10833390752016617 28
1717096076362 0.011108609380461827 29
1717096078010 0.05917065779469118 30
1717096079698 0.1767225611363824 31
1717096081570 0.18749529134826062 32
1717096083235 0.18187836366016688 33
1717096084896 0.1831644143719011 34
1717096086557 0.1779103059491802 35
1717096088216 0.16739431143133682 36
1717096089868 0.1545067485079593 37
1717096091525 0.18860434536833917 38
1717096093202 0.18124866595928085 39
1717096094856 0.1836217434010074 40
1717096096539 0.17668814446978928 41
1717096098216 0.07372083984985382 42
1717096099891 0.0 43
1717096101590 0.0050147419333465846 44
1717096103308 0.02052603463893415 45
1717096105017 0.041464307253109754 46
1717096106733 0.13676604274923176 47
1717096108438 0.18395288138518742 48
1717096110141 0.17622766634854187 49
1717096111880 0.16848796848275954 50
1717096113646 0.18242564892269067 51
1717096115400 0.17786775560713544 52
1717096117140 0.18398567727347834 53
1717096118855 0.16498278984445658 54
1717096120597 0.16627975583904536 55
1717096122328 0.16493835083287414 56
1717096124089 0.1742505733399525 57
1717096125838 0.171510690506021 58
1717096127580 0.17144883286689117 59
1717096129319 0.17028058624514916 60
1717096131105 0.18192394411616367 61
1717096132952 0.16647617069667384 62
1717096134750 0.15536087365996662 63
1717096136510 0.16269254601232966 64
1717096138330 0.07139535508977798 65
1717096140074 0.09364118636745289 66
1717096141983 0.11673506114128782 67
1717096143766 0.12392006747678573 68
1717096145561 0.14119548940253945 69
1717096147332 0.14657974230109824 70
1717096149099 0.148761560446372 71
1717096150873 0.17860227851087876 72
1717096152647 0.1487848322052938 73
1717096154445 0.10738623125250031 74
1717096156217 0.0 75
1717096158003 0.0 76
1717096159789 0.0 77
1717096161603 0.0 78
1717096163660 0.0 79
1717096165687 0.0 80
1717096167512 0.0 81
1717096169295 0.0 82
1717096171106 0.0 83
1717096172909 0.0 84
1717096174805 0.0 85
1717096176608 0.0 86
1717096178443 0.0 87
1717096180292 0.0 88
1717096182134 0.0 89
1717096183957 0.0 90
1717096185768 0.0 91
1717096187567 0.0 92
1717096189432 0.0 93
1717096191253 0.0 94
1717096193070 0.0 95
1717096194863 0.0 96
1717096196684 0.0 97
1717096198519 0.0 98
1717096200374 0.0 99
