1717432328348 0.11834188550710678 1
1717432332750 0.11609077453613281 2
1717432337459 0.11609077453613281 3
1717432341978 0.11609077453613281 4
1717432346479 0.11609077453613281 5
1717432350907 0.11609077453613281 6
1717432355316 0.11609077453613281 7
1717432359682 0.11609077453613281 8
1717432364002 0.11609077453613281 9
1717432368457 0.11609077453613281 10
1717432372835 0.11609077453613281 11
1717432377175 0.11609077453613281 12
1717432381475 0.11609077453613281 13
1717432385869 0.11609077453613281 14
1717432390241 0.11609077453613281 15
1717432394567 0.11609077453613281 16
1717432398895 0.11609077453613281 17
1717432403334 0.11609077453613281 18
1717432407699 0.11609077453613281 19
1717432412048 0.11609077453613281 20
1717432416497 0.11609077453613281 21
1717432420851 0.11609077453613281 22
1717432425261 0.11609077453613281 23
1717432429639 0.11609077453613281 24
1717432434021 0.11609077453613281 25
1717432438375 0.11609077453613281 26
1717432442729 0.11609077453613281 27
1717432447063 0.11609077453613281 28
1717432451571 0.11609077453613281 29
1717432456525 0.11609077453613281 30
1717432460982 0.11609077453613281 31
1717432465390 0.11609077453613281 32
1717432469753 0.11609077453613281 33
1717432474155 0.11609077453613281 34
1717432478473 0.11609077453613281 35
1717432482875 0.11609077453613281 36
1717432487276 0.11609077453613281 37
1717432491630 0.11609077453613281 38
1717432495953 0.11609077453613281 39
1717432500280 0.11609077453613281 40
1717432504685 0.11609077453613281 41
1717432509036 0.11609077453613281 42
1717432513396 0.11609077453613281 43
1717432517759 0.11609077453613281 44
1717432522118 0.11609077453613281 45
1717432526477 0.11609077453613281 46
1717432530843 0.11609077453613281 47
1717432535232 0.11609077453613281 48
1717432539597 0.11609077453613281 49
1717432543925 0.11609077453613281 50
1717432548378 0.11609077453613281 51
1717432552978 0.11609077453613281 52
1717432557281 0.11609077453613281 53
1717432561789 0.11609077453613281 54
1717432566152 0.11609077453613281 55
1717432570495 0.11609077453613281 56
1717432574869 0.11609077453613281 57
1717432580008 0.11609077453613281 58
1717432584358 0.11609077453613281 59
1717432588708 0.11609077453613281 60
1717432593026 0.11609077453613281 61
1717432597403 0.11609077453613281 62
1717432601732 0.11609077453613281 63
1717432606186 0.11609077453613281 64
1717432610587 0.11609077453613281 65
1717432614961 0.11609077453613281 66
1717432619310 0.11609077453613281 67
1717432623750 0.11609077453613281 68
1717432628087 0.11609077453613281 69
1717432632462 0.11609077453613281 70
1717432636873 0.11609077453613281 71
1717432641261 0.11609077453613281 72
1717432645592 0.11609077453613281 73
1717432649918 0.11609077453613281 74
1717432654322 0.11609077453613281 75
1717432658645 0.11609077453613281 76
1717432663005 0.11609077453613281 77
1717432667319 0.11609077453613281 78
1717432671654 0.11609077453613281 79
1717432675984 0.11609077453613281 80
1717432680348 0.11609077453613281 81
1717432684675 0.11609077453613281 82
1717432689029 0.11609077453613281 83
1717432693356 0.11609077453613281 84
1717432697752 0.11609077453613281 85
1717432702988 0.11609077453613281 86
1717432707872 0.11609077453613281 87
1717432712165 0.11609077453613281 88
1717432716566 0.11609077453613281 89
1717432720900 0.11609077453613281 90
1717432725253 0.11609077453613281 91
1717432729639 0.11609077453613281 92
1717432733991 0.11609077453613281 93
1717432738384 0.11609077453613281 94
1717432742842 0.11609077453613281 95
1717432747204 0.11609077453613281 96
1717432751451 0.11609077453613281 97
1717432755846 0.11609077453613281 98
1717432760238 0.11609077453613281 99
