1717708127606 0.7762550307972452 1
1717708131131 0.8621514576382767 2
1717708134979 0.9055661073087499 3
1717708138566 0.9212511941794412 4
1717708141863 0.9278014692821607 5
1717708145001 0.929733579114103 6
1717708148474 0.9343704613323432 7
1717708151978 0.9353570189645765 8
1717708155093 0.9388151026739864 9
1717708158527 0.9401598049453145 10
1717708161700 0.9416393033318703 11
1717708164871 0.9413936973638696 12
1717708167914 0.9426089970410745 13
1717708171165 0.943193971827923 14
1717708174827 0.9440563073723409 15
1717708178597 0.9444526856909784 16
