1717708127606 0.6475720747890812 1
1717708131131 0.7640619936653483 2
1717708134979 0.8300903302184172 3
1717708138566 0.8559711426935966 4
1717708141863 0.867204452826635 5
1717708145001 0.8704619283414872 6
1717708148474 0.8786390208988298 7
1717708151978 0.8800523057935078 8
1717708155093 0.8861736664898314 9
1717708158527 0.8884146893353756 10
1717708161700 0.891091952858314 11
1717708164871 0.8906543383763059 12
1717708167914 0.8927473595903623 13
1717708171165 0.893843129221286 14
1717708174827 0.8954156627192181 15
1717708178597 0.8960245831364675 16
