1717708127606 0.20847074266886906 1
1717708131131 0.32576069553715686 2
1717708134979 0.4209896326328148 3
1717708138566 0.46466157568174454 4
1717708141863 0.48506431504893616 5
1717708145001 0.49179874701075693 6
1717708148474 0.5077826050353255 7
1717708151978 0.5125389550053859 8
1717708155093 0.5250367879774731 9
1717708158527 0.5310843757175867 10
1717708161700 0.5367362573264781 11
1717708164871 0.5358174959433425 12
1717708167914 0.5408026651870588 13
1717708171165 0.5428581197184523 14
1717708174827 0.5463049345351361 15
1717708178597 0.5485114032727958 16
