1717708127606 0.20847074687480927 1
1717708131131 0.32576069235801697 2
1717708134979 0.42098960280418396 3
1717708138566 0.4646615982055664 4
1717708141863 0.4850643575191498 5
1717708145001 0.4917987585067749 6
1717708148474 0.5077826380729675 7
1717708151978 0.5125389695167542 8
1717708155093 0.5250368118286133 9
1717708158527 0.5310843586921692 10
1717708161700 0.536736249923706 11
1717708164871 0.5358175039291382 12
1717708167914 0.5408026576042175 13
1717708171165 0.5428581237792969 14
1717708174827 0.5463048815727234 15
1717708178597 0.5485114455223083 16
