1716232105606 0.9237501170783587 1
1716232109657 0.9430237842873027 2
1716232113681 0.944900808688319 3
1716232118101 0.9459584264633947 4
1716232122074 0.9463833389923895 5
1716232126011 0.9475285049478217 6
1716232129952 0.9477029767866867 7
1716232133992 0.9488677270487684 8
1716232137963 0.9497413047722384 9
1716232141923 0.951057767675498 10
1716232145944 0.951977039729845 11
1716232150004 0.9529826870922157 12
1716232154018 0.9536835186556547 13
1716232158020 0.954533105428064 14
1716232162088 0.9556978521331759 15
1716232166116 0.9562949750186173 16
1716232170078 0.9568690473918144 17
1716232174003 0.9583519684541397 18
1716232178017 0.9591831600649342 19
1716232181992 0.9594895252038345 20
1716232185984 0.9604810093438844 21
1716232189994 0.960713615439295 22
1716232193966 0.961135182487916 23
1716232197931 0.9619834410983535 24
1716232201970 0.9624400901016836 25
1716232205910 0.9627299160252141 26
1716232209988 0.9626669940114633 27
1716232214010 0.9638037400539822 28
1716232218005 0.9645362294482874 29
1716232221994 0.9645312404470016 30
1716232225958 0.9648869539435617 31
1716232230400 0.9652546941633074 32
1716232234510 0.966101022836471 33
1716232238652 0.965918627194101 34
1716232242922 0.9665245170776513 35
1716232246946 0.9668366555206547 36
1716232251018 0.9675212373902932 37
1716232254989 0.9672388271266911 38
1716232259029 0.9683273422649611 39
1716232263107 0.9679865540588762 40
1716232267138 0.9689890515962907 41
1716232271209 0.9693293109582279 42
1716232275338 0.9701569831793184 43
1716232279359 0.969867160480625 44
1716232283416 0.9704370622154934 45
1716232287436 0.9705936583924291 46
1716232292113 0.9715255493598406 47
1716232296100 0.9714657243100683 48
1716232300365 0.971545186516548 49
1716232304521 0.9721658817237224 50
1716232308517 0.9719292797120238 51
1716232312614 0.9723756695858299 52
1716232316612 0.9729060777115097 53
1716232320662 0.9719261466380132 54
1716232324712 0.9729904032656359 55
1716232328684 0.973178813603256 56
1716232333359 0.9733849777288762 57
1716232337465 0.9736217104467624 58
1716232341546 0.9738169836960083 59
1716232345596 0.9739196762190605 60
1716232349631 0.9743029652326239 61
1716232354123 0.9739539915540514 62
1716232358133 0.9745377167802334 63
1716232362164 0.9744055522247604 64
1716232366118 0.9744772419978752 65
1716232370117 0.9749725855242547 66
1716232374177 0.9743739750578445 67
1716232378186 0.9744943534326314 68
1716232382212 0.9749929067496467 69
1716232386176 0.9737387197798714 70
1716232390247 0.9746836344852673 71
1716232394233 0.9754936231857096 72
1716232398206 0.975494049865654 73
1716232402250 0.9757118953215792 74
1716232406268 0.9753496623504992 75
1716232410372 0.9757528525269066 76
1716232414975 0.9754204083252427 77
1716232419089 0.9763903564092612 78
1716232423588 0.9758977269048796 79
1716232427616 0.9766879986198623 80
1716232431556 0.9762707448215355 81
1716232435581 0.9766129992918511 82
1716232439634 0.976975227804742 83
1716232443628 0.9765318636657159 84
1716232447666 0.9769223537293323 85
1716232451649 0.9769697632480293 86
1716232455690 0.977359708185895 87
1716232459649 0.9772140414887576 88
1716232463679 0.9773178956402843 89
1716232467637 0.9775661586779923 90
1716232471731 0.9776344793727779 91
1716232475727 0.9785209292807352 92
1716232479667 0.978082456889249 93
1716232483673 0.978230697541532 94
1716232487725 0.9778590795261312 95
1716232491707 0.9781643944647127 96
1716232495668 0.9781482789596316 97
1716232499669 0.9695883920327646 98
1716232503710 0.9747212762881649 99
