1716232105606 78526.0 1
1716232109657 83198.0 2
1716232113681 87079.0 3
1716232118101 90498.0 4
1716232122074 92602.0 5
1716232126011 93961.0 6
1716232129952 96069.0 7
1716232133992 98720.0 8
1716232137963 100012.0 9
1716232141923 101905.0 10
1716232145944 102096.0 11
1716232150004 103887.0 12
1716232154018 103785.0 13
1716232158020 107174.0 14
1716232162088 107205.0 15
1716232166116 110279.0 16
1716232170078 110888.0 17
1716232174003 112900.0 18
1716232178017 113246.0 19
1716232181992 114406.0 20
1716232185984 113824.0 21
1716232189994 116676.0 22
1716232193966 115561.0 23
1716232197931 116926.0 24
1716232201970 117151.0 25
1716232205910 117149.0 26
1716232209988 118873.0 27
1716232214010 118791.0 28
1716232218005 119792.0 29
1716232221994 120070.0 30
1716232225958 120360.0 31
1716232230400 120365.0 32
1716232234510 121363.0 33
1716232238652 123148.0 34
1716232242922 122633.0 35
1716232246946 122182.0 36
1716232251018 122893.0 37
1716232254989 123006.0 38
1716232259029 122600.0 39
1716232263107 122298.0 40
1716232267138 123324.0 41
1716232271209 123954.0 42
1716232275338 122379.0 43
1716232279359 122697.0 44
1716232283416 123214.0 45
1716232287436 123208.0 46
1716232292113 124049.0 47
1716232296100 123884.0 48
1716232300365 124124.0 49
1716232304521 123697.0 50
1716232308517 124238.0 51
1716232312614 124701.0 52
1716232316612 124541.0 53
1716232320662 124240.0 54
1716232324712 123759.0 55
1716232328684 124400.0 56
1716232333359 124233.0 57
1716232337465 124240.0 58
1716232341546 124609.0 59
1716232345596 124462.0 60
1716232349631 124447.0 61
1716232354123 123576.0 62
1716232358133 124316.0 63
1716232362164 124372.0 64
1716232366118 124432.0 65
1716232370117 124294.0 66
1716232374177 125391.0 67
1716232378186 125465.0 68
1716232382212 123115.0 69
1716232386176 123779.0 70
1716232390247 124259.0 71
1716232394233 123947.0 72
1716232398206 124244.0 73
1716232402250 124195.0 74
1716232406268 124984.0 75
1716232410372 125145.0 76
1716232414975 124317.0 77
1716232419089 124082.0 78
1716232423588 124191.0 79
1716232427616 124603.0 80
1716232431556 124677.0 81
1716232435581 124085.0 82
1716232439634 124815.0 83
1716232443628 124963.0 84
1716232447666 124051.0 85
1716232451649 125062.0 86
1716232455690 124255.0 87
1716232459649 124292.0 88
1716232463679 124675.0 89
1716232467637 123823.0 90
1716232471731 124415.0 91
1716232475727 124709.0 92
1716232479667 123875.0 93
1716232483673 124857.0 94
1716232487725 124748.0 95
1716232491707 124378.0 96
1716232495668 124636.0 97
1716232499669 123108.0 98
1716232503710 123068.0 99
