1716232105606 934618.0 1
1716232109657 934618.0 2
1716232113681 934618.0 3
1716232118101 934618.0 4
1716232122074 934618.0 5
1716232126011 934618.0 6
1716232129952 934618.0 7
1716232133992 934618.0 8
1716232137963 934618.0 9
1716232141923 934618.0 10
1716232145944 934618.0 11
1716232150004 934618.0 12
1716232154018 934618.0 13
1716232158020 934618.0 14
1716232162088 934618.0 15
1716232166116 934618.0 16
1716232170078 934618.0 17
1716232174003 934618.0 18
1716232178017 934618.0 19
1716232181992 934618.0 20
1716232185984 934618.0 21
1716232189994 934618.0 22
1716232193966 934618.0 23
1716232197931 934618.0 24
1716232201970 934618.0 25
1716232205910 934618.0 26
1716232209988 934618.0 27
1716232214010 934618.0 28
1716232218005 934618.0 29
1716232221994 934618.0 30
1716232225958 934618.0 31
1716232230400 934618.0 32
1716232234510 934618.0 33
1716232238652 934618.0 34
1716232242922 934618.0 35
1716232246946 934618.0 36
1716232251018 934618.0 37
1716232254989 934618.0 38
1716232259029 934618.0 39
1716232263107 934618.0 40
1716232267138 934618.0 41
1716232271209 934618.0 42
1716232275338 934618.0 43
1716232279359 934618.0 44
1716232283416 934618.0 45
1716232287436 934618.0 46
1716232292113 934618.0 47
1716232296100 934618.0 48
1716232300365 934618.0 49
1716232304521 934618.0 50
1716232308517 934618.0 51
1716232312614 934618.0 52
1716232316612 934618.0 53
1716232320662 934618.0 54
1716232324712 934618.0 55
1716232328684 934618.0 56
1716232333359 934618.0 57
1716232337465 934618.0 58
1716232341546 934618.0 59
1716232345596 934618.0 60
1716232349631 934618.0 61
1716232354123 934618.0 62
1716232358133 934618.0 63
1716232362164 934618.0 64
1716232366118 934618.0 65
1716232370117 934618.0 66
1716232374177 934618.0 67
1716232378186 934618.0 68
1716232382212 934618.0 69
1716232386176 934618.0 70
1716232390247 934618.0 71
1716232394233 934618.0 72
1716232398206 934618.0 73
1716232402250 934618.0 74
1716232406268 934618.0 75
1716232410372 934618.0 76
1716232414975 934618.0 77
1716232419089 934618.0 78
1716232423588 934618.0 79
1716232427616 934618.0 80
1716232431556 934618.0 81
1716232435581 934618.0 82
1716232439634 934618.0 83
1716232443628 934618.0 84
1716232447666 934618.0 85
1716232451649 934618.0 86
1716232455690 934618.0 87
1716232459649 934618.0 88
1716232463679 934618.0 89
1716232467637 934618.0 90
1716232471731 934618.0 91
1716232475727 934618.0 92
1716232479667 934618.0 93
1716232483673 934618.0 94
1716232487725 934618.0 95
1716232491707 934618.0 96
1716232495668 934618.0 97
1716232499669 934618.0 98
1716232503710 934618.0 99
