1709663839109 0.7099672445991883 1
1709663839313 0.6912181794385184 2
1709663839515 0.14378378378378381 3
1709663839716 0.13123840158357047 4
1709663839930 0.16942362070099298 5
1709663840131 0.18105249494028414 6
1709663840330 0.21681991185084093 7
1709663840507 0.12336918164519303 8
1709663840711 0.19471827759963353 9
1709663840904 0.09656953174520909 10
1709663841112 0.2732644469994464 11
1709663841311 0.08267499945466047 12
1709663841521 0.07376208404725045 13
1709663841692 0.08812822118525446 14
