1717255579580 0.5648321803804505 1
1717255580198 0.6331739837308581 2
1717255580767 0.7220816075734419 3
1717255581331 0.7154789384454823 4
1717255581886 0.6695254408441071 5
1717255582446 0.6656279597500269 6
1717255583003 0.6597742619227351 7
1717255583551 0.6647636854043919 8
1717255584115 0.6795633852289888 9
1717255584676 0.6887319225236281 10
1717255585228 0.694731496433733 11
1717255585783 0.6876170932433416 12
1717255586353 0.6953340190740206 13
1717255586920 0.6708509386886004 14
1717255587472 0.6954360178492898 15
1717255588045 0.7162975870143087 16
1717255588669 0.6976051084462929 17
1717255589305 0.6945217113932117 18
1717255589877 0.7014338914376504 19
1717255590475 0.7021033250305825 20
1717255591027 0.7042552372787082 21
1717255591576 0.7080116126741332 22
1717255592128 0.708554924606243 23
1717255592690 0.7078279415173029 24
1717255593243 0.7100782689873911 25
1717255593799 0.7097634152877849 26
1717255594351 0.7082312833390008 27
1717255594913 0.7063071578497158 28
1717255595469 0.7102259189843431 29
1717255596034 0.7123867511789852 30
1717255596626 0.7144244150919178 31
1717255597261 0.7176911942395334 32
1717255597849 0.7214720228429315 33
1717255598400 0.7228240164421829 34
1717255598957 0.7242410222114366 35
1717255599567 0.7272781969700993 36
1717255600127 0.7283436226560458 37
1717255600704 0.7334461671152311 38
1717255601256 0.7380718644752757 39
1717255601813 0.739471125670078 40
1717255602376 0.7452502108076564 41
1717255602938 0.7500385435941295 42
1717255603504 0.7495232625595458 43
1717255604062 0.7513423986492088 44
1717255604626 0.7533616757762966 45
1717255605188 0.7398734923703769 46
1717255605766 0.754623831581556 47
1717255606324 0.7428155451912913 48
1717255606893 0.7533617314456749 49
1717255607451 0.7439631493092161 50
1717255608009 0.7546567941389963 51
1717255608564 0.7449286029818851 52
1717255609127 0.7511639663004203 53
1717255609695 0.7463012000626483 54
1717255610257 0.7467624017820789 55
1717255610815 0.749430537366236 56
1717255611381 0.7479282866490705 57
1717255611942 0.7482501735384846 58
1717255612550 0.7474633794896623 59
1717255613114 0.7467228545380888 60
1717255613681 0.7499356459128999 61
1717255614252 0.745667998563609 62
1717255614813 0.746742299498032 63
1717255615380 0.7468445492075239 64
1717255615931 0.7486165366606805 65
1717255616488 0.7477082248404157 66
1717255617095 0.7467298366840933 67
1717255617670 0.7474491232219003 68
1717255618234 0.7459552179701046 69
1717255618804 0.747728819841802 70
1717255619364 0.7446790228010256 71
1717255619922 0.744417500171727 72
1717255620525 0.7441138263864568 73
1717255621116 0.741519987330999 74
1717255621673 0.7415030826114961 75
1717255622230 0.745104933176791 76
1717255622788 0.7425114249530099 77
1717255623349 0.7419060983544096 78
1717255623909 0.7426448320113772 79
1717255624476 0.7440510398991056 80
1717255625056 0.7471150225127567 81
1717255625622 0.7420194581393535 82
1717255626179 0.7456289155719714 83
1717255626743 0.7455140071618145 84
1717255627304 0.7441858003864814 85
1717255627860 0.7465985226682945 86
1717255628418 0.7467246976225796 87
1717255628976 0.7481357337993655 88
1717255629531 0.7480993467842169 89
1717255630081 0.7487932364941272 90
1717255630646 0.7458392055659295 91
1717255631216 0.741989288258227 92
1717255631775 0.7442853979115311 93
1717255632332 0.7438616628834703 94
1717255632879 0.743883044875252 95
1717255633433 0.7429086497669514 96
1717255633991 0.7420574807666294 97
1717255634545 0.7413907985382653 98
1717255635099 0.7399854540121525 99
