1717255579580 0.3000456690788269 1
1717255580198 0.2890889048576355 2
1717255580767 0.29041415452957153 3
1717255581331 0.29281651973724365 4
1717255581886 0.3056017756462097 5
1717255582446 0.3117426633834839 6
1717255583003 0.315773069858551 7
1717255583551 0.319591224193573 8
1717255584115 0.32856371998786926 9
1717255584676 0.3335079848766327 10
1717255585228 0.3372308611869812 11
1717255585783 0.34188413619995117 12
1717255586353 0.3417821228504181 13
1717255586920 0.34758123755455017 14
1717255587472 0.3507210314273834 15
1717255588045 0.34801340103149414 16
1717255588669 0.35906192660331726 17
1717255589305 0.36408761143684387 18
1717255589877 0.3662448525428772 19
1717255590475 0.3707667291164398 20
1717255591027 0.3739663064479828 21
1717255591576 0.3762540817260742 22
1717255592128 0.37849581241607666 23
1717255592690 0.3800971508026123 24
1717255593243 0.38215532898902893 25
1717255593799 0.38405147194862366 26
1717255594351 0.3853408098220825 27
1717255594913 0.3881881535053253 28
1717255595469 0.39065778255462646 29
1717255596034 0.39286479353904724 30
1717255596626 0.39545419812202454 31
1717255597261 0.3969402313232422 32
1717255597849 0.40055522322654724 33
1717255598400 0.4016055762767792 34
1717255598957 0.4031669497489929 35
1717255599567 0.4044869840145111 36
1717255600127 0.40691718459129333 37
1717255600704 0.41047224402427673 38
1717255601256 0.41409748792648315 39
1717255601813 0.41526833176612854 40
1717255602376 0.41886651515960693 41
1717255602938 0.416239470243454 42
1717255603504 0.4249057173728943 43
1717255604062 0.4271323084831238 44
1717255604626 0.42386195063591003 45
1717255605188 0.42820435762405396 46
1717255605766 0.4220398962497711 47
1717255606324 0.43113115429878235 48
1717255606893 0.4262794852256775 49
1717255607451 0.4343702793121338 50
1717255608009 0.42967647314071655 51
1717255608564 0.4359135627746582 52
1717255609127 0.4303954541683197 53
1717255609695 0.43518638610839844 54
1717255610257 0.4390665292739868 55
1717255610815 0.4379515051841736 56
1717255611381 0.4388163089752197 57
1717255611942 0.43047183752059937 58
1717255612550 0.4374024271965027 59
1717255613114 0.4385835528373718 60
1717255613681 0.4372507631778717 61
1717255614252 0.4386722147464752 62
1717255614813 0.43910568952560425 63
1717255615380 0.4389454126358032 64
1717255615931 0.4400187134742737 65
1717255616488 0.44109445810317993 66
1717255617095 0.44135236740112305 67
1717255617670 0.4423366189002991 68
1717255618234 0.44076594710350037 69
1717255618804 0.4436160922050476 70
1717255619364 0.4407293200492859 71
1717255619922 0.4427352249622345 72
1717255620525 0.44206926226615906 73
1717255621116 0.44401323795318604 74
1717255621673 0.4439006745815277 75
1717255622230 0.4443370997905731 76
1717255622788 0.44405049085617065 77
1717255623349 0.44351905584335327 78
1717255623909 0.44463327527046204 79
1717255624476 0.4408353567123413 80
1717255625056 0.446010559797287 81
1717255625622 0.4457186758518219 82
1717255626179 0.44319772720336914 83
1717255626743 0.44467663764953613 84
1717255627304 0.4453890323638916 85
1717255627860 0.44425755739212036 86
1717255628418 0.44633275270462036 87
1717255628976 0.44587457180023193 88
1717255629531 0.4453498125076294 89
1717255630081 0.4473905861377716 90
1717255630646 0.4475516080856323 91
1717255631216 0.44566088914871216 92
1717255631775 0.4467431902885437 93
1717255632332 0.44967660307884216 94
1717255632879 0.4509809613227844 95
1717255633433 0.4508759677410126 96
1717255633991 0.4466228187084198 97
1717255634545 0.44948452711105347 98
1717255635099 0.4495871961116791 99
