1717255579580 0.8181103986015612 1
1717255580198 0.8218263646208355 2
1717255580767 0.8259547530709166 3
1717255581331 0.8251788179628017 4
1717255581886 0.8288905767339493 5
1717255582446 0.8332756786184801 6
1717255583003 0.8356968704269683 7
1717255583551 0.8385013474742817 8
1717255584115 0.8432775842179204 9
1717255584676 0.8464832107643385 10
1717255585228 0.8474881407751349 11
1717255585783 0.8499551689660524 12
1717255586353 0.8494931534515 13
1717255586920 0.8550465074721849 14
1717255587472 0.8551619382679166 15
1717255588045 0.8520148301946168 16
1717255588669 0.8585590451835565 17
1717255589305 0.8618040326451761 18
1717255589877 0.8621576693993755 19
1717255590475 0.8648898146862577 20
1717255591027 0.8665212004782272 21
1717255591576 0.8676279488600382 22
1717255592128 0.8689739892451473 23
1717255592690 0.8702030636643963 24
1717255593243 0.8711780768373303 25
1717255593799 0.8726570716143117 26
1717255594351 0.8738282046828653 27
1717255594913 0.8762793540880349 28
1717255595469 0.8772688606314569 29
1717255596034 0.8781567430047895 30
1717255596626 0.8793496343651296 31
1717255597261 0.8795680507619699 32
1717255597849 0.8810346846542749 33
1717255598400 0.8814769450816513 34
1717255598957 0.8822292178784029 35
1717255599567 0.8824644885574562 36
1717255600127 0.8837446460705274 37
1717255600704 0.8850442447256142 38
1717255601256 0.8859537382097479 39
1717255601813 0.8868413523406813 40
1717255602376 0.887797696149234 41
1717255602938 0.8850277572288614 42
1717255603504 0.8904595320973958 43
1717255604062 0.8915601165374349 44
1717255604626 0.8892936736210847 45
1717255605188 0.8958646680051542 46
1717255605766 0.8886433312808725 47
1717255606324 0.8968348463379352 48
1717255606893 0.8912803405024818 49
1717255607451 0.8984917806309759 50
1717255608009 0.8927289261740904 51
1717255608564 0.8993950130177261 52
1717255609127 0.8945440680902983 53
1717255609695 0.8986886834983896 54
1717255610257 0.9006755569062346 55
1717255610815 0.8990390735330692 56
1717255611381 0.9002730618877197 57
1717255611942 0.8954602517193374 58
1717255612550 0.8997745245989504 59
1717255613114 0.9009777390514271 60
1717255613681 0.8991645051352567 61
1717255614252 0.9013137865907649 62
1717255614813 0.9015943784962482 63
1717255615380 0.9013386717455636 64
1717255615931 0.9013767250847607 65
1717255616488 0.9024441711964057 66
1717255617095 0.9031068205541406 67
1717255617670 0.9034997748937794 68
1717255618234 0.9030051282150832 69
1717255618804 0.9044456026811444 70
1717255619364 0.9034411317702048 71
1717255619922 0.9050446238047252 72
1717255620525 0.9045104700334803 73
1717255621116 0.9070276955520618 74
1717255621673 0.9070123652403719 75
1717255622230 0.905930343463148 76
1717255622788 0.9067040448933466 77
1717255623349 0.9065219765010841 78
1717255623909 0.9069979451053236 79
1717255624476 0.9034764454611888 80
1717255625056 0.9057725216554544 81
1717255625622 0.907973694140055 82
1717255626179 0.9049622904915676 83
1717255626743 0.9059115459820032 84
1717255627304 0.9069737364875838 85
1717255627860 0.9054232170078182 86
1717255628418 0.9067505509557064 87
1717255628976 0.9056541976190701 88
1717255629531 0.9055531663443352 89
1717255630081 0.9064786215925691 90
1717255630646 0.908334860979905 91
1717255631216 0.9077543498479197 92
1717255631775 0.9077112447512166 93
1717255632332 0.9099083697935599 94
1717255632879 0.9109485113217146 95
1717255633433 0.9113864814819237 96
1717255633991 0.9087195517411031 97
1717255634545 0.9108432986353043 98
1717255635099 0.9113962660294038 99
