1717255579580 0.43295316411154433 1
1717255580198 0.5403173923917539 2
1717255580767 0.6478296703853771 3
1717255581331 0.6369532033028118 4
1717255581886 0.5664614833450063 5
1717255582446 0.5640703155745943 6
1717255583003 0.5563818171770665 7
1717255583551 0.5593608471713547 8
1717255584115 0.577267875281194 9
1717255584676 0.5882166622415377 10
1717255585228 0.5952261270510306 11
1717255585783 0.5826830099181883 12
1717255586353 0.5948444224475045 13
1717255586920 0.5563778371700376 14
1717255587472 0.5905846620161409 15
1717255588045 0.6258445282782907 16
1717255588669 0.5940765774517407 17
1717255589305 0.5875399466157817 18
1717255589877 0.5963585691084594 19
1717255590475 0.5956024334052887 20
1717255591027 0.5974836163299047 21
1717255591576 0.6015167972371854 22
1717255592128 0.6012847060816029 23
1717255592690 0.5994945457044134 24
1717255593243 0.6017766275398551 25
1717255593799 0.6005750300365468 26
1717255594351 0.5978665459122355 27
1717255594913 0.5942215160127156 28
1717255595469 0.5990214395200302 29
1717255596034 0.6023173100200389 30
1717255596626 0.6046625494848223 31
1717255597261 0.6093360392514614 32
1717255597849 0.6138451226204971 33
1717255598400 0.6159289046533216 34
1717255598957 0.6174494522456508 35
1717255599567 0.6217271931383833 36
1717255600127 0.6226901084399552 37
1717255600704 0.6283145672516658 38
1717255601256 0.63490640074022 39
1717255601813 0.6360693204794152 40
1717255602376 0.6436792178109312 41
1717255602938 0.6545141896060414 42
1717255603504 0.6486743681724508 43
1717255604062 0.6505875576319158 44
1717255604626 0.6554564037994316 45
1717255605188 0.6318282415635146 46
1717255605766 0.6592072667804668 47
1717255606324 0.6347747697710131 48
1717255606893 0.6550847588921018 49
1717255607451 0.6355323279267204 50
1717255608009 0.6557492041722003 51
1717255608564 0.6363180681819597 52
1717255609127 0.6489044822765953 53
1717255609695 0.638753978756796 54
1717255610257 0.6380633430853417 55
1717255610815 0.6429923940247828 56
1717255611381 0.6412018032140612 57
1717255611942 0.643971358673878 58
1717255612550 0.6404844746609789 59
1717255613114 0.6381564907362315 60
1717255613681 0.6445201529099402 61
1717255614252 0.6363534063532277 62
1717255614813 0.6382395058343033 63
1717255615380 0.6383306663838391 64
1717255615931 0.64084881771568 65
1717255616488 0.6388468100587119 66
1717255617095 0.6372522979259614 67
1717255617670 0.6379531311897144 68
1717255618234 0.6361912878286067 69
1717255618804 0.6380872418574182 70
1717255619364 0.634005302502674 71
1717255619922 0.6329888868177712 72
1717255620525 0.6324652411242145 73
1717255621116 0.6275240320663367 74
1717255621673 0.6278267521423867 75
1717255622230 0.6334340216935282 76
1717255622788 0.629150202319638 77
1717255623349 0.6282564697740647 78
1717255623909 0.6290342800823951 79
1717255624476 0.6327683685852419 80
1717255625056 0.6362168316585688 81
1717255625622 0.6275395283610183 82
1717255626179 0.634653412346179 83
1717255626743 0.6336327405165101 84
1717255627304 0.6313051853988642 85
1717255627860 0.6356446863193459 86
1717255628418 0.6350868127640161 87
1717255628976 0.6374811822602869 88
1717255629531 0.6380290363372887 89
1717255630081 0.638740425854636 90
1717255630646 0.6348924578973248 91
1717255631216 0.6279376794740112 92
1717255631775 0.6311199034815727 93
1717255632332 0.6295538428537315 94
1717255632879 0.6291684094696707 95
1717255633433 0.6275518779685942 96
1717255633991 0.6277057486122801 97
1717255634545 0.6255075210598346 98
1717255635099 0.6234978339711922 99
