1717574174894 0.8826870738516637 1
1717574178694 0.9181758905904804 2
1717574182612 0.9181758905904804 3
1717574186621 0.9181758905904804 4
1717574190446 0.9181758905904804 5
1717574194271 0.9181758905904804 6
1717574198251 0.9181758905904804 7
1717574202132 0.9181758905904804 8
1717574206040 0.9181758905904804 9
1717574210107 0.9181758905904804 10
1717574214140 0.9181758905904804 11
1717574218037 0.9181758905904804 12
1717574222133 0.9181758905904804 13
1717574226097 0.9181758905904804 14
1717574230451 0.9181758905904804 15
1717574234408 0.9181758905904804 16
1717574238477 0.9181758905904804 17
1717574242457 0.9181758905904804 18
1717574246301 0.9181758905904804 19
1717574250361 0.9181758905904804 20
1717574254454 0.9181758905904804 21
1717574258535 0.9181758905904804 22
1717574262526 0.9181758905904804 23
1717574266414 0.9181758905904804 24
1717574270411 0.9181758905904804 25
1717574274425 0.9181758905904804 26
1717574278372 0.9181758905904804 27
1717574282423 0.9181758905904804 28
1717574286439 0.9181758905904804 29
1717574290393 0.9181758905904804 30
1717574294498 0.9181758905904804 31
1717574298486 0.9181758905904804 32
1717574302550 0.9181758905904804 33
1717574307158 0.9181758905904804 34
1717574311147 0.9181758905904804 35
1717574315163 0.9181758905904804 36
1717574319187 0.9181758905904804 37
1717574323173 0.9181758905904804 38
1717574327187 0.9181758905904804 39
1717574331220 0.9181758905904804 40
1717574335103 0.9181758905904804 41
1717574339165 0.9181758905904804 42
1717574343227 0.9181758905904804 43
1717574347178 0.9181758905904804 44
1717574351236 0.9181758905904804 45
1717574355216 0.9181758905904804 46
1717574359274 0.9181758905904804 47
1717574363411 0.9181758905904804 48
1717574367519 0.9181758905904804 49
1717574371455 0.9181758905904804 50
1717574375535 0.9181758905904804 51
1717574379496 0.9181758905904804 52
1717574383478 0.9181758905904804 53
1717574387442 0.9181758905904804 54
1717574391349 0.9181758905904804 55
1717574395710 0.9181758905904804 56
1717574400034 0.9181758905904804 57
1717574406269 0.9181758905904804 58
1717574410407 0.9181758905904804 59
1717574414408 0.9181758905904804 60
1717574418346 0.9181758905904804 61
1717574422317 0.9181758905904804 62
1717574426443 0.9181758905904804 63
1717574430412 0.9181758905904804 64
1717574434411 0.9181758905904804 65
1717574438415 0.9181758905904804 66
1717574442553 0.9181758905904804 67
1717574446454 0.9181758905904804 68
1717574450388 0.9181758905904804 69
1717574454397 0.9181758905904804 70
1717574458387 0.9181758905904804 71
1717574462376 0.9181758905904804 72
1717574466480 0.9181758905904804 73
1717574470495 0.9181758905904804 74
1717574474437 0.9181758905904804 75
1717574478456 0.9181758905904804 76
1717574482296 0.9181758905904804 77
1717574486352 0.9181758905904804 78
1717574490212 0.9181758905904804 79
1717574494119 0.9181758905904804 80
1717574498056 0.9181758905904804 81
1717574502261 0.9181758905904804 82
1717574506489 0.9181758905904804 83
1717574510647 0.9181758905904804 84
1717574514909 0.9181758905904804 85
1717574518736 0.9181758905904804 86
1717574522796 0.9181758905904804 87
1717574526858 0.9181758905904804 88
1717574530999 0.9181758905904804 89
1717574535153 0.9181758905904804 90
1717574539146 0.9181758905904804 91
1717574543328 0.9181758905904804 92
1717574547616 0.9181758905904804 93
1717574551648 0.9181758905904804 94
1717574555766 0.9181758905904804 95
1717574559833 0.9181758905904804 96
1717574563949 0.9181758905904804 97
1717574568261 0.9181758905904804 98
1717574572515 0.9181758905904804 99
