1717694779941 49653.0 1
1717694781802 49653.0 2
1717694783647 49653.0 3
1717694785465 49653.0 4
1717694787149 49653.0 5
1717694788922 49653.0 6
1717694791046 49653.0 7
1717694792895 49653.0 8
1717694794759 49653.0 9
1717694796455 49653.0 10
1717694798173 49653.0 11
1717694799986 49653.0 12
1717694801925 49653.0 13
1717694803441 49653.0 14
1717694805237 49653.0 15
1717694807003 49653.0 16
1717694808836 49653.0 17
1717694810732 49653.0 18
1717694812628 49653.0 19
1717694814799 49653.0 20
1717694816505 49653.0 21
1717694818365 49653.0 22
1717694820081 49653.0 23
1717694821934 49653.0 24
1717694823688 49653.0 25
1717694825276 49653.0 26
1717694826997 49653.0 27
1717694828764 49653.0 28
1717694830490 49653.0 29
1717694832261 49653.0 30
1717694833978 49653.0 31
1717694835763 49653.0 32
1717694837528 49653.0 33
1717694839222 49653.0 34
1717694840866 49653.0 35
1717694842555 49653.0 36
1717694844142 49653.0 37
1717694845809 49653.0 38
1717694847445 49653.0 39
1717694849223 49653.0 40
1717694850839 49653.0 41
1717694852555 49653.0 42
1717694854321 49653.0 43
1717694855991 49653.0 44
1717694857813 49653.0 45
1717694859520 49653.0 46
1717694861053 49653.0 47
1717694862603 49653.0 48
1717694864447 49653.0 49
1717694866179 49653.0 50
1717694868130 49653.0 51
1717694869760 49653.0 52
1717694871570 49653.0 53
1717694873529 49653.0 54
1717694875003 49653.0 55
1717694876589 49653.0 56
1717694878421 49653.0 57
1717694880210 49653.0 58
1717694882068 49653.0 59
1717694883988 49653.0 60
1717694885829 49653.0 61
1717694887766 49653.0 62
1717694889362 49653.0 63
1717694890933 49653.0 64
1717694892654 49653.0 65
1717694894464 49653.0 66
1717694896156 49653.0 67
1717694897940 49653.0 68
1717694899660 49653.0 69
1717694901519 49653.0 70
1717694903174 49653.0 71
1717694904963 49653.0 72
1717694906712 49653.0 73
1717694908435 49653.0 74
1717694910102 49653.0 75
1717694911778 49653.0 76
1717694913442 49653.0 77
1717694915203 49653.0 78
1717694916920 49653.0 79
1717694918545 49653.0 80
1717694920051 49653.0 81
1717694921646 49653.0 82
1717694923234 49653.0 83
1717694924967 49653.0 84
1717694926568 49653.0 85
1717694928345 49653.0 86
1717694930087 49653.0 87
1717694931939 49653.0 88
1717694933885 49653.0 89
1717694935586 49653.0 90
1717694937253 49653.0 91
1717694938857 49653.0 92
1717694940498 49653.0 93
1717694942237 49653.0 94
1717694944102 49653.0 95
1717694945941 49653.0 96
1717694947648 49653.0 97
1717694949346 49653.0 98
1717694950956 49653.0 99
