1717258249489 0.11663769544060168 1
1717258254562 0.0 2
1717258259525 0.0 3
1717258264552 8.805917576611483e-05 4
1717258269399 0.0015068260294417387 5
1717258274368 0.00973435369562957 6
1717258279298 0.010097914269203282 7
1717258284291 0.04610491087622226 8
1717258289401 0.04378023239773808 9
1717258294394 0.05322850580557806 10
1717258299274 0.06986423402253165 11
1717258304194 0.059248186241319556 12
1717258309235 0.03383103173504108 13
1717258314188 0.08148510116290933 14
1717258319210 0.1014791963994188 15
1717258324098 0.14541133564598155 16
1717258329001 0.18253717268874353 17
1717258334015 0.1981635305443346 18
1717258339102 0.21868025278985342 19
1717258344071 0.2088040499402927 20
1717258349000 0.19508479309593546 21
1717258354060 0.2397890383268875 22
1717258359226 0.2372794516041004 23
1717258364224 0.2711120924042713 24
1717258369206 0.29208882899309924 25
1717258374135 0.2780450543320805 26
1717258379173 0.2990913611046193 27
1717258384238 0.2965548796292193 28
1717258389302 0.31040786767727785 29
1717258394574 0.33632726919598693 30
1717258399615 0.31681511153781544 31
1717258405025 0.3246114265191043 32
1717258410141 0.33570533279839726 33
1717258415429 0.14742828238625116 34
1717258420724 0.24519597189576978 35
1717258426334 0.29112371073520416 36
1717258431788 0.31064368503342915 37
1717258437058 0.3132639398953667 38
1717258442260 0.3375110955015942 39
1717258447823 0.33124523230128033 40
1717258453000 0.3421437323437962 41
1717258458329 0.3495179065930736 42
1717258463659 0.35209444391986544 43
1717258469342 0.22533671536052202 44
1717258474668 0.30735073747201835 45
1717258479967 0.3406522147592692 46
1717258485242 0.3382137088587468 47
1717258490733 0.3439421866000385 48
1717258496040 0.35152066298789464 49
1717258501293 0.35991437758755884 50
1717258506572 0.3607565792943784 51
1717258511819 0.3616797904393573 52
1717258517260 0.32296647297383496 53
1717258522577 0.33225827563106924 54
1717258527916 0.3541241336621981 55
1717258533330 0.31542859360098446 56
1717258538749 0.3364822688975162 57
1717258544131 0.3613110133651248 58
1717258549580 0.3751378823223034 59
1717258555090 0.36208211712317373 60
1717258560523 0.3694321700481207 61
1717258565914 0.3900907930419519 62
1717258571305 0.39708306727950515 63
1717258577032 0.3886102442978902 64
1717258582597 0.39576151227852524 65
1717258588093 0.39569239241107035 66
1717258593476 0.40010647676667954 67
1717258598818 0.4073962900086709 68
1717258604117 0.41377936670670423 69
1717258609550 0.41147938412957974 70
1717258615260 0.41163150263678283 71
1717258620658 0.41044018442794905 72
1717258626091 0.4033520358168531 73
1717258631624 0.3335734193342397 74
1717258637100 0.38105709822873246 75
1717258642671 0.41334230744061856 76
1717258648398 0.42555951757745514 77
1717258654215 0.3848702842177617 78
1717258659869 0.4033374834759621 79
1717258665511 0.42918960816659957 80
1717258671219 0.4108113214854786 81
1717258676848 0.4159095457032896 82
1717258682542 0.42127187891197193 83
1717258688143 0.34653445091249024 84
1717258693891 0.39362117280774733 85
1717258699658 0.4261828529674999 86
1717258705317 0.4348946341857399 87
1717258710845 0.42740848219188643 88
1717258716430 0.43758268113965526 89
1717258722175 0.4473343135465482 90
1717258727901 0.4398243159755212 91
1717258733420 0.447131099140745 92
1717258739238 0.4548767465987295 93
1717258744867 0.4518942429309026 94
1717258750608 0.42697937087124344 95
1717258756391 0.4534585733444242 96
1717258762054 0.40045045100488974 97
1717258767637 0.4447453145907337 98
1717258773318 0.4505776602832082 99
