1717258249489 0.11663768440485 1
1717258254562 0.0 2
1717258259525 0.0 3
1717258264552 8.805917605059221e-05 4
1717258269399 0.0015068260254338384 5
1717258274368 0.009734353981912136 6
1717258279298 0.010097915306687355 7
1717258284291 0.04610491544008255 8
1717258289401 0.04378022998571396 9
1717258294394 0.053228504955768585 10
1717258299274 0.06986422836780548 11
1717258304194 0.0592481829226017 12
1717258309235 0.03383103385567665 13
1717258314188 0.08148510009050369 14
1717258319210 0.1014791950583458 15
1717258324098 0.14541134238243103 16
1717258329001 0.18253718316555023 17
1717258334015 0.19816352427005768 18
1717258339102 0.2186802327632904 19
1717258344071 0.20880405604839325 20
1717258349000 0.19508479535579681 21
1717258354060 0.23978903889656067 22
1717258359226 0.23727943003177643 23
1717258364224 0.2711120843887329 24
1717258369206 0.2920888364315033 25
1717258374135 0.27804505825042725 26
1717258379173 0.2990913689136505 27
1717258384238 0.29655489325523376 28
1717258389302 0.3104078769683838 29
1717258394574 0.33632728457450867 30
1717258399615 0.3168151080608368 31
1717258405025 0.3246114253997803 32
1717258410141 0.33570533990859985 33
1717258415429 0.14742827415466309 34
1717258420724 0.24519598484039307 35
1717258426334 0.2911236882209778 36
1717258431788 0.31064367294311523 37
1717258437058 0.3132639229297638 38
1717258442260 0.3375110924243927 39
1717258447823 0.3312452435493469 40
1717258453000 0.342143714427948 41
1717258458329 0.34951794147491455 42
1717258463659 0.352094441652298 43
1717258469342 0.2253367155790329 44
1717258474668 0.307350754737854 45
1717258479967 0.3406522274017334 46
1717258485242 0.338213711977005 47
1717258490733 0.34394219517707825 48
1717258496040 0.3515206575393677 49
1717258501293 0.3599143624305725 50
1717258506572 0.3607565462589264 51
1717258511819 0.3616797626018524 52
1717258517260 0.32296645641326904 53
1717258522577 0.3322582542896271 54
1717258527916 0.35412412881851196 55
1717258533330 0.31542861461639404 56
1717258538749 0.33648228645324707 57
1717258544131 0.36131101846694946 58
1717258549580 0.3751378655433655 59
1717258555090 0.3620821237564087 60
1717258560523 0.3694321811199188 61
1717258565914 0.39009079337120056 62
1717258571305 0.3970831036567688 63
1717258577032 0.38861024379730225 64
1717258582597 0.39576151967048645 65
1717258588093 0.395692378282547 66
1717258593476 0.4001064598560333 67
1717258598818 0.4073963463306427 68
1717258604117 0.4137793183326721 69
1717258609550 0.4114793837070465 70
1717258615260 0.4116315543651581 71
1717258620658 0.4104401767253876 72
1717258626091 0.4033520221710205 73
1717258631624 0.33357343077659607 74
1717258637100 0.38105708360671997 75
1717258642671 0.41334229707717896 76
1717258648398 0.42555952072143555 77
1717258654215 0.3848702609539032 78
1717258659869 0.4033375084400177 79
1717258665511 0.42918965220451355 80
1717258671219 0.41081133484840393 81
1717258676848 0.4159094989299774 82
1717258682542 0.4212718605995178 83
1717258688143 0.3465344309806824 84
1717258693891 0.39362114667892456 85
1717258699658 0.4261828660964966 86
1717258705317 0.4348946511745453 87
1717258710845 0.42740848660469055 88
1717258716430 0.43758273124694824 89
1717258722175 0.44733428955078125 90
1717258727901 0.43982434272766113 91
1717258733420 0.44713109731674194 92
1717258739238 0.45487672090530396 93
1717258744867 0.45189425349235535 94
1717258750608 0.4269794225692749 95
1717258756391 0.4534585773944855 96
1717258762054 0.4004504680633545 97
1717258767637 0.4447453022003174 98
1717258773318 0.45057767629623413 99
