1717002052049 0.6218828905634155 1
1717002054348 0.6702566352939667 2
1717002056637 0.655379532960889 3
1717002058942 0.7327232217910288 4
1717002061231 0.7327232217910288 5
1717002063611 0.7327232217910288 6
1717002065975 0.7326363181671477 7
1717002068361 0.7327232217910288 8
1717002070747 0.7327232217910288 9
1717002073117 0.732486970958977 10
1717002075500 0.7319899987827609 11
1717002077940 0.7290620825366163 12
1717002080355 0.7249914652900757 13
1717002082803 0.723059658233596 14
1717002085269 0.7122731417877409 15
1717002087720 0.7115968791660422 16
1717002090115 0.7081075902163487 17
1717002092566 0.7061705967317009 18
1717002095106 0.7247838654942239 19
1717002097567 0.709725790067767 20
1717002100012 0.7155528246761467 21
1717002102466 0.7327232217910288 22
1717002104932 0.7327232217910288 23
1717002107372 0.7327232217910288 24
1717002109831 0.7326363181671477 25
1717002112321 0.7326363181671477 26
1717002114818 0.7327232217910288 27
1717002117259 0.7326363181671477 28
1717002119757 0.7326363181671477 29
1717002122240 0.7326363181671477 30
1717002124716 0.7327232217910288 31
1717002127227 0.7327232217910288 32
1717002129688 0.7326363181671477 33
1717002132211 0.7327232217910288 34
1717002134686 0.7326363181671477 35
1717002137149 0.7327232217910288 36
1717002139626 0.7327232217910288 37
1717002142084 0.7326363181671477 38
1717002144547 0.7326363181671477 39
1717002147047 0.7326363181671477 40
1717002149563 0.7327232217910288 41
1717002152096 0.7326363181671477 42
1717002154668 0.7326363181671477 43
1717002157290 0.7326363181671477 44
1717002159809 0.7326363181671477 45
1717002162293 0.7326363181671477 46
1717002164726 0.7326363181671477 47
1717002167154 0.7327232217910288 48
1717002169585 0.7326363181671477 49
1717002172095 0.7324684484340604 50
1717002174577 0.7326363181671477 51
1717002177072 0.7326363181671477 52
1717002179568 0.7327232217910288 53
1717002182110 0.7326363181671477 54
1717002184649 0.7326363181671477 55
1717002187195 0.7327232217910288 56
1717002189665 0.7327232217910288 57
1717002192204 0.7327232217910288 58
1717002194695 0.7327232217910288 59
1717002197184 0.7327232217910288 60
1717002199719 0.7327232217910288 61
1717002202400 0.7327232217910288 62
1717002205113 0.7327232217910288 63
1717002207636 0.7327232217910288 64
1717002210170 0.7327232217910288 65
1717002213101 0.7327232217910288 66
1717002215853 0.7327232217910288 67
1717002218444 0.7327232217910288 68
1717002220992 0.7327232217910288 69
1717002223519 0.7327232217910288 70
1717002226051 0.7327232217910288 71
1717002228594 0.7327232217910288 72
1717002231087 0.7327232217910288 73
1717002233587 0.7327232217910288 74
1717002236135 0.7327232217910288 75
1717002238623 0.7327232217910288 76
1717002241157 0.7327232217910288 77
1717002243690 0.7327232217910288 78
1717002246193 0.7327232217910288 79
1717002248973 0.7327232217910288 80
1717002251555 0.7327232217910288 81
1717002254068 0.7327232217910288 82
1717002256540 0.7327232217910288 83
1717002259071 0.7327232217910288 84
1717002261623 0.7327232217910288 85
1717002264178 0.7327232217910288 86
1717002266678 0.7327232217910288 87
1717002269169 0.7327232217910288 88
1717002271739 0.7327232217910288 89
1717002274244 0.7327232217910288 90
1717002276850 0.7327232217910288 91
1717002279407 0.7327232217910288 92
1717002281891 0.7327232217910288 93
1717002284408 0.7327232217910288 94
1717002286998 0.7327232217910288 95
1717002289553 0.7327232217910288 96
1717002292047 0.7327232217910288 97
1717002294621 0.7327232217910288 98
1717002297185 0.7327232217910288 99
