1717002052049 0.20262831449508667 1
1717002054348 0.21967153251171112 2
1717002056637 0.21259067952632904 3
1717002058942 0.2210971713066101 4
1717002061231 0.2210971713066101 5
1717002063611 0.2210971713066101 6
1717002065975 0.22114117443561554 7
1717002068361 0.2210971713066101 8
1717002070747 0.2210971713066101 9
1717002073117 0.22166626155376434 10
1717002075500 0.22180941700935364 11
1717002077940 0.223605677485466 12
1717002080355 0.22461259365081787 13
1717002082803 0.22618809342384338 14
1717002085269 0.230803981423378 15
1717002087720 0.23403280973434448 16
1717002090115 0.23122341930866241 17
1717002092566 0.2342846840620041 18
1717002095106 0.23101577162742615 19
1717002097567 0.2428894340991974 20
1717002100012 0.22871547937393188 21
1717002102466 0.2210971713066101 22
1717002104932 0.2210971713066101 23
1717002107372 0.2210971713066101 24
1717002109831 0.2211826741695404 25
1717002112321 0.22114117443561554 26
1717002114818 0.2211279720067978 27
1717002117259 0.22114117443561554 28
1717002119757 0.22114117443561554 29
1717002122240 0.22114117443561554 30
1717002124716 0.2211279720067978 31
1717002127227 0.2211279720067978 32
1717002129688 0.22114117443561554 33
1717002132211 0.2211279720067978 34
1717002134686 0.22114117443561554 35
1717002137149 0.2210971713066101 36
1717002139626 0.2211279720067978 37
1717002142084 0.2211826741695404 38
1717002144547 0.2211826741695404 39
1717002147047 0.2211826741695404 40
1717002149563 0.2211279720067978 41
1717002152096 0.2211826741695404 42
1717002154668 0.2211826741695404 43
1717002157290 0.22114117443561554 44
1717002159809 0.22120824456214905 45
1717002162293 0.22120824456214905 46
1717002164726 0.22114117443561554 47
1717002167154 0.2211279720067978 48
1717002169585 0.22114117443561554 49
1717002172095 0.22132667899131775 50
1717002174577 0.22120824456214905 51
1717002177072 0.22116674482822418 52
1717002179568 0.2211279720067978 53
1717002182110 0.22114117443561554 54
1717002184649 0.22114117443561554 55
1717002187195 0.2210971713066101 56
1717002189665 0.2211279720067978 57
1717002192204 0.2211279720067978 58
1717002194695 0.2211279720067978 59
1717002197184 0.2211279720067978 60
1717002199719 0.2211279720067978 61
1717002202400 0.2210971713066101 62
1717002205113 0.2210971713066101 63
1717002207636 0.2210971713066101 64
1717002210170 0.2210971713066101 65
1717002213101 0.2210971713066101 66
1717002215853 0.2210971713066101 67
1717002218444 0.2210971713066101 68
1717002220992 0.2211279720067978 69
1717002223519 0.2210971713066101 70
1717002226051 0.2210971713066101 71
1717002228594 0.2210971713066101 72
1717002231087 0.2210971713066101 73
1717002233587 0.2210971713066101 74
1717002236135 0.2210971713066101 75
1717002238623 0.2210971713066101 76
1717002241157 0.2210971713066101 77
1717002243690 0.2210971713066101 78
1717002246193 0.2210971713066101 79
1717002248973 0.2210971713066101 80
1717002251555 0.2210971713066101 81
1717002254068 0.2210971713066101 82
1717002256540 0.2210971713066101 83
1717002259071 0.2210971713066101 84
1717002261623 0.2210971713066101 85
1717002264178 0.2211279720067978 86
1717002266678 0.2210971713066101 87
1717002269169 0.2210971713066101 88
1717002271739 0.2210971713066101 89
1717002274244 0.2210971713066101 90
1717002276850 0.2210971713066101 91
1717002279407 0.2210971713066101 92
1717002281891 0.2210971713066101 93
1717002284408 0.2210971713066101 94
1717002286998 0.2210971713066101 95
1717002289553 0.2210971713066101 96
1717002292047 0.2210971713066101 97
1717002294621 0.2210971713066101 98
1717002297185 0.2210971713066101 99
