1717002052049 0.20262829595940912 1
1717002054348 0.2196715506744465 2
1717002056637 0.2125906757560199 3
1717002058942 0.22109717787725214 4
1717002061231 0.22109717787725214 5
1717002063611 0.22109717787725214 6
1717002065975 0.2211411786654121 7
1717002068361 0.22109717787725214 8
1717002070747 0.22109717787725214 9
1717002073117 0.22166626657492833 10
1717002075500 0.2218093879467209 11
1717002077940 0.22360566571669258 12
1717002080355 0.22461260005624964 13
1717002082803 0.2261881066565234 14
1717002085269 0.23080399375366795 15
1717002087720 0.2340328372447094 16
1717002090115 0.2312234221117078 17
1717002092566 0.2342846776695548 18
1717002095106 0.23101577809853002 19
1717002097567 0.2428894468405915 20
1717002100012 0.22871546525300865 21
1717002102466 0.22109717787725214 22
1717002104932 0.22109717787725214 23
1717002107372 0.22109717787725214 24
1717002109831 0.2211826755020793 25
1717002112321 0.2211411786654121 26
1717002114818 0.22112797558544975 27
1717002117259 0.2211411786654121 28
1717002119757 0.2211411786654121 29
1717002122240 0.2211411786654121 30
1717002124716 0.22112797558544975 31
1717002127227 0.22112797558544975 32
1717002129688 0.2211411786654121 33
1717002132211 0.22112797558544975 34
1717002134686 0.2211411786654121 35
1717002137149 0.22109717787725214 36
1717002139626 0.22112797558544975 37
1717002142084 0.2211826755020793 38
1717002144547 0.2211826755020793 39
1717002147047 0.2211826755020793 40
1717002149563 0.22112797558544975 41
1717002152096 0.2211826755020793 42
1717002154668 0.2211826755020793 43
1717002157290 0.2211411786654121 44
1717002159809 0.22120825334405023 45
1717002162293 0.22120825334405023 46
1717002164726 0.2211411786654121 47
1717002167154 0.22112797558544975 48
1717002169585 0.2211411786654121 49
1717002172095 0.221326673187054 50
1717002174577 0.22120825334405023 51
1717002177072 0.22116675650738307 52
1717002179568 0.22112797558544975 53
1717002182110 0.2211411786654121 54
1717002184649 0.2211411786654121 55
1717002187195 0.22109717787725214 56
1717002189665 0.22112797558544975 57
1717002192204 0.22112797558544975 58
1717002194695 0.22112797558544975 59
1717002197184 0.22112797558544975 60
1717002199719 0.22112797558544975 61
1717002202400 0.22109717787725214 62
1717002205113 0.22109717787725214 63
1717002207636 0.22109717787725214 64
1717002210170 0.22109717787725214 65
1717002213101 0.22109717787725214 66
1717002215853 0.22109717787725214 67
1717002218444 0.22109717787725214 68
1717002220992 0.22112797558544975 69
1717002223519 0.22109717787725214 70
1717002226051 0.22109717787725214 71
1717002228594 0.22109717787725214 72
1717002231087 0.22109717787725214 73
1717002233587 0.22109717787725214 74
1717002236135 0.22109717787725214 75
1717002238623 0.22109717787725214 76
1717002241157 0.22109717787725214 77
1717002243690 0.22109717787725214 78
1717002246193 0.22109717787725214 79
1717002248973 0.22109717787725214 80
1717002251555 0.22109717787725214 81
1717002254068 0.22109717787725214 82
1717002256540 0.22109717787725214 83
1717002259071 0.22109717787725214 84
1717002261623 0.22109717787725214 85
1717002264178 0.22112797558544975 86
1717002266678 0.22109717787725214 87
1717002269169 0.22109717787725214 88
1717002271739 0.22109717787725214 89
1717002274244 0.22109717787725214 90
1717002276850 0.22109717787725214 91
1717002279407 0.22109717787725214 92
1717002281891 0.22109717787725214 93
1717002284408 0.22109717787725214 94
1717002286998 0.22109717787725214 95
1717002289553 0.22109717787725214 96
1717002292047 0.22109717787725214 97
1717002294621 0.22109717787725214 98
1717002297185 0.22109717787725214 99
