1717095520684 0.964039940031457 1
1717095521226 0.973643817597831 2
1717095521774 0.9709526302740513 3
1717095522317 0.9735713482624165 4
1717095522857 0.9727073232002567 5
1717095523412 0.9755135996452038 6
1717095523961 0.9766338126470647 7
1717095524557 0.977290416178968 8
1717095525119 0.9776333645384339 9
1717095525677 0.9765375524564996 10
1717095526248 0.9755844331770493 11
1717095526799 0.9786051371304306 12
1717095527342 0.9775130858255076 13
1717095527912 0.978450922029568 14
1717095528470 0.9785272635084136 15
1717095529047 0.9784543652747685 16
1717095529596 0.9778791760272117 17
1717095530169 0.9780919041976838 18
1717095530735 0.9790804232147698 19
1717095531296 0.9769950468909873 20
1717095531906 0.9785390471208554 21
1717095532521 0.9782552665579346 22
1717095533165 0.9792875434165541 23
1717095533758 0.9787551173086416 24
1717095534345 0.9790572190110947 25
1717095534941 0.9797817376505614 26
1717095535494 0.9790556889986917 27
1717095536068 0.9793264684345065 28
1717095536656 0.9774204026417451 29
1717095537247 0.9784800557062345 30
1717095537804 0.9794730120221457 31
1717095538359 0.9805204014475131 32
1717095538901 0.9792697951359023 33
1717095539473 0.9787951247813064 34
1717095540046 0.9803844187403129 35
1717095540605 0.979436645972592 36
1717095541195 0.9797102118573456 37
1717095541756 0.9792212354653679 38
1717095542303 0.9805053969518503 39
1717095542868 0.9799495410850765 40
1717095543438 0.9792083419924026 41
1717095543975 0.9812852424607948 42
1717095544550 0.9804411320062584 43
1717095545133 0.9829228417877552 44
1717095545710 0.9826961227195071 45
1717095546253 0.98349820902897 46
1717095546818 0.9841621594170278 47
1717095547383 0.9807694859102284 48
1717095547957 0.9821579740773808 49
1717095548529 0.9842935300317143 50
1717095549108 0.9820594428970367 51
1717095549661 0.9844211544376462 52
1717095550223 0.9838975434810333 53
1717095550770 0.9805702185625739 54
1717095551334 0.9843599750320582 55
1717095551898 0.9835492655029812 56
1717095552475 0.9829871935780171 57
1717095553021 0.9842591173563848 58
1717095553577 0.9824773824148726 59
1717095554141 0.983983422100254 60
1717095554718 0.9802625356253153 61
1717095555310 0.985259317431881 62
1717095555858 0.9830923333298592 63
1717095556421 0.9846827105952496 64
1717095556983 0.9837761046962319 65
1717095557557 0.9848384358564406 66
1717095558129 0.9839301869673207 67
1717095558690 0.9833450352000034 68
1717095559253 0.9840431004838448 69
1717095559826 0.9854119817416409 70
1717095560373 0.984919166104719 71
1717095560936 0.9850403774346894 72
1717095561514 0.9842321772249718 73
1717095562076 0.9862864704862585 74
1717095562640 0.9859032691906232 75
1717095563191 0.9839571853530382 76
1717095563755 0.9857908158727812 77
1717095564322 0.9844772103294753 78
1717095564884 0.9848533934886462 79
1717095565433 0.9858348737033314 80
1717095565981 0.9846775746240002 81
1717095566568 0.9845860231833559 82
1717095567124 0.9855427558013368 83
1717095567697 0.986535366062039 84
1717095568268 0.9869687941185735 85
1717095568844 0.9855738324323651 86
1717095569420 0.9855090835794497 87
1717095569980 0.9855062363003775 88
1717095570567 0.9864022084049842 89
1717095571193 0.9858448728090499 90
1717095571740 0.9862506514516278 91
1717095572307 0.9845171535275329 92
1717095572862 0.9857756601150477 93
1717095573435 0.9869631727335982 94
1717095574027 0.9870602051223845 95
1717095574592 0.9865368382955416 96
1717095575166 0.9864543830390918 97
1717095575735 0.9869211014878955 98
1717095576310 0.9855757000266575 99
