1717095520684 0.36249059438705444 1
1717095521226 0.4242273271083832 2
1717095521774 0.457174688577652 3
1717095522317 0.4919295608997345 4
1717095522857 0.49272435903549194 5
1717095523412 0.49674710631370544 6
1717095523961 0.507271945476532 7
1717095524557 0.5082197785377502 8
1717095525119 0.5112245678901672 9
1717095525677 0.5100275874137878 10
1717095526248 0.511151134967804 11
1717095526799 0.5170010328292847 12
1717095527342 0.5203931331634521 13
1717095527912 0.5198861360549927 14
1717095528470 0.5208882689476013 15
1717095529047 0.5224344730377197 16
1717095529596 0.5247410535812378 17
1717095530169 0.5246865153312683 18
1717095530735 0.5274025797843933 19
1717095531296 0.5275880098342896 20
1717095531906 0.5303539037704468 21
1717095532521 0.5327916741371155 22
1717095533165 0.5410438179969788 23
1717095533758 0.5436722040176392 24
1717095534345 0.5438371300697327 25
1717095534941 0.5509011149406433 26
1717095535494 0.5589722394943237 27
1717095536068 0.5653784275054932 28
1717095536656 0.5615027546882629 29
1717095537247 0.5691658854484558 30
1717095537804 0.5734900832176208 31
1717095538359 0.5805174112319946 32
1717095538901 0.5820106863975525 33
1717095539473 0.5842137932777405 34
1717095540046 0.5894555449485779 35
1717095540605 0.587586522102356 36
1717095541195 0.5888802409172058 37
1717095541756 0.59510338306427 38
1717095542303 0.5956602692604065 39
1717095542868 0.5877313613891602 40
1717095543438 0.5917695760726929 41
1717095543975 0.6020771861076355 42
1717095544550 0.6044366955757141 43
1717095545133 0.6089275479316711 44
1717095545710 0.609228253364563 45
1717095546253 0.6108413338661194 46
1717095546818 0.613624095916748 47
1717095547383 0.6095277667045593 48
1717095547957 0.6106354594230652 49
1717095548529 0.6138500571250916 50
1717095549108 0.6131396293640137 51
1717095549661 0.6145855784416199 52
1717095550223 0.6197550892829895 53
1717095550770 0.6191717386245728 54
1717095551334 0.6215823888778687 55
1717095551898 0.6270821690559387 56
1717095552475 0.6289505958557129 57
1717095553021 0.6234316825866699 58
1717095553577 0.630183219909668 59
1717095554141 0.6292514801025391 60
1717095554718 0.6365218758583069 61
1717095555310 0.6372426748275757 62
1717095555858 0.6340534090995789 63
1717095556421 0.6420955657958984 64
1717095556983 0.6373289227485657 65
1717095557557 0.6339572668075562 66
1717095558129 0.6408510804176331 67
1717095558690 0.6373010873794556 68
1717095559253 0.6417756080627441 69
1717095559826 0.6398975253105164 70
1717095560373 0.6428709030151367 71
1717095560936 0.6487328410148621 72
1717095561514 0.6490992307662964 73
1717095562076 0.6488370299339294 74
1717095562640 0.6571859121322632 75
1717095563191 0.6476836800575256 76
1717095563755 0.6421263813972473 77
1717095564322 0.6528196930885315 78
1717095564884 0.6554440259933472 79
1717095565433 0.6536020040512085 80
1717095565981 0.6570488214492798 81
1717095566568 0.6573842167854309 82
1717095567124 0.6554781198501587 83
1717095567697 0.659636378288269 84
1717095568268 0.6603116393089294 85
1717095568844 0.659945547580719 86
1717095569420 0.6617039442062378 87
1717095569980 0.6671390533447266 88
1717095570567 0.6703699827194214 89
1717095571193 0.6665700674057007 90
1717095571740 0.6668443083763123 91
1717095572307 0.661238968372345 92
1717095572862 0.6659819483757019 93
1717095573435 0.6658276319503784 94
1717095574027 0.666767418384552 95
1717095574592 0.6725283861160278 96
1717095575166 0.6708917021751404 97
1717095575735 0.6792205572128296 98
1717095576310 0.6727612614631653 99
