1717442723551 15074.0 1
1717442725416 15074.0 2
1717442727289 15074.0 3
1717442729034 15074.0 4
1717442730737 15074.0 5
1717442732394 15074.0 6
1717442734112 15074.0 7
1717442735921 15074.0 8
1717442737573 15074.0 9
1717442739133 15074.0 10
1717442740654 15074.0 11
1717442742234 15074.0 12
1717442743943 15074.0 13
1717442745639 15074.0 14
1717442747346 15074.0 15
1717442749061 15074.0 16
1717442750763 15074.0 17
1717442752411 15074.0 18
1717442754107 15074.0 19
1717442755806 15074.0 20
1717442757550 15074.0 21
1717442759259 15074.0 22
1717442760995 15074.0 23
1717442762784 15074.0 24
1717442764520 15074.0 25
1717442766193 15074.0 26
1717442767932 15074.0 27
1717442769619 15074.0 28
1717442771313 15074.0 29
1717442772988 15074.0 30
1717442774700 15074.0 31
1717442776350 15074.0 32
1717442777867 15074.0 33
1717442779352 15074.0 34
1717442780844 15074.0 35
1717442782348 15074.0 36
1717442783859 15074.0 37
1717442785388 15074.0 38
1717442786889 15074.0 39
1717442788349 15074.0 40
1717442789818 15074.0 41
1717442791404 15074.0 42
1717442793215 15074.0 43
1717442794746 15074.0 44
1717442796310 15074.0 45
1717442797821 15074.0 46
1717442799370 15074.0 47
1717442800894 15074.0 48
1717442802440 15074.0 49
1717442803990 15074.0 50
1717442805515 15074.0 51
1717442807046 15074.0 52
1717442808584 15074.0 53
1717442810552 15074.0 54
1717442812290 15074.0 55
1717442814046 15074.0 56
1717442815661 15074.0 57
1717442817237 15074.0 58
1717442818922 15074.0 59
1717442820604 15074.0 60
1717442822259 15074.0 61
1717442823949 15074.0 62
1717442825631 15074.0 63
1717442827512 15074.0 64
1717442829196 15074.0 65
1717442830850 15074.0 66
1717442832509 15074.0 67
1717442834195 15074.0 68
1717442835799 15074.0 69
1717442837424 15074.0 70
1717442839100 15074.0 71
1717442840750 15074.0 72
1717442842413 15074.0 73
1717442844040 15074.0 74
1717442845686 15074.0 75
1717442847313 15074.0 76
1717442848921 15074.0 77
1717442850617 15074.0 78
1717442852272 15074.0 79
1717442853949 15074.0 80
1717442855629 15074.0 81
1717442857277 15074.0 82
1717442858944 15074.0 83
1717442860635 15074.0 84
1717442862288 15074.0 85
1717442863946 15074.0 86
1717442865625 15074.0 87
1717442867251 15074.0 88
1717442868912 15074.0 89
1717442870560 15074.0 90
1717442872231 15074.0 91
1717442873902 15074.0 92
1717442875551 15074.0 93
1717442877204 15074.0 94
1717442878861 15074.0 95
1717442880504 15074.0 96
1717442882165 15074.0 97
1717442883799 15074.0 98
1717442885543 15074.0 99
