1717442723551 0.784954681772014 1
1717442725416 0.8477141773894213 2
1717442727289 0.8477141773894213 3
1717442729034 0.8477141773894213 4
1717442730737 0.8477141773894213 5
1717442732394 0.8477141773894213 6
1717442734112 0.8477141773894213 7
1717442735921 0.8477141773894213 8
1717442737573 0.8477141773894213 9
1717442739133 0.8477141773894213 10
1717442740654 0.8477141773894213 11
1717442742234 0.8477141773894213 12
1717442743943 0.8477141773894213 13
1717442745639 0.8477141773894213 14
1717442747346 0.8477141773894213 15
1717442749061 0.8477141773894213 16
1717442750763 0.8477141773894213 17
1717442752411 0.8477141773894213 18
1717442754107 0.8477141773894213 19
1717442755806 0.8477141773894213 20
1717442757550 0.8477141773894213 21
1717442759259 0.8477141773894213 22
1717442760995 0.8477141773894213 23
1717442762784 0.8477141773894213 24
1717442764520 0.8477141773894213 25
1717442766193 0.8477141773894213 26
1717442767932 0.8477141773894213 27
1717442769619 0.8477141773894213 28
1717442771313 0.8477141773894213 29
1717442772988 0.8477141773894213 30
1717442774700 0.8477141773894213 31
1717442776350 0.8477141773894213 32
1717442777867 0.8477141773894213 33
1717442779352 0.8477141773894213 34
1717442780844 0.8477141773894213 35
1717442782348 0.8477141773894213 36
1717442783859 0.8477141773894213 37
1717442785388 0.8477141773894213 38
1717442786889 0.8477141773894213 39
1717442788349 0.8477141773894213 40
1717442789818 0.8477141773894213 41
1717442791404 0.8477141773894213 42
1717442793215 0.8477141773894213 43
1717442794746 0.8477141773894213 44
1717442796310 0.8477141773894213 45
1717442797821 0.8477141773894213 46
1717442799370 0.8477141773894213 47
1717442800894 0.8477141773894213 48
1717442802440 0.8477141773894213 49
1717442803990 0.8477141773894213 50
1717442805515 0.8477141773894213 51
1717442807046 0.8477141773894213 52
1717442808584 0.8477141773894213 53
1717442810552 0.8477141773894213 54
1717442812290 0.8477141773894213 55
1717442814046 0.8477141773894213 56
1717442815661 0.8477141773894213 57
1717442817237 0.8477141773894213 58
1717442818922 0.8477141773894213 59
1717442820604 0.8477141773894213 60
1717442822259 0.8477141773894213 61
1717442823949 0.8477141773894213 62
1717442825631 0.8477141773894213 63
1717442827512 0.8477141773894213 64
1717442829196 0.8477141773894213 65
1717442830850 0.8477141773894213 66
1717442832509 0.8477141773894213 67
1717442834195 0.8477141773894213 68
1717442835799 0.8477141773894213 69
1717442837424 0.8477141773894213 70
1717442839100 0.8477141773894213 71
1717442840750 0.8477141773894213 72
1717442842413 0.8477141773894213 73
1717442844040 0.8477141773894213 74
1717442845686 0.8477141773894213 75
1717442847313 0.8477141773894213 76
1717442848921 0.8477141773894213 77
1717442850617 0.8477141773894213 78
1717442852272 0.8477141773894213 79
1717442853949 0.8477141773894213 80
1717442855629 0.8477141773894213 81
1717442857277 0.8477141773894213 82
1717442858944 0.8477141773894213 83
1717442860635 0.8477141773894213 84
1717442862288 0.8477141773894213 85
1717442863946 0.8477141773894213 86
1717442865625 0.8477141773894213 87
1717442867251 0.8477141773894213 88
1717442868912 0.8477141773894213 89
1717442870560 0.8477141773894213 90
1717442872231 0.8477141773894213 91
1717442873902 0.8477141773894213 92
1717442875551 0.8477141773894213 93
1717442877204 0.8477141773894213 94
1717442878861 0.8477141773894213 95
1717442880504 0.8477141773894213 96
1717442882165 0.8477141773894213 97
1717442883799 0.8477141773894213 98
1717442885543 0.8477141773894213 99
