1717231633717 329906.0 1
1717231635260 329906.0 2
1717231636747 329906.0 3
1717231638195 329906.0 4
1717231639720 329906.0 5
1717231641148 329906.0 6
1717231642620 329906.0 7
1717231644102 329906.0 8
1717231645525 329906.0 9
1717231647020 329906.0 10
1717231648440 329906.0 11
1717231649884 329906.0 12
1717231651395 329906.0 13
1717231652831 329906.0 14
1717231654322 329906.0 15
1717231655772 329906.0 16
1717231657234 329906.0 17
1717231658661 329906.0 18
1717231660149 329906.0 19
1717231661647 329906.0 20
1717231663291 329906.0 21
1717231664746 329906.0 22
1717231666241 329906.0 23
1717231667716 329906.0 24
1717231669139 329906.0 25
1717231670704 329906.0 26
1717231672155 329906.0 27
1717231673584 329906.0 28
1717231675121 329906.0 29
1717231676540 329906.0 30
1717231678072 329906.0 31
1717231679476 329906.0 32
1717231680884 329906.0 33
1717231682414 329906.0 34
1717231683797 329906.0 35
1717231685188 329906.0 36
1717231686662 329906.0 37
1717231688078 329906.0 38
1717231689534 329906.0 39
1717231690961 329906.0 40
1717231692393 329906.0 41
1717231693887 329906.0 42
1717231695286 329906.0 43
1717231696694 329906.0 44
1717231698173 329906.0 45
1717231699576 329906.0 46
1717231701033 329906.0 47
1717231702449 329906.0 48
1717231703855 329906.0 49
1717231705353 329906.0 50
1717231706752 329906.0 51
1717231708127 329906.0 52
1717231709580 329906.0 53
1717231710983 329906.0 54
1717231712461 329906.0 55
1717231713881 329906.0 56
1717231715326 329906.0 57
1717231716810 329906.0 58
1717231718203 329906.0 59
1717231719569 329906.0 60
1717231721056 329906.0 61
1717231722443 329906.0 62
1717231723898 329906.0 63
1717231725268 329906.0 64
1717231726668 329906.0 65
1717231728137 329906.0 66
1717231729544 329906.0 67
1717231730966 329906.0 68
1717231732446 329906.0 69
1717231733834 329906.0 70
1717231735300 329906.0 71
1717231736699 329906.0 72
1717231738111 329906.0 73
1717231739615 329906.0 74
1717231741047 329906.0 75
1717231742604 329906.0 76
1717231744044 329906.0 77
1717231745458 329906.0 78
1717231746995 329906.0 79
1717231748387 329906.0 80
1717231749791 329906.0 81
1717231751325 329906.0 82
1717231752738 329906.0 83
1717231754205 329906.0 84
1717231755625 329906.0 85
1717231757023 329906.0 86
1717231758519 329906.0 87
1717231759943 329906.0 88
1717231761355 329906.0 89
1717231762804 329906.0 90
1717231764212 329906.0 91
1717231765802 329906.0 92
1717231767240 329906.0 93
1717231768628 329906.0 94
1717231769984 329906.0 95
1717231771269 329906.0 96
1717231772532 329906.0 97
1717231773810 329906.0 98
1717231775095 329906.0 99
