1717231633717 0.15518594216695097 1
1717231635260 0.05758758448723326 2
1717231636747 0.012433846996540994 3
1717231638195 0.010718321327784988 4
1717231639720 0.006294640306837446 5
1717231641148 0.0026165118436047696 6
1717231642620 0.002074697629766277 7
1717231644102 0.0013480430413202414 8
1717231645525 0.0008890450580805188 9
1717231647020 0.0012128892815830255 10
1717231648440 0.0022786399441685617 11
1717231649884 0.0033959030570307564 12
1717231651395 0.003704803657610836 13
1717231652831 0.004915829428058239 14
1717231654322 0.005612001392547422 15
1717231655772 0.00642141821307401 16
1717231657234 0.004234480720452505 17
1717231658661 0.006847616441514713 18
1717231660149 0.0 19
1717231661647 0.0 20
1717231663291 0.0 21
1717231664746 0.0 22
1717231666241 0.0 23
1717231667716 0.0 24
1717231669139 0.0 25
1717231670704 0.0 26
1717231672155 0.0006629162541957221 27
1717231673584 0.0041426632124948615 28
1717231675121 0.01212538828515556 29
1717231676540 0.02482490270797933 30
1717231678072 0.0506507378937988 31
1717231679476 0.06217609314996736 32
1717231680884 0.06279812413608354 33
1717231682414 0.06385322338646984 34
1717231683797 0.0602797069528199 35
1717231685188 0.06180594661298032 36
1717231686662 0.0632979370935762 37
1717231688078 0.06331773555047218 38
1717231689534 0.06335507847304009 39
1717231690961 0.06357713850180821 40
1717231692393 0.06375880859284559 41
1717231693887 0.06428535303240306 42
1717231695286 0.06415939056420066 43
1717231696694 0.06364600695525253 44
1717231698173 0.06372237937370252 45
1717231699576 0.06350463629462985 46
1717231701033 0.06367233384513427 47
1717231702449 0.06405486799422673 48
1717231703855 0.0637866892156204 49
1717231705353 0.06330894112318423 50
1717231706752 0.0635205867037012 51
1717231708127 0.06360049028382553 52
1717231709580 0.06361475954954379 53
1717231710983 0.0637038921861813 54
1717231712461 0.06366255456370876 55
1717231713881 0.0636221445956307 56
1717231715326 0.06375096647901801 57
1717231716810 0.06397128494376467 58
1717231718203 0.12401142198686037 59
1717231719569 0.1660725400534135 60
1717231721056 0.17348331819138832 61
1717231722443 0.17962012143493802 62
1717231723898 0.18470765406591555 63
1717231725268 0.19203225315595424 64
1717231726668 0.21418821508354977 65
1717231728137 0.22097262620103564 66
1717231729544 0.23044553405847318 67
1717231730966 0.23323611064288766 68
1717231732446 0.23753341667144462 69
1717231733834 0.24207814327149596 70
1717231735300 0.2478537194624572 71
1717231736699 0.2526464510699421 72
1717231738111 0.2548085301768814 73
1717231739615 0.25538966940294816 74
1717231741047 0.2610593133705439 75
1717231742604 0.261169523251211 76
1717231744044 0.2624367308235246 77
1717231745458 0.26457875016762716 78
1717231746995 0.2659363456482401 79
1717231748387 0.2655289710920432 80
1717231749791 0.27139323677392435 81
1717231751325 0.26957075788778206 82
1717231752738 0.2710780662614706 83
1717231754205 0.2669073209966437 84
1717231755625 0.2731480115536291 85
1717231757023 0.27276061781624955 86
1717231758519 0.2734541748109605 87
1717231759943 0.27443954733916925 88
1717231761355 0.27591980708508473 89
1717231762804 0.2760590041821287 90
1717231764212 0.2759945038967581 91
1717231765802 0.277064759286881 92
1717231767240 0.2734410345186851 93
1717231768628 0.2762626725471929 94
1717231769984 0.2768349185371373 95
1717231771269 0.2776647103994386 96
1717231772532 0.27768766468749206 97
1717231773810 0.2776159683381906 98
1717231775095 0.27970724706016004 99
