1717231633717 0.09174263901175186 1
1717231635260 0.06783756821149403 2
1717231636747 0.02347771512139284 3
1717231638195 0.016366873664661052 4
1717231639720 0.010317898338367897 5
1717231641148 0.004902962077093652 6
1717231642620 0.003943240096666409 7
1717231644102 0.0025976706294856848 8
1717231645525 0.001752417306125377 9
1717231647020 0.0023499881514806335 10
1717231648440 0.004417942219859573 11
1717231649884 0.006489584580616626 12
1717231651395 0.007142628518988931 13
1717231652831 0.009440453020724566 14
1717231654322 0.007175517213620435 15
1717231655772 0.008120494526709699 16
1717231657234 0.005204194306427677 17
1717231658661 0.002384395143962183 18
1717231660149 0.0 19
1717231661647 0.0 20
1717231663291 0.0 21
1717231664746 0.0 22
1717231666241 0.0 23
1717231667716 0.0 24
1717231669139 0.0 25
1717231670704 0.0 26
1717231672155 0.001324212701914082 27
1717231673584 0.008242149159365532 28
1717231675121 0.023922676638209472 29
1717231676540 0.048383791666846955 30
1717231678072 0.09613422865198096 31
1717231679476 0.11600154446195585 32
1717231680884 0.11720097088186913 33
1717231682414 0.11858753517272529 34
1717231683797 0.11329556355215317 35
1717231685188 0.11580894479377801 36
1717231686662 0.11829692922911147 37
1717231688078 0.11809961731973903 38
1717231689534 0.11831295926468477 39
1717231690961 0.11859009500861326 40
1717231692393 0.11882422478264232 41
1717231693887 0.11969271628878989 42
1717231695286 0.11945226498220347 43
1717231696694 0.11860659215328173 44
1717231698173 0.1187434786067226 45
1717231699576 0.11838110998586389 46
1717231701033 0.11856372948735924 47
1717231702449 0.11909973432747925 48
1717231703855 0.11868803890100803 49
1717231705353 0.11797317733059773 50
1717231706752 0.11834071965856671 51
1717231708127 0.11853078404557127 52
1717231709580 0.11865663260896768 53
1717231710983 0.11881857857134284 54
1717231712461 0.11878592434721338 55
1717231713881 0.11877148804640454 56
1717231715326 0.1190057999586059 57
1717231716810 0.11941750767235204 58
1717231718203 0.21582722142889246 59
1717231719569 0.279850040059017 60
1717231721056 0.28985662242688476 61
1717231722443 0.298008543957408 62
1717231723898 0.30460925266660227 63
1717231725268 0.3135641034033786 64
1717231726668 0.34244968188008357 65
1717231728137 0.3509204670222875 66
1717231729544 0.3620363148195998 67
1717231730966 0.36507627779499546 68
1717231732446 0.36989346270829165 69
1717231733834 0.37491895848586676 70
1717231735300 0.38081006599849704 71
1717231736699 0.38614679476417796 72
1717231738111 0.38839070094938644 73
1717231739615 0.3894815640246823 74
1717231741047 0.39536435349471 75
1717231742604 0.39539246231534664 76
1717231744044 0.3966136199397972 77
1717231745458 0.3988140091860734 78
1717231746995 0.4007432305495066 79
1717231748387 0.40038070422324223 80
1717231749791 0.4048038388498589 81
1717231751325 0.4040381467956166 82
1717231752738 0.4055538922248327 83
1717231754205 0.4012217684336691 84
1717231755625 0.40575073873865986 85
1717231757023 0.4058560507723644 86
1717231758519 0.4074420071194195 87
1717231759943 0.4085853242828216 88
1717231761355 0.40962420907280556 89
1717231762804 0.4096310074293914 90
1717231764212 0.4102222549746381 91
1717231765802 0.41123341995139573 92
1717231767240 0.40836162355833877 93
1717231768628 0.40908651131314233 94
1717231769984 0.41146025033510886 95
1717231771269 0.41199300936430605 96
1717231772532 0.4118136889318366 97
1717231773810 0.4122395467524492 98
1717231775095 0.41488566502205815 99
