1717575749301 137534.0 1
1717575759617 139612.0 2
1717575769553 139612.0 3
1717575779788 139612.0 4
1717575789622 139612.0 5
1717575799328 139612.0 6
1717575808464 139612.0 7
1717575817080 139612.0 8
1717575826428 139612.0 9
1717575835466 139612.0 10
1717575844194 139612.0 11
1717575852953 139612.0 12
1717575861585 139612.0 13
1717575871255 139612.0 14
1717575879848 139612.0 15
1717575888880 139612.0 16
1717575897826 139612.0 17
1717575906629 139612.0 18
1717575915775 139612.0 19
1717575924951 139612.0 20
1717575934498 139612.0 21
1717575943780 139612.0 22
1717575952506 139612.0 23
1717575961141 139612.0 24
1717575969802 139612.0 25
1717575978384 139612.0 26
1717575987018 139612.0 27
1717575995207 139612.0 28
1717576003771 139612.0 29
1717576012278 139612.0 30
1717576020854 139612.0 31
1717576029620 139612.0 32
1717576038668 139612.0 33
1717576047150 139612.0 34
1717576055779 139612.0 35
1717576064433 139612.0 36
1717576072963 139612.0 37
1717576081536 139612.0 38
1717576090246 139612.0 39
1717576098406 139612.0 40
1717576106933 139612.0 41
1717576115028 139612.0 42
1717576123802 139612.0 43
1717576132485 139612.0 44
1717576140898 139612.0 45
1717576149207 139612.0 46
1717576157779 139612.0 47
1717576166269 139612.0 48
1717576174550 139612.0 49
1717576182633 139612.0 50
1717576191221 139612.0 51
1717576199481 139612.0 52
1717576207806 139612.0 53
1717576216011 139612.0 54
1717576224262 139612.0 55
1717576232580 139612.0 56
1717576240731 139612.0 57
1717576248887 139612.0 58
1717576257134 139612.0 59
1717576265323 139612.0 60
1717576273711 139612.0 61
1717576282295 139612.0 62
1717576290579 139612.0 63
1717576298733 139612.0 64
1717576307813 139612.0 65
1717576316276 139612.0 66
1717576324655 139612.0 67
1717576333080 139612.0 68
1717576341388 139612.0 69
1717576349819 139612.0 70
1717576358266 139612.0 71
1717576366755 139612.0 72
1717576375080 139612.0 73
1717576383457 139612.0 74
1717576391729 139612.0 75
1717576400227 139612.0 76
1717576408692 139612.0 77
1717576417483 139612.0 78
1717576425837 139612.0 79
1717576434828 128504.0 80
1717576443036 131364.0 81
1717576451477 117994.0 82
1717576460637 130552.0 83
1717576469606 127768.0 84
1717576478658 139612.0 85
1717576487357 139612.0 86
1717576496719 139612.0 87
1717576505904 139612.0 88
1717576515360 139612.0 89
1717576524917 139612.0 90
1717576535026 139612.0 91
1717576544934 139612.0 92
1717576554831 139612.0 93
1717576564155 139612.0 94
1717576574774 139612.0 95
1717576589041 139612.0 96
1717576600055 139612.0 97
1717576610550 139612.0 98
1717576621082 139612.0 99
