1717523223565 0.688853310307373 1
1717523224168 0.7138498201160997 2
1717523224795 0.8388321096600264 3
1717523225440 0.7594229378760975 4
1717523226094 0.756137125381926 5
1717523226713 0.7958920370473233 6
1717523227344 0.8764214667992914 7
1717523227970 0.8922094674743609 8
1717523228586 0.8933517687395212 9
1717523229187 0.8952937412877245 10
1717523229805 0.9017038834144514 11
1717523230460 0.9098975761753699 12
1717523231089 0.9127450672344212 13
1717523231729 0.9138112396342551 14
1717523232353 0.9152862726185801 15
1717523232978 0.9167003187493574 16
1717523233780 0.9169154526557899 17
1717523234495 0.9184324951216843 18
1717523235260 0.9198820362035938 19
1717523236043 0.9202496191139165 20
1717523236716 0.9203108520974762 21
1717523237372 0.919957760431623 22
1717523238036 0.9199603408984596 23
1717523238693 0.9202949409547793 24
1717523239330 0.9208200309469396 25
1717523239976 0.9213417677104699 26
1717523240623 0.9215157771313377 27
1717523241267 0.9221872473832373 28
1717523241890 0.9222627524327854 29
1717523242540 0.9223360617217168 30
1717523243191 0.9231010010645634 31
1717523243833 0.923457828718602 32
1717523244487 0.9224960348426009 33
1717523245145 0.9239800902438812 34
1717523245806 0.9246822692596351 35
1717523246445 0.9242264180184113 36
1717523247088 0.9249925458981771 37
1717523247713 0.9264425838317983 38
1717523248370 0.926950599131339 39
1717523249005 0.9278368195449193 40
1717523249680 0.9288532101167476 41
1717523250331 0.9297946629393512 42
1717523250983 0.9305881750837008 43
1717523251671 0.9316582370047285 44
1717523252347 0.9322234131170161 45
1717523253024 0.9328974176161999 46
1717523253680 0.933356311121506 47
1717523254318 0.9346352755823373 48
1717523254979 0.9345751588302041 49
1717523255618 0.9359256206397132 50
1717523256285 0.936116208126577 51
1717523256928 0.9371374896579617 52
1717523257552 0.9377477318633016 53
1717523258197 0.938855975770455 54
1717523258837 0.9396352213264874 55
1717523259496 0.9406555720270728 56
1717523260163 0.9414982878245512 57
1717523260807 0.9424271506229924 58
1717523261422 0.9431453119124683 59
1717523262066 0.9435617814604111 60
1717523262725 0.9443490177053385 61
1717523263400 0.9450076104133731 62
1717523264056 0.9461671771498149 63
1717523264703 0.9465921468805202 64
1717523265419 0.9474816567826856 65
1717523266085 0.9479668221662886 66
1717523266757 0.9486341634440455 67
1717523267403 0.9489195898081071 68
1717523268056 0.9493683339109948 69
1717523268718 0.9496420786374922 70
1717523269373 0.9499886407204359 71
1717523270003 0.9501038826043327 72
1717523270632 0.9506080389268753 73
1717523271269 0.9506372239897147 74
1717523271933 0.9512130592096596 75
1717523272589 0.9517386358460553 76
1717523273242 0.9521390811933538 77
1717523273905 0.9523038624309085 78
1717523274573 0.952731709540037 79
1717523275216 0.9527574027366439 80
1717523275879 0.9530895340168359 81
1717523276513 0.9533152719460783 82
1717523277162 0.9535009363682357 83
1717523277839 0.9537234369202544 84
1717523278475 0.9542369935030204 85
1717523279138 0.9544907504971801 86
1717523279808 0.9549329455131212 87
1717523280432 0.9551258490153337 88
1717523281083 0.9552910875352226 89
1717523281747 0.9555029288246774 90
1717523282409 0.9557744523658159 91
1717523283078 0.9558959541630411 92
1717523283706 0.9562119959319271 93
1717523284344 0.9563241858519823 94
1717523284966 0.9567175754745066 95
1717523285620 0.9570013985531435 96
1717523286273 0.9570744547933053 97
1717523286922 0.95712901601683 98
1717523287568 0.9574981352027959 99
