1717523223565 0.17853790144992487 1
1717523224168 0.26405858310555763 2
1717523224795 0.2999839821347344 3
1717523225440 0.3333444322871319 4
1717523226094 0.3344489465963959 5
1717523226713 0.3585544524619008 6
1717523227344 0.4489371725455153 7
1717523227970 0.523177067258283 8
1717523228586 0.5299593317185005 9
1717523229187 0.5345676117427824 10
1717523229805 0.5445295746423313 11
1717523230460 0.5736606604405263 12
1717523231089 0.6053211639972655 13
1717523231729 0.6055768780763315 14
1717523232353 0.6115064472222124 15
1717523232978 0.6140700599981369 16
1717523233780 0.6134901664056559 17
1717523234495 0.6229258704588493 18
1717523235260 0.6285601788231785 19
1717523236043 0.6308665481555084 20
1717523236716 0.6322294571490026 21
1717523237372 0.633210677964769 22
1717523238036 0.6334483145479197 23
1717523238693 0.6336382360229665 24
1717523239330 0.6353695680492307 25
1717523239976 0.6349513641939251 26
1717523240623 0.6336041534481962 27
1717523241267 0.6351119502512138 28
1717523241890 0.6373868674272465 29
1717523242540 0.638638597856638 30
1717523243191 0.6360653889673469 31
1717523243833 0.6386820869443637 32
1717523244487 0.6383104024463669 33
1717523245145 0.643843508361493 34
1717523245806 0.6405970669729587 35
1717523246445 0.6421516316607317 36
1717523247088 0.6438018054761926 37
1717523247713 0.651285352986846 38
1717523248370 0.6494866457847797 39
1717523249005 0.6520505673145277 40
1717523249680 0.6578873972062163 41
1717523250331 0.6576235122247612 42
1717523250983 0.6604481956817931 43
1717523251671 0.6604375921487609 44
1717523252347 0.6612987357422876 45
1717523253024 0.6619398341545526 46
1717523253680 0.6634347180517648 47
1717523254318 0.6649680383121022 48
1717523254979 0.6650942345723434 49
1717523255618 0.6678964738311095 50
1717523256285 0.66650817737773 51
1717523256928 0.6669171599774327 52
1717523257552 0.6667614808282532 53
1717523258197 0.6662919624320355 54
1717523258837 0.6664989704563808 55
1717523259496 0.6666627098805197 56
1717523260163 0.6669186096833325 57
1717523260807 0.667616428934727 58
1717523261422 0.6670513239589938 59
1717523262066 0.6662909428499558 60
1717523262725 0.6666339085964142 61
1717523263400 0.6656746374146972 62
1717523264056 0.666810763620844 63
1717523264703 0.6660082526367391 64
1717523265419 0.66690219240975 65
1717523266085 0.6665678885437206 66
1717523266757 0.6670600258906896 67
1717523267403 0.6664430645981692 68
1717523268056 0.66637990570533 69
1717523268718 0.6660896452908446 70
1717523269373 0.6658444358942361 71
1717523270003 0.6664169201022183 72
1717523270632 0.6660789247455828 73
1717523271269 0.6656128501292613 74
1717523271933 0.6664859825434678 75
1717523272589 0.6654180209352497 76
1717523273242 0.6660992227399963 77
1717523273905 0.6659481856485117 78
1717523274573 0.6663077259783557 79
1717523275216 0.6657402592285863 80
1717523275879 0.665794187238726 81
1717523276513 0.6657450673583871 82
1717523277162 0.6654967340610912 83
1717523277839 0.6654865077251588 84
1717523278475 0.6659702827168096 85
1717523279138 0.6657739208160736 86
1717523279808 0.6662152821141579 87
1717523280432 0.6662458626604676 88
1717523281083 0.6658905243157885 89
1717523281747 0.6660163964482368 90
1717523282409 0.6663950908743231 91
1717523283078 0.6659712753206609 92
1717523283706 0.6666488749855929 93
1717523284344 0.6666893971318851 94
1717523284966 0.6669448458173821 95
1717523285620 0.6671654928239885 96
1717523286273 0.6672196702413615 97
1717523286922 0.6670987760596876 98
1717523287568 0.6673981796172738 99
