1717523223565 0.5757942533814465 1
1717523224168 0.5631730116209701 2
1717523224795 0.6988412145001448 3
1717523225440 0.6806727176641328 4
1717523226094 0.6080268201213418 5
1717523226713 0.6375425530850993 6
1717523227344 0.7865851295694187 7
1717523227970 0.8689218401808326 8
1717523228586 0.8731588226401418 9
1717523229187 0.8736390374328623 10
1717523229805 0.8690175674867907 11
1717523230460 0.874805467557371 12
1717523231089 0.8941804219558984 13
1717523231729 0.8940863932475105 14
1717523232353 0.8966903294462367 15
1717523232978 0.8962298061602534 16
1717523233780 0.8953322492780471 17
1717523234495 0.8972183981775539 18
1717523235260 0.8998824247844717 19
1717523236043 0.9008810057422629 20
1717523236716 0.9015909108402347 21
1717523237372 0.9024327376744972 22
1717523238036 0.9026592247789521 23
1717523238693 0.9023375219182526 24
1717523239330 0.9020965853091198 25
1717523239976 0.900941067388528 26
1717523240623 0.9000383601311007 27
1717523241267 0.9000744109486584 28
1717523241890 0.9008333221630329 29
1717523242540 0.9016629777389447 30
1717523243191 0.900382645941555 31
1717523243833 0.9007326617044283 32
1717523244487 0.8992190824718066 33
1717523245145 0.9028688076080768 34
1717523245806 0.8993150907405668 35
1717523246445 0.9012570157195864 36
1717523247088 0.8993334471028472 37
1717523247713 0.9040200074985507 38
1717523248370 0.900781141673359 39
1717523249005 0.9020960799687676 40
1717523249680 0.9044358967491742 41
1717523250331 0.9030762775913542 42
1717523250983 0.9042328362658102 43
1717523251671 0.9029592808206854 44
1717523252347 0.9033986344802515 45
1717523253024 0.9032770046369795 46
1717523253680 0.9040385466876842 47
1717523254318 0.9040879851113838 48
1717523254979 0.9033853961824084 49
1717523255618 0.9049177181280696 50
1717523256285 0.9033483403833049 51
1717523256928 0.903163196621769 52
1717523257552 0.9027145459666325 53
1717523258197 0.9017270728257097 54
1717523258837 0.9012978829227024 55
1717523259496 0.9007078223681262 56
1717523260163 0.9001180932911521 57
1717523260807 0.8999342867192532 58
1717523261422 0.8993520783201243 59
1717523262066 0.898472995202953 60
1717523262725 0.8984110791993046 61
1717523263400 0.8972271593967576 62
1717523264056 0.8970426900325866 63
1717523264703 0.8962383407860345 64
1717523265419 0.8961882811277425 65
1717523266085 0.895595406172756 66
1717523266757 0.8955510012288459 67
1717523267403 0.8950475514262909 68
1717523268056 0.8948238254621524 69
1717523268718 0.8945022116172143 70
1717523269373 0.8942476341055607 71
1717523270003 0.8944516352570747 72
1717523270632 0.8942398664591928 73
1717523271269 0.8935475878182724 74
1717523271933 0.8941396481386257 75
1717523272589 0.8925945475663326 76
1717523273242 0.8930506076337659 77
1717523273905 0.8926070733531695 78
1717523274573 0.892699572202307 79
1717523275216 0.8922918909841696 80
1717523275879 0.892140912562162 81
1717523276513 0.8919179359407219 82
1717523277162 0.8917004743142818 83
1717523277839 0.891527742866023 84
1717523278475 0.89143123284283 85
1717523279138 0.891140822077131 86
1717523279808 0.8910986494739572 87
1717523280432 0.8910381761392132 88
1717523281083 0.8907483690318053 89
1717523281747 0.8906924515155811 90
1717523282409 0.890718420563259 91
1717523283078 0.8903919529945481 92
1717523283706 0.8905371231635256 93
1717523284344 0.8905190605150342 94
1717523284966 0.8903872195618336 95
1717523285620 0.8902472269796069 96
1717523286273 0.89025010058328 97
1717523286922 0.8901632161572908 98
1717523287568 0.8901520155097057 99
