1717523223565 64991.0 1
1717523224168 56937.0 2
1717523224795 69303.0 3
1717523225440 69928.0 4
1717523226094 62276.0 5
1717523226713 64673.0 6
1717523227344 76579.0 7
1717523227970 84987.0 8
1717523228586 85723.0 9
1717523229187 85518.0 10
1717523229805 83509.0 11
1717523230460 83218.0 12
1717523231089 86095.0 13
1717523231729 85907.0 14
1717523232353 85991.0 15
1717523232978 85705.0 16
1717523233780 85534.0 17
1717523234495 85748.0 18
1717523235260 85817.0 19
1717523236043 85976.0 20
1717523236716 86105.0 21
1717523237372 86320.0 22
1717523238036 86352.0 23
1717523238693 86244.0 24
1717523239330 86156.0 25
1717523239976 85883.0 26
1717523240623 85705.0 27
1717523241267 85597.0 28
1717523241890 85775.0 29
1717523242540 85917.0 30
1717523243191 85562.0 31
1717523243833 85553.0 32
1717523244487 85603.0 33
1717523245145 85881.0 34
1717523245806 85265.0 35
1717523246445 85910.0 36
1717523247088 85360.0 37
1717523247713 85856.0 38
1717523248370 85504.0 39
1717523249005 85468.0 40
1717523249680 85679.0 41
1717523250331 85409.0 42
1717523250983 85368.0 43
1717523251671 85071.0 44
1717523252347 84954.0 45
1717523253024 84848.0 46
1717523253680 84761.0 47
1717523254318 84733.0 48
1717523254979 84524.0 49
1717523255618 84482.0 50
1717523256285 84258.0 51
1717523256928 84028.0 52
1717523257552 83817.0 53
1717523258197 83479.0 54
1717523258837 83226.0 55
1717523259496 82945.0 56
1717523260163 82690.0 57
1717523260807 82438.0 58
1717523261422 82217.0 59
1717523262066 81970.0 60
1717523262725 81796.0 61
1717523263400 81485.0 62
1717523264056 81240.0 63
1717523264703 81026.0 64
1717523265419 80859.0 65
1717523266085 80669.0 66
1717523266757 80521.0 67
1717523267403 80374.0 68
1717523268056 80247.0 69
1717523268718 80139.0 70
1717523269373 80019.0 71
1717523270003 80048.0 72
1717523270632 79864.0 73
1717523271269 79803.0 74
1717523271933 79723.0 75
1717523272589 79449.0 76
1717523273242 79412.0 77
1717523273905 79334.0 78
1717523274573 79260.0 79
1717523275216 79194.0 80
1717523275879 79105.0 81
1717523276513 79031.0 82
1717523277162 78958.0 83
1717523277839 78894.0 84
1717523278475 78794.0 85
1717523279138 78704.0 86
1717523279808 78622.0 87
1717523280432 78580.0 88
1717523281083 78502.0 89
1717523281747 78452.0 90
1717523282409 78406.0 91
1717523283078 78327.0 92
1717523283706 78296.0 93
1717523284344 78270.0 94
1717523284966 78192.0 95
1717523285620 78127.0 96
1717523286273 78107.0 97
1717523286922 78081.0 98
1717523287568 78028.0 99
