1717260747287 0.5206569657357192 1
1717260747989 0.5749890571284183 2
1717260748706 0.608605620916794 3
1717260749393 0.5728990893864552 4
1717260750139 0.5749736105866314 5
1717260750854 0.5823417307067101 6
1717260751575 0.5933501584877373 7
1717260752277 0.5926631687253483 8
1717260752980 0.5962267268629877 9
1717260753698 0.5945275966011873 10
1717260754414 0.5979834113921709 11
1717260755148 0.5944059388355667 12
1717260755869 0.5891916211565336 13
1717260756615 0.5914297626788139 14
1717260757362 0.5881313443750522 15
1717260758339 0.5889065438353622 16
1717260759532 0.5876858375398244 17
1717260760373 0.5855893074454135 18
1717260761195 0.586741693997499 19
1717260761930 0.5920230232179586 20
1717260762640 0.5878197797786129 21
1717260763356 0.5993938993578267 22
1717260764085 0.5966902125114222 23
1717260764814 0.6050966633899142 24
1717260765562 0.6085155059921354 25
1717260766273 0.6097043200546924 26
1717260766984 0.6099223014611457 27
1717260767715 0.6083329059688332 28
1717260768438 0.609882728650764 29
1717260769162 0.6202622888540203 30
1717260769886 0.6283383086652895 31
1717260770634 0.6229576684274414 32
1717260771357 0.6245828937543957 33
1717260772083 0.6326656319810191 34
1717260772808 0.6342613798030889 35
1717260773542 0.6349908352878945 36
1717260774258 0.6362306774034936 37
1717260774985 0.637399674797381 38
1717260775719 0.6385282631457594 39
1717260776431 0.6393352784860834 40
1717260777147 0.6389074357513868 41
1717260777895 0.6376613197918743 42
1717260778623 0.6480613727796467 43
1717260779361 0.6552837142427141 44
1717260780111 0.6415884650540543 45
1717260780835 0.6474971795711129 46
1717260781562 0.6446031075694608 47
1717260782262 0.6473280069750549 48
1717260782984 0.6487206564980715 49
1717260783697 0.6491087091128831 50
1717260784435 0.6490819115552203 51
1717260785187 0.6483911476847164 52
1717260785921 0.647733814326445 53
1717260786650 0.6612067748102827 54
1717260787520 0.6684033044539901 55
1717260788276 0.6572597135179068 56
1717260789037 0.6569181544394901 57
1717260789775 0.6569594380769775 58
1717260790515 0.6583605937057511 59
1717260791235 0.661223529538037 60
1717260791961 0.6626758384279479 61
1717260792691 0.6644933812187885 62
1717260793425 0.6702903714529318 63
1717260794174 0.6659404277393134 64
1717260794898 0.6586512975169607 65
1717260795680 0.6643287303258817 66
1717260796433 0.6677264270316476 67
1717260797159 0.667375574868284 68
1717260797928 0.6680104900968661 69
1717260798684 0.6689310308125169 70
1717260799416 0.6693254485984947 71
1717260800213 0.6694080196301535 72
1717260800986 0.6703212628942707 73
1717260801732 0.6756879279689766 74
1717260802469 0.6816885540389671 75
1717260803200 0.6696016170820029 76
1717260803929 0.6710775273007158 77
1717260804654 0.675549213008463 78
1717260805410 0.674984747605982 79
1717260806142 0.6752828114695875 80
1717260806869 0.6761134397691393 81
1717260807604 0.6790438868670691 82
1717260808338 0.6774444543456652 83
1717260809051 0.674796373710242 84
1717260809764 0.6936555033380155 85
1717260810519 0.6804546448811265 86
1717260811243 0.6785414441290623 87
1717260811965 0.6841162203892727 88
1717260812692 0.6808392112571748 89
1717260813421 0.680132981848854 90
1717260814136 0.6809948344820405 91
1717260814879 0.6826879097372007 92
1717260815628 0.6884259368494796 93
1717260816351 0.6841429592318142 94
1717260817076 0.680941762542107 95
1717260817817 0.7025229586994239 96
1717260818535 0.6864673975085054 97
1717260819265 0.685484714878393 98
1717260820015 0.6909146934277096 99
