1716232517886 0.21380607310007244 1
1716232520376 0.27651329686932075 2
1716232522842 0.31670197430594726 3
1716232525268 0.33943128807372014 4
1716232527731 0.3519088740876033 5
1716232530218 0.3702799160693665 6
1716232532678 0.38831603586166774 7
1716232535136 0.40205489107336334 8
1716232537602 0.4139801084636579 9
1716232540037 0.4205786589977006 10
1716232542447 0.43110355000591766 11
1716232544864 0.42696418444832257 12
1716232547329 0.43453980983599194 13
1716232549711 0.4422776405421363 14
1716232552171 0.4476977594355671 15
1716232554592 0.455230797093647 16
1716232557090 0.4600881326454164 17
1716232559558 0.46787390769899984 18
1716232562046 0.47260301934209964 19
1716232564526 0.4763346030298372 20
1716232567018 0.4781541791140871 21
1716232569495 0.48152668980474606 22
1716232571962 0.482424358064772 23
1716232574474 0.48336716470344754 24
1716232576973 0.48545638884342124 25
1716232579455 0.4866689826789508 26
1716232581947 0.48808112923670804 27
1716232584399 0.4882906846393462 28
1716232586854 0.49092145281555144 29
1716232589301 0.4918088005835937 30
1716232591820 0.49293251813178446 31
1716232594275 0.4926844986248641 32
1716232596751 0.4927611368124616 33
1716232599251 0.49448428262824873 34
1716232601735 0.49586063515130807 35
1716232604181 0.4953798893492711 36
1716232606609 0.4978434774180981 37
1716232609104 0.49786740647596 38
1716232611588 0.4988642565398801 39
1716232614079 0.5006217520750764 40
1716232616502 0.5012589961662346 41
1716232618976 0.5016055778256382 42
1716232621425 0.5036085515151326 43
1716232623904 0.504112443733829 44
1716232626328 0.50465449384713 45
1716232628821 0.5054050413911659 46
1716232631313 0.507976242645203 47
1716232633808 0.5086575892215329 48
1716232636309 0.508281482180373 49
1716232638727 0.5094223594265215 50
1716232641124 0.5094233971845076 51
1716232643640 0.5111267993172024 52
1716232646069 0.511921835285399 53
1716232648539 0.5119494338085023 54
1716232650969 0.5128316509559183 55
1716232653378 0.5134391553846311 56
1716232655884 0.5138978202326514 57
1716232658373 0.5141271485733047 58
1716232660853 0.5144314842970505 59
1716232663310 0.5139336412155459 60
1716232665775 0.5147699296396896 61
1716232668327 0.5164047222226305 62
1716232670828 0.5164095783416423 63
1716232673333 0.5160891716708724 64
1716232675824 0.5155991448771623 65
1716232678242 0.5165381835582958 66
1716232680697 0.5169267911352599 67
1716232683152 0.5172220386511764 68
1716232685679 0.5169919667501828 69
1716232688188 0.5184297263937678 70
1716232690682 0.518362346622012 71
1716232693173 0.5187099744482069 72
1716232695608 0.5190948407153877 73
1716232698077 0.5192150226207226 74
1716232700599 0.5195147023315203 75
1716232703097 0.5206932120969446 76
1716232705510 0.5202976642705334 77
1716232707956 0.5204167908519628 78
1716232710439 0.5213502109399899 79
1716232712894 0.5222491188539908 80
1716232715370 0.5224832357914346 81
1716232717839 0.5234220290544909 82
1716232720278 0.5227535850532131 83
1716232722814 0.5244146616618803 84
1716232725265 0.5239662558498384 85
1716232727705 0.5242782469491565 86
1716232730112 0.5247187840354364 87
1716232732599 0.5253279234279853 88
1716232735027 0.5245640498513295 89
1716232737523 0.5259120777430694 90
1716232740027 0.525860488732665 91
1716232742518 0.5260287526466717 92
1716232744994 0.526645342124197 93
1716232747486 0.5253067152191855 94
1716232749887 0.5261755626178038 95
1716232752357 0.5258229465515303 96
1716232754856 0.5270118602082802 97
1716232757319 0.527168095437357 98
1716232759808 0.5256495792105647 99
