1717332657393 314732.0 1
1717332660569 352478.0 2
1717332663968 352478.0 3
1717332667269 352478.0 4
1717332670418 352478.0 5
1717332673574 352478.0 6
1717332676764 352478.0 7
1717332679936 352478.0 8
1717332683107 352478.0 9
1717332686265 352478.0 10
1717332689446 352478.0 11
1717332692633 352478.0 12
1717332696667 352478.0 13
1717332699851 352478.0 14
1717332703054 352478.0 15
1717332706241 352478.0 16
1717332709357 352478.0 17
1717332712588 352478.0 18
1717332715837 352478.0 19
1717332718991 352478.0 20
1717332722198 352478.0 21
1717332725444 352478.0 22
1717332729306 352476.0 23
1717332732536 352467.0 24
1717332735768 352300.0 25
1717332738950 352126.0 26
1717332742297 351873.0 27
1717332745550 351863.0 28
1717332748745 351457.0 29
1717332751984 350974.0 30
1717332755189 350722.0 31
1717332758314 350098.0 32
1717332762208 350062.0 33
1717332765471 348075.0 34
1717332768778 348589.0 35
1717332771977 346894.0 36
1717332775023 346143.0 37
1717332778273 344745.0 38
1717332781499 346578.0 39
1717332784747 345490.0 40
1717332788554 346050.0 41
1717332791986 345385.0 42
1717332795242 345451.0 43
1717332798442 345039.0 44
1717332801661 344691.0 45
1717332804746 344754.0 46
1717332807977 344505.0 47
1717332811187 343890.0 48
1717332814384 343992.0 49
1717332817584 343598.0 50
1717332820769 343499.0 51
1717332823990 343381.0 52
1717332827199 341948.0 53
1717332830392 342727.0 54
1717332833600 342766.0 55
1717332836782 342702.0 56
1717332839962 342228.0 57
1717332843152 342225.0 58
1717332846863 341488.0 59
1717332850042 341571.0 60
1717332853258 341690.0 61
1717332856479 341589.0 62
1717332859697 341434.0 63
1717332862907 341141.0 64
1717332866123 341348.0 65
1717332869405 341159.0 66
1717332872628 340933.0 67
1717332875906 340475.0 68
1717332879680 340259.0 69
1717332883107 340074.0 70
1717332886107 339734.0 71
1717332889307 339842.0 72
1717332892497 339555.0 73
1717332895658 339799.0 74
1717332898738 339690.0 75
1717332901920 339891.0 76
1717332905044 339566.0 77
1717332908267 339692.0 78
1717332912070 339517.0 79
1717332915460 339164.0 80
1717332918678 339781.0 81
1717332921868 338730.0 82
1717332925075 339413.0 83
1717332928271 339619.0 84
1717332931474 339125.0 85
1717332934671 338860.0 86
1717332937865 338679.0 87
1717332941115 338526.0 88
1717332944685 338619.0 89
1717332948192 338833.0 90
1717332951375 338091.0 91
1717332954592 338267.0 92
1717332957767 337721.0 93
1717332960919 338450.0 94
1717332964122 338111.0 95
1717332967741 337952.0 96
1717332971049 337836.0 97
1717332974291 337982.0 98
1717332977527 337683.0 99
