1709663417410 0.6847586631774902 1
1709663417580 0.34081751108169556 2
1709663417768 0.2833822965621948 3
1709663417950 0.26406869292259216 4
1709663418171 0.24977242946624756 5
1709663418374 0.2385290116071701 6
1709663418560 0.23350593447685242 7
1709663418755 0.23010222613811493 8
1709663418945 0.222368985414505 9
1709663419151 0.21584215760231018 10
1709663419335 0.21428647637367249 11
1709663419520 0.21229207515716553 12
1709663419702 0.21018250286579132 13
1709663419884 0.2106921225786209 14
