1717256507310 0.8073115628732062 1
1717256509690 0.8066914204655596 2
1717256512087 0.8066914204655596 3
1717256514637 0.8066914204655596 4
1717256517175 0.8066914204655596 5
1717256519561 0.8066914204655596 6
1717256521960 0.8066914204655596 7
1717256524418 0.8066914204655596 8
1717256526836 0.8066914204655596 9
1717256529274 0.8066914204655596 10
1717256531859 0.8066914204655596 11
1717256534628 0.8066914204655596 12
1717256537304 0.8066914204655596 13
1717256539720 0.8066914204655596 14
1717256542187 0.8066914204655596 15
1717256544808 0.8066914204655596 16
1717256547725 0.8066914204655596 17
1717256550433 0.8066914204655596 18
1717256552896 0.8066914204655596 19
1717256555367 0.8066914204655596 20
1717256557823 0.8066914204655596 21
1717256560397 0.8066914204655596 22
1717256562896 0.8066914204655596 23
1717256565418 0.8066914204655596 24
1717256567919 0.8066914204655596 25
1717256570559 0.8067090608085116 26
1717256573587 0.8066914204655596 27
1717256576385 0.8068376307085421 28
1717256579031 0.806848248938032 29
1717256581932 0.8066914204655596 30
1717256584889 0.8066880768400155 31
1717256587411 0.806811255303337 32
1717256590927 0.8106868219327753 33
1717256593754 0.8087699719806378 34
1717256596342 0.8106883360828113 35
1717256599658 0.8106401858894647 36
1717256602254 0.8133748129759664 37
1717256605007 0.8155794680637269 38
1717256607454 0.8180845647828844 39
1717256609918 0.8201650411112746 40
1717256612552 0.8214234384964119 41
1717256615176 0.8202218565911381 42
1717256617745 0.8185257043139822 43
1717256620397 0.8155561323570968 44
1717256622877 0.711823495842822 45
1717256625440 0.8066914204655596 46
1717256628065 0.8066914204655596 47
1717256630569 0.8066914204655596 48
1717256633127 0.8066914204655596 49
1717256635722 0.8066914204655596 50
1717256638217 0.8066914204655596 51
1717256640677 0.8066914204655596 52
1717256643164 0.8066914204655596 53
1717256645682 0.8066914204655596 54
1717256648270 0.8066914204655596 55
1717256650835 0.8104546856751745 56
1717256653267 0.8066914204655596 57
1717256655790 0.8066914204655596 58
1717256658375 0.8066914204655596 59
1717256660968 0.8066914204655596 60
1717256663616 0.8066914204655596 61
1717256666996 0.8075318283108386 62
1717256669685 0.8075897831886701 63
1717256672172 0.8066914204655596 64
1717256674686 0.8066914204655596 65
1717256677152 0.8066914204655596 66
1717256679643 0.8066914204655596 67
1717256682105 0.8124284755583768 68
1717256684510 0.8066914204655596 69
1717256686996 0.8066914204655596 70
1717256689516 0.8066914204655596 71
1717256691919 0.8066914204655596 72
1717256694319 0.8066914204655596 73
1717256696742 0.8066914204655596 74
1717256699169 0.8066914204655596 75
1717256701593 0.8066914204655596 76
1717256704013 0.8066914204655596 77
1717256706503 0.8066914204655596 78
1717256708950 0.8066914204655596 79
1717256711424 0.8066914204655596 80
1717256713969 0.8067090608085116 81
1717256716400 0.8069406498769605 82
1717256718806 0.8085477618885302 83
1717256721300 0.8102667650939149 84
1717256723831 0.8069126993719369 85
1717256726308 0.8067090608085116 86
1717256728798 0.8066914204655596 87
1717256731261 0.8066914204655596 88
1717256733778 0.8066914204655596 89
1717256736269 0.8067090608085116 90
1717256738694 0.8067037873965077 91
1717256741108 0.8067813230600986 92
1717256743740 0.8100880952280968 93
1717256746260 0.8138952767135827 94
1717256748917 0.8130477452632306 95
1717256751400 0.8066914204655596 96
1717256754415 0.8084026935918727 97
1717256756938 0.8066914204655596 98
1717256759524 0.8066914204655596 99
