1717256507310 0.1603090515623558 1
1717256509690 0.0 2
1717256512087 0.0 3
1717256514637 0.0 4
1717256517175 0.0 5
1717256519561 0.0 6
1717256521960 0.0 7
1717256524418 0.0 8
1717256526836 0.0 9
1717256529274 0.0 10
1717256531859 0.0 11
1717256534628 0.0 12
1717256537304 0.0 13
1717256539720 0.0 14
1717256542187 0.0 15
1717256544808 0.0 16
1717256547725 0.0 17
1717256550433 0.0 18
1717256552896 0.0 19
1717256555367 0.0 20
1717256557823 0.0 21
1717256560397 0.0 22
1717256562896 0.0 23
1717256565418 0.0 24
1717256567919 0.0 25
1717256570559 0.05 26
1717256573587 0.0 27
1717256576385 0.06490384615384616 28
1717256579031 0.06473214285714286 29
1717256581932 0.0 30
1717256584889 0.017857142857142856 31
1717256587411 0.061170212765957445 32
1717256590927 0.06440548780487805 33
1717256593754 0.11487052906110283 34
1717256596342 0.25724537553045423 35
1717256599658 0.17095196601010554 36
1717256602254 0.2560028198010924 37
1717256605007 0.2510634339205768 38
1717256607454 0.2633495056867486 39
1717256609918 0.26550440684687193 40
1717256612552 0.3432915813856696 41
1717256615176 0.3738057802540947 42
1717256617745 0.5016067372335358 43
1717256620397 0.3053140016754422 44
1717256622877 0.18008768647716608 45
1717256625440 0.0 46
1717256628065 0.0 47
1717256630569 0.0 48
1717256633127 0.0 49
1717256635722 0.0 50
1717256638217 0.0 51
1717256640677 0.0 52
1717256643164 0.0 53
1717256645682 0.0 54
1717256648270 0.0 55
1717256650835 0.06393884892086331 56
1717256653267 0.0 57
1717256655790 0.0 58
1717256658375 0.0 59
1717256660968 0.0 60
1717256663616 0.0 61
1717256666996 0.058084239130434784 62
1717256669685 0.05043436293436294 63
1717256672172 0.0 64
1717256674686 0.0 65
1717256677152 0.0 66
1717256679643 0.0 67
1717256682105 0.1964038410079479 68
1717256684510 0.0 69
1717256686996 0.0 70
1717256689516 0.0 71
1717256691919 0.0 72
1717256694319 0.0 73
1717256696742 0.0 74
1717256699169 0.0 75
1717256701593 0.0 76
1717256704013 0.0 77
1717256706503 0.0 78
1717256708950 0.0 79
1717256711424 0.0 80
1717256713969 0.05 81
1717256716400 0.0625 82
1717256718806 0.06345274390243902 83
1717256721300 0.18588979762276345 84
1717256723831 0.09720843672456575 85
1717256726308 0.05 86
1717256728798 0.0 87
1717256731261 0.0 88
1717256733778 0.0 89
1717256736269 0.05 90
1717256738694 0.046875 91
1717256741108 0.057692307692307696 92
1717256743740 0.1640282471684326 93
1717256746260 0.3317865526720265 94
1717256748917 0.33986705194193245 95
1717256751400 0.0 96
1717256754415 0.06210567823343849 97
1717256756938 0.0 98
1717256759524 0.0 99
