1717256507310 90810.0 1
1717256509690 90810.0 2
1717256512087 90810.0 3
1717256514637 90810.0 4
1717256517175 90810.0 5
1717256519561 90810.0 6
1717256521960 90810.0 7
1717256524418 90810.0 8
1717256526836 90810.0 9
1717256529274 90810.0 10
1717256531859 90810.0 11
1717256534628 90810.0 12
1717256537304 90810.0 13
1717256539720 90810.0 14
1717256542187 90810.0 15
1717256544808 90810.0 16
1717256547725 90810.0 17
1717256550433 90810.0 18
1717256552896 90810.0 19
1717256555367 90810.0 20
1717256557823 90810.0 21
1717256560397 90810.0 22
1717256562896 90810.0 23
1717256565418 90810.0 24
1717256567919 90810.0 25
1717256570559 90810.0 26
1717256573587 90810.0 27
1717256576385 90810.0 28
1717256579031 90810.0 29
1717256581932 90810.0 30
1717256584889 90810.0 31
1717256587411 90810.0 32
1717256590927 90810.0 33
1717256593754 90810.0 34
1717256596342 90810.0 35
1717256599658 90810.0 36
1717256602254 90810.0 37
1717256605007 90810.0 38
1717256607454 90810.0 39
1717256609918 90810.0 40
1717256612552 90810.0 41
1717256615176 90810.0 42
1717256617745 90810.0 43
1717256620397 90810.0 44
1717256622877 90810.0 45
1717256625440 90810.0 46
1717256628065 90810.0 47
1717256630569 90810.0 48
1717256633127 90810.0 49
1717256635722 90810.0 50
1717256638217 90810.0 51
1717256640677 90810.0 52
1717256643164 90810.0 53
1717256645682 90810.0 54
1717256648270 90810.0 55
1717256650835 90810.0 56
1717256653267 90810.0 57
1717256655790 90810.0 58
1717256658375 90810.0 59
1717256660968 90810.0 60
1717256663616 90810.0 61
1717256666996 90810.0 62
1717256669685 90810.0 63
1717256672172 90810.0 64
1717256674686 90810.0 65
1717256677152 90810.0 66
1717256679643 90810.0 67
1717256682105 90810.0 68
1717256684510 90810.0 69
1717256686996 90810.0 70
1717256689516 90810.0 71
1717256691919 90810.0 72
1717256694319 90810.0 73
1717256696742 90810.0 74
1717256699169 90810.0 75
1717256701593 90810.0 76
1717256704013 90810.0 77
1717256706503 90810.0 78
1717256708950 90810.0 79
1717256711424 90810.0 80
1717256713969 90810.0 81
1717256716400 90810.0 82
1717256718806 90810.0 83
1717256721300 90810.0 84
1717256723831 90810.0 85
1717256726308 90810.0 86
1717256728798 90810.0 87
1717256731261 90810.0 88
1717256733778 90810.0 89
1717256736269 90810.0 90
1717256738694 90810.0 91
1717256741108 90810.0 92
1717256743740 90810.0 93
1717256746260 90810.0 94
1717256748917 90810.0 95
1717256751400 90810.0 96
1717256754415 90810.0 97
1717256756938 90810.0 98
1717256759524 90810.0 99
