1717258860853 0.19275080443127673 1
1717258863015 0.20617706824545212 2
1717258865148 0.21252182596045543 3
1717258867282 0.20784580487065205 4
1717258869390 0.24695214519154068 5
1717258871456 0.20122939081297928 6
1717258873574 0.2210685308119301 7
1717258875676 0.2558978551765986 8
1717258877696 0.36792808936190335 9
1717258879697 0.2743723387362887 10
1717258881854 0.19788084502973505 11
1717258883906 0.21590920659542945 12
1717258885980 0.22505942599811465 13
1717258888017 0.2995400496376183 14
1717258890141 0.2500034612281548 15
1717258892281 0.28634617282785246 16
1717258894525 0.2286305767875335 17
1717258896733 0.31557567598503666 18
1717258898876 0.3322227732858008 19
1717258901194 0.2845679300360251 20
1717258904751 0.33384795132496276 21
1717258907426 0.31781185650357546 22
1717258909755 0.23461883531844585 23
1717258911798 0.3052972702928435 24
1717258913976 0.30758070532633147 25
1717258916004 0.28184896721332947 26
1717258918085 0.30155016940930907 27
1717258920177 0.30553435758647984 28
1717258923127 0.32573111186949155 29
1717258927559 0.3182817788355114 30
1717258930151 0.22547112072184397 31
1717258932587 0.36576809753414946 32
1717258934538 0.3577534041145045 33
1717258936733 0.21398892745879705 34
1717258938699 0.3175384893457649 35
1717258940686 0.26029320231277686 36
1717258942762 0.2001851851851852 37
1717258944560 0.2767973137973138 38
1717258946463 0.3086753246753247 39
1717258948296 0.230214041478925 40
1717258950166 0.1636789665361094 41
1717258952139 0.3337810337810338 42
1717258954230 0.412764339299427 43
1717258956242 0.33601574351574354 44
1717258958360 0.38218216649251135 45
1717258960287 0.2789656938044035 46
1717258962183 0.3266666666666667 47
1717258964055 0.35328042328042325 48
1717258965952 0.5830545151893466 49
1717258967911 0.3055555555555555 50
1717258969936 0.42833333333333334 51
1717258971987 0.4046825396825397 52
1717258976249 0.47154557455165974 53
1717258978382 0.5384936350777935 54
1717258980456 0.2852097887903514 55
1717258982412 0.33810256410256406 56
1717258984649 0.4554656615526181 57
1717258986856 0.4661412369307106 58
1717258988863 0.3404632773098887 59
1717258990999 0.4901289476631942 60
1717258992919 0.32624891305376646 61
1717258994888 0.43779533740994186 62
1717258997457 0.42300585979578337 63
1717258999621 0.5192541646519975 64
1717259001923 0.3801324192297823 65
1717259004558 0.44015177319174514 66
1717259007633 0.3281670261325774 67
1717259009657 0.37016886673040816 68
1717259011633 0.3340835760688442 69
1717259013718 0.4165770360947049 70
1717259015871 0.3946311393163288 71
1717259017851 0.42170347057007723 72
1717259020101 0.4547668116692225 73
1717259022125 0.4733872424435447 74
1717259024080 0.4399735227833093 75
1717259026215 0.46270512732847313 76
1717259028179 0.4765746560298413 77
1717259030112 0.47779747184706584 78
1717259032144 0.4643926233429428 79
1717259034074 0.48592146737793546 80
1717259036199 0.464363860877582 81
1717259038088 0.4638219242138878 82
1717259039941 0.49645461624805354 83
1717259041958 0.47815856669586576 84
1717259043883 0.4645760054844294 85
1717259045820 0.5440010144605988 86
1717259048104 0.4987852181643014 87
1717259050662 0.5239611238384728 88
1717259052758 0.5419105307780175 89
1717259055146 0.5647744414513011 90
1717259057141 0.5512199444523613 91
1717259059119 0.5608026666737873 92
1717259061105 0.5610583932472896 93
1717259063124 0.5821097427964621 94
1717259065056 0.5846953948192505 95
1717259066954 0.591108495166027 96
1717259068870 0.5918255865267698 97
1717259070836 0.6010656153761319 98
1717259072788 0.5912485165589761 99
