1717258860853 1.0767595767974854 1
1717258863015 0.7714487910270691 2
1717258865148 0.6280521750450134 3
1717258867282 0.5555831789970398 4
1717258869390 0.510252058506012 5
1717258871456 0.5077277421951294 6
1717258873574 0.504656970500946 7
1717258875676 0.4986947476863861 8
1717258877696 0.49422064423561096 9
1717258879697 0.4944728910923004 10
1717258881854 0.5088398456573486 11
1717258883906 0.5083192586898804 12
1717258885980 0.5008928775787354 13
1717258888017 0.4952068328857422 14
1717258890141 0.49388495087623596 15
1717258892281 0.49208489060401917 16
1717258894525 0.48828548192977905 17
1717258896733 0.4890604019165039 18
1717258898876 0.4852560758590698 19
1717258901194 0.48891061544418335 20
1717258904751 0.4840086102485657 21
1717258907426 0.4839852750301361 22
1717258909755 0.48582419753074646 23
1717258911798 0.4918208718299866 24
1717258913976 0.4956912696361542 25
1717258916004 0.486608624458313 26
1717258918085 0.4837818145751953 27
1717258920177 0.48289796710014343 28
1717258923127 0.48151668906211853 29
1717258927559 0.48109641671180725 30
1717258930151 0.4806777834892273 31
1717258932587 0.48291411995887756 32
1717258934538 0.484193354845047 33
1717258936733 0.48352929949760437 34
1717258938699 0.4838523268699646 35
1717258940686 0.4831690788269043 36
1717258942762 0.47652721405029297 37
1717258944560 0.47542130947113037 38
1717258946463 0.47451725602149963 39
1717258948296 0.47499313950538635 40
1717258950166 0.4746150076389313 41
1717258952139 0.47261568903923035 42
1717258954230 0.47321000695228577 43
1717258956242 0.47252658009529114 44
1717258958360 0.4728741943836212 45
1717258960287 0.4726294279098511 46
1717258962183 0.4735845923423767 47
1717258964055 0.47150230407714844 48
1717258965952 0.4714497923851013 49
1717258967911 0.4708823561668396 50
1717258969936 0.46989721059799194 51
1717258971987 0.4699628949165344 52
1717258976249 0.47148969769477844 53
1717258978382 0.471082866191864 54
1717258980456 0.47265347838401794 55
1717258982412 0.47158777713775635 56
1717258984649 0.47208544611930847 57
1717258986856 0.47182443737983704 58
1717258988863 0.4724230170249939 59
1717258990999 0.4710002541542053 60
1717258992919 0.4698824882507324 61
1717258994888 0.47001907229423523 62
1717258997457 0.4709429144859314 63
1717258999621 0.4701443910598755 64
1717259001923 0.47064173221588135 65
1717259004558 0.469908207654953 66
1717259007633 0.469808429479599 67
1717259009657 0.46888378262519836 68
1717259011633 0.46818673610687256 69
1717259013718 0.46627071499824524 70
1717259015871 0.46760809421539307 71
1717259017851 0.466714084148407 72
1717259020101 0.4662592113018036 73
1717259022125 0.4660525918006897 74
1717259024080 0.46772968769073486 75
1717259026215 0.4654107987880707 76
1717259028179 0.4653396010398865 77
1717259030112 0.46667584776878357 78
1717259032144 0.4663265645503998 79
1717259034074 0.4650661051273346 80
1717259036199 0.46594688296318054 81
1717259038088 0.46628323197364807 82
1717259039941 0.46419593691825867 83
1717259041958 0.46532678604125977 84
1717259043883 0.46609267592430115 85
1717259045820 0.46611472964286804 86
1717259048104 0.4670329689979553 87
1717259050662 0.4643268287181854 88
1717259052758 0.4616377055644989 89
1717259055146 0.4637461006641388 90
1717259057141 0.4630036950111389 91
1717259059119 0.46442681550979614 92
1717259061105 0.46306562423706055 93
1717259063124 0.4626106023788452 94
1717259065056 0.46325281262397766 95
1717259066954 0.46112290024757385 96
1717259068870 0.46199557185173035 97
1717259070836 0.4624636471271515 98
1717259072788 0.46297895908355713 99
