1717258860853 57586.0 1
1717258863015 71322.0 2
1717258865148 89437.0 3
1717258867282 100168.0 4
1717258869390 108720.0 5
1717258871456 109478.0 6
1717258873574 110475.0 7
1717258875676 110584.0 8
1717258877696 110931.0 9
1717258879697 110983.0 10
1717258881854 108877.0 11
1717258883906 108709.0 12
1717258885980 110158.0 13
1717258888017 111238.0 14
1717258890141 110918.0 15
1717258892281 111177.0 16
1717258894525 111585.0 17
1717258896733 111336.0 18
1717258898876 111755.0 19
1717258901194 111676.0 20
1717258904751 111963.0 21
1717258907426 111737.0 22
1717258909755 111585.0 23
1717258911798 111457.0 24
1717258913976 111006.0 25
1717258916004 111851.0 26
1717258918085 112045.0 27
1717258920177 111916.0 28
1717258923127 112031.0 29
1717258927559 112094.0 30
1717258930151 112138.0 31
1717258932587 112026.0 32
1717258934538 111781.0 33
1717258936733 111924.0 34
1717258938699 111889.0 35
1717258940686 112144.0 36
1717258942762 112339.0 37
1717258944560 112244.0 38
1717258946463 112306.0 39
1717258948296 112106.0 40
1717258950166 112179.0 41
1717258952139 112321.0 42
1717258954230 112283.0 43
1717258956242 112228.0 44
1717258958360 112235.0 45
1717258960287 112315.0 46
1717258962183 112309.0 47
1717258964055 112349.0 48
1717258965952 112258.0 49
1717258967911 112366.0 50
1717258969936 112318.0 51
1717258971987 112267.0 52
1717258976249 112252.0 53
1717258978382 112211.0 54
1717258980456 112214.0 55
1717258982412 112216.0 56
1717258984649 112227.0 57
1717258986856 112233.0 58
1717258988863 112044.0 59
1717258990999 112111.0 60
1717258992919 112115.0 61
1717258994888 112047.0 62
1717258997457 112037.0 63
1717258999621 112124.0 64
1717259001923 112081.0 65
1717259004558 112132.0 66
1717259007633 112099.0 67
1717259009657 112113.0 68
1717259011633 112094.0 69
1717259013718 111905.0 70
1717259015871 111716.0 71
1717259017851 111561.0 72
1717259020101 111153.0 73
1717259022125 111132.0 74
1717259024080 110822.0 75
1717259026215 110711.0 76
1717259028179 110564.0 77
1717259030112 110431.0 78
1717259032144 110397.0 79
1717259034074 110576.0 80
1717259036199 110475.0 81
1717259038088 110486.0 82
1717259039941 110572.0 83
1717259041958 110501.0 84
1717259043883 110060.0 85
1717259045820 110558.0 86
1717259048104 110579.0 87
1717259050662 110476.0 88
1717259052758 110358.0 89
1717259055146 110243.0 90
1717259057141 109949.0 91
1717259059119 109888.0 92
1717259061105 109861.0 93
1717259063124 109561.0 94
1717259065056 109747.0 95
1717259066954 109521.0 96
1717259068870 109285.0 97
1717259070836 109437.0 98
1717259072788 109311.0 99
