1717930646146 0.2912487945998071 1
1717930649271 0.40149469623915135 2
1717930652367 0.4338235294117647 3
1717930655486 0.33395612343297976 4
1717930658610 0.31477820636451304 5
1717930661933 0.3219262295081967 6
1717930665113 0.36162005785920925 7
1717930668160 0.4081485053037609 8
1717930671308 0.43431774349083896 9
1717930674633 0.4520732883317261 10
1717930677944 0.46053519768563167 11
1717930681248 0.4663090646094503 12
1717930684545 0.47305930568948895 13
1717930687887 0.4828833172613307 14
1717930690917 0.4920323047251688 15
1717930694189 0.5036523625843781 16
