1717930646146 0.8337304457324877 1
1717930649271 0.841852285342288 2
1717930652367 0.832002439061989 3
1717930655486 0.8283405043709593 4
1717930658610 0.8230086642895847 5
1717930661933 0.8248290600223587 6
1717930665113 0.8311055002612339 7
1717930668160 0.8371514166405785 8
1717930671308 0.8425747385594594 9
1717930674633 0.8468377127137897 10
1717930677944 0.8510374273277582 11
1717930681248 0.8551281254171638 12
1717930684545 0.8592427360086775 13
1717930687887 0.8638542476347326 14
1717930690917 0.8686620906892586 15
1717930694189 0.8728810694911792 16
