1717930646146 1.244606852531433 1
1717930649271 1.1211965084075928 2
1717930652367 1.047651767730713 3
1717930655486 0.9690878391265869 4
1717930658610 0.8930212259292603 5
1717930661933 0.8379110097885132 6
1717930665113 0.797766387462616 7
1717930668160 0.7642709612846375 8
1717930671308 0.736760139465332 9
1717930674633 0.7142888307571411 10
1717930677944 0.6948689818382263 11
1717930681248 0.6765936613082886 12
1717930684545 0.6585461497306824 13
1717930687887 0.6407719850540161 14
1717930690917 0.6237044930458069 15
1717930694189 0.6071275472640991 16
