1717442656655 0.20494753122329712 1
1717442657328 0.22789804637432098 2
1717442657902 0.2311054766178131 3
1717442658494 0.24549318850040436 4
1717442659111 0.25777968764305115 5
1717442659721 0.26807981729507446 6
1717442660321 0.2744022011756897 7
1717442660978 0.2820288836956024 8
1717442661578 0.28702881932258606 9
1717442662192 0.29180148243904114 10
1717442662798 0.29713863134384155 11
1717442663388 0.29837384819984436 12
1717442663996 0.3042828142642975 13
1717442664587 0.30710190534591675 14
1717442665209 0.3135777711868286 15
1717442665829 0.3221219480037689 16
1717442666429 0.3197952210903168 17
1717442667054 0.3304932117462158 18
1717442667688 0.3344636857509613 19
1717442668308 0.34444066882133484 20
1717442668922 0.34213119745254517 21
1717442669540 0.3484756350517273 22
1717442670144 0.3558143079280853 23
1717442670793 0.3650625944137573 24
1717442671440 0.3669455051422119 25
1717442672106 0.3571644723415375 26
1717442672768 0.365621417760849 27
1717442673403 0.3755512237548828 28
1717442674021 0.38565465807914734 29
1717442674619 0.39141857624053955 30
1717442675242 0.38401544094085693 31
1717442675873 0.401240736246109 32
1717442676531 0.39896970987319946 33
1717442677132 0.4028001129627228 34
1717442677729 0.4126666784286499 35
1717442678368 0.41179579496383667 36
1717442678973 0.41789510846138 37
1717442679598 0.41723036766052246 38
1717442680212 0.43220674991607666 39
1717442680827 0.4315832257270813 40
1717442681453 0.43360579013824463 41
1717442682050 0.4383189082145691 42
1717442682652 0.4372062683105469 43
1717442683277 0.44566094875335693 44
1717442683876 0.4451688528060913 45
1717442684495 0.44769930839538574 46
1717442685099 0.4463212192058563 47
1717442685698 0.4550875425338745 48
1717442686306 0.4524330496788025 49
1717442686904 0.4515608549118042 50
1717442687539 0.4510706961154938 51
1717442688148 0.46885567903518677 52
1717442688744 0.46025556325912476 53
1717442689360 0.4662657380104065 54
1717442689968 0.46434009075164795 55
1717442690557 0.46508848667144775 56
1717442691161 0.47166356444358826 57
1717442691764 0.4723552167415619 58
1717442692394 0.4684857130050659 59
1717442692990 0.4675198793411255 60
1717442693580 0.48268768191337585 61
1717442694205 0.4776840806007385 62
1717442694803 0.46788445115089417 63
1717442695410 0.4756647050380707 64
1717442696027 0.4792739152908325 65
1717442696641 0.47496485710144043 66
1717442697259 0.48421353101730347 67
1717442697866 0.49152255058288574 68
1717442698494 0.49869924783706665 69
1717442699096 0.4943934679031372 70
1717442699730 0.49495941400527954 71
1717442700364 0.48693737387657166 72
1717442701016 0.5019289255142212 73
1717442701628 0.502692699432373 74
1717442702231 0.5034431219100952 75
1717442702839 0.5054616928100586 76
1717442703451 0.5065194964408875 77
1717442704065 0.50413578748703 78
1717442704679 0.5041792392730713 79
1717442705297 0.5065481662750244 80
1717442706174 0.5008746981620789 81
1717442706789 0.5090380907058716 82
1717442707462 0.5129556655883789 83
1717442708096 0.5097053647041321 84
1717442708760 0.5164090394973755 85
1717442709416 0.5156728625297546 86
1717442710112 0.518832802772522 87
1717442710765 0.518031895160675 88
1717442711406 0.5237006545066833 89
1717442712072 0.5235239267349243 90
1717442712722 0.5293437838554382 91
1717442713393 0.5353817343711853 92
1717442714046 0.5371937155723572 93
1717442714711 0.5377028584480286 94
1717442715376 0.5371166467666626 95
1717442716021 0.5456333160400391 96
1717442716674 0.5403046011924744 97
1717442717326 0.5490116477012634 98
1717442717973 0.5589987635612488 99
