1717338123588 0.6465309801876197 1
1717338127450 0.708313273341977 2
1717338131301 0.7153143498231619 3
1717338135344 0.7162411002669875 4
1717338139098 0.757680762110248 5
1717338143104 0.7299408354055884 6
1717338146893 0.7432720848347164 7
1717338150845 0.7595322497767634 8
1717338154714 0.7764870234076621 9
1717338158500 0.7739464133071737 10
1717338162309 0.7530085740561663 11
1717338166149 0.7550279524222163 12
1717338169901 0.7639531912952113 13
1717338173685 0.7810551055906674 14
1717338177536 0.7823572325202709 15
1717338181352 0.7876630152760552 16
1717338185209 0.7883417034471568 17
1717338189086 0.7841441740817046 18
1717338192897 0.7902399771984315 19
1717338196675 0.7947369141227599 20
1717338200626 0.7888436906274348 21
1717338204492 0.7639405694049649 22
1717338208434 0.784061556054743 23
1717338212396 0.7875146974883626 24
1717338216223 0.7902206777139009 25
1717338220103 0.7901741077622618 26
1717338224056 0.7941377456080938 27
1717338227957 0.7976163648203508 28
1717338231831 0.7880972689308009 29
1717338235671 0.8029952116433534 30
1717338239713 0.8088441830766944 31
1717338243664 0.8096539266094414 32
1717338247662 0.8201561478813757 33
1717338251488 0.808453232631044 34
1717338255300 0.8099609666519275 35
1717338259201 0.8091642192158235 36
1717338263055 0.8201398501044151 37
1717338266936 0.8149548690205168 38
1717338270831 0.8316843802601811 39
1717338274723 0.8324184759640203 40
1717338278547 0.8294454741872763 41
1717338282381 0.8398923781716149 42
1717338286325 0.8500630300637089 43
1717338290287 0.8528887254592752 44
1717338294149 0.8304493338359761 45
1717338297989 0.8246659705093963 46
1717338303360 0.8362696527850879 47
1717338307212 0.8471976456784897 48
1717338311060 0.8515683350251618 49
1717338314907 0.8633876331734289 50
1717338318880 0.8670536874844856 51
1717338322768 0.8764879172467731 52
1717338326661 0.879460777586129 53
1717338330564 0.8803710869953325 54
1717338334527 0.8862114396619041 55
1717338338443 0.8869849268972438 56
1717338342362 0.8879865302626914 57
1717338346231 0.8878615462763253 58
1717338350119 0.8882273575867129 59
1717338354008 0.8902803527537239 60
1717338357856 0.8943216819040178 61
1717338362190 0.894589381317946 62
1717338366430 0.895409592050404 63
1717338370914 0.8999561995780248 64
1717338374827 0.9021029484130643 65
1717338378730 0.9025145502669925 66
1717338382616 0.9037129428529684 67
1717338386510 0.9041933411269929 68
1717338390347 0.9069855015295794 69
1717338394340 0.9102679332783107 70
1717338398265 0.9122308604661945 71
1717338402238 0.9175944838968803 72
1717338406100 0.9191892969231528 73
1717338409923 0.921761212084361 74
1717338413843 0.9245485978323996 75
1717338417691 0.9283035976769966 76
1717338421685 0.9270742527491632 77
1717338425607 0.9285315012069492 78
1717338429503 0.9292046989903888 79
1717338433436 0.9315709836131186 80
1717338437368 0.9328190844615494 81
1717338441359 0.9296320590338331 82
1717338445222 0.9348907347057468 83
1717338449180 0.9324046081792507 84
1717338453129 0.9348077632633613 85
1717338456981 0.9367648350207728 86
1717338460811 0.9345174604870083 87
1717338464721 0.9364144963760084 88
1717338468631 0.9358848890952957 89
1717338473387 0.9381692901883951 90
1717338477327 0.9387958740560399 91
1717338481213 0.9374292931492202 92
1717338485147 0.935039894967342 93
1717338489802 0.9355393904752639 94
1717338493813 0.9342320033695408 95
1717338497657 0.9363242852402954 96
1717338501597 0.9392609510980611 97
1717338505568 0.9372056836231116 98
1717338509409 0.9388360161127541 99
