1717338123588 25972.0 1
1717338127450 25972.0 2
1717338131301 25972.0 3
1717338135344 25972.0 4
1717338139098 25972.0 5
1717338143104 25972.0 6
1717338146893 25972.0 7
1717338150845 25972.0 8
1717338154714 25972.0 9
1717338158500 25972.0 10
1717338162309 25972.0 11
1717338166149 25972.0 12
1717338169901 25972.0 13
1717338173685 25972.0 14
1717338177536 25972.0 15
1717338181352 25972.0 16
1717338185209 25972.0 17
1717338189086 25972.0 18
1717338192897 25972.0 19
1717338196675 25972.0 20
1717338200626 25972.0 21
1717338204492 25972.0 22
1717338208434 25972.0 23
1717338212396 25972.0 24
1717338216223 25972.0 25
1717338220103 25972.0 26
1717338224056 25972.0 27
1717338227957 25972.0 28
1717338231831 25972.0 29
1717338235671 25972.0 30
1717338239713 25972.0 31
1717338243664 25972.0 32
1717338247662 25972.0 33
1717338251488 25972.0 34
1717338255300 25972.0 35
1717338259201 25972.0 36
1717338263055 25972.0 37
1717338266936 25972.0 38
1717338270831 25972.0 39
1717338274723 25972.0 40
1717338278547 25972.0 41
1717338282381 25972.0 42
1717338286325 25972.0 43
1717338290287 25972.0 44
1717338294149 25972.0 45
1717338297989 25972.0 46
1717338303360 25972.0 47
1717338307212 25972.0 48
1717338311060 25972.0 49
1717338314907 25972.0 50
1717338318880 25972.0 51
1717338322768 25972.0 52
1717338326661 25972.0 53
1717338330564 25972.0 54
1717338334527 25972.0 55
1717338338443 25972.0 56
1717338342362 25972.0 57
1717338346231 25972.0 58
1717338350119 25972.0 59
1717338354008 25972.0 60
1717338357856 25972.0 61
1717338362190 25972.0 62
1717338366430 25972.0 63
1717338370914 25972.0 64
1717338374827 25972.0 65
1717338378730 25972.0 66
1717338382616 25972.0 67
1717338386510 25972.0 68
1717338390347 25972.0 69
1717338394340 25972.0 70
1717338398265 25972.0 71
1717338402238 25972.0 72
1717338406100 25972.0 73
1717338409923 25972.0 74
1717338413843 25972.0 75
1717338417691 25972.0 76
1717338421685 25972.0 77
1717338425607 25972.0 78
1717338429503 25972.0 79
1717338433436 25972.0 80
1717338437368 25972.0 81
1717338441359 25972.0 82
1717338445222 25972.0 83
1717338449180 25972.0 84
1717338453129 25972.0 85
1717338456981 25972.0 86
1717338460811 25972.0 87
1717338464721 25972.0 88
1717338468631 25972.0 89
1717338473387 25972.0 90
1717338477327 25972.0 91
1717338481213 25972.0 92
1717338485147 25972.0 93
1717338489802 25972.0 94
1717338493813 25972.0 95
1717338497657 25972.0 96
1717338501597 25972.0 97
1717338505568 25972.0 98
1717338509409 25972.0 99
