1717338123588 1.688469409942627 1
1717338127450 1.488860845565796 2
1717338131301 1.4284354448318481 3
1717338135344 1.389901041984558 4
1717338139098 1.329482913017273 5
1717338143104 1.3650784492492676 6
1717338146893 1.361728549003601 7
1717338150845 1.336483120918274 8
1717338154714 1.3096085786819458 9
1717338158500 1.273932695388794 10
1717338162309 1.2574067115783691 11
1717338166149 1.2271653413772583 12
1717338169901 1.197044849395752 13
1717338173685 1.1795912981033325 14
1717338177536 1.1753580570220947 15
1717338181352 1.1571714878082275 16
1717338185209 1.132798671722412 17
1717338189086 1.130921721458435 18
1717338192897 1.135579228401184 19
1717338196675 1.1448887586593628 20
1717338200626 1.1198738813400269 21
1717338204492 1.1109907627105713 22
1717338208434 1.0920761823654175 23
1717338212396 1.0946885347366333 24
1717338216223 1.0997895002365112 25
1717338220103 1.0859112739562988 26
1717338224056 1.0737236738204956 27
1717338227957 1.0620256662368774 28
1717338231831 1.0524086952209473 29
1717338235671 1.0423089265823364 30
1717338239713 1.0473634004592896 31
1717338243664 1.035327672958374 32
1717338247662 1.0281668901443481 33
1717338251488 1.0243536233901978 34
1717338255300 1.0489630699157715 35
1717338259201 1.0418150424957275 36
1717338263055 1.0211704969406128 37
1717338266936 0.9908543825149536 38
1717338270831 0.9687432050704956 39
1717338274723 0.9763070344924927 40
1717338278547 0.9604604244232178 41
1717338282381 0.9370222091674805 42
1717338286325 0.9093303680419922 43
1717338290287 0.9745957851409912 44
1717338294149 1.0884267091751099 45
1717338297989 1.0233234167099 46
1717338303360 0.9985023140907288 47
1717338307212 0.9668717980384827 48
1717338311060 0.9187386631965637 49
1717338314907 0.88978511095047 50
1717338318880 0.8599637746810913 51
1717338322768 0.8418659567832947 52
1717338326661 0.8199425935745239 53
1717338330564 0.7965463399887085 54
1717338334527 0.7919959425926208 55
1717338338443 0.7911676168441772 56
1717338342362 0.789671003818512 57
1717338346231 0.7664552330970764 58
1717338350119 0.7491714954376221 59
1717338354008 0.7343305349349976 60
1717338357856 0.7254763841629028 61
1717338362190 0.7091983556747437 62
1717338366430 0.7015279531478882 63
1717338370914 0.698704183101654 64
1717338374827 0.674589216709137 65
1717338378730 0.6594589948654175 66
1717338382616 0.6534391045570374 67
1717338386510 0.641123354434967 68
1717338390347 0.6284246444702148 69
1717338394340 0.60831218957901 70
1717338398265 0.5944095849990845 71
1717338402238 0.5769551992416382 72
1717338406100 0.5681302547454834 73
1717338409923 0.5555046796798706 74
1717338413843 0.544319748878479 75
1717338417691 0.5350008606910706 76
1717338421685 0.5370595455169678 77
1717338425607 0.5244184136390686 78
1717338429503 0.5194469690322876 79
1717338433436 0.5083224773406982 80
1717338437368 0.5131324529647827 81
1717338441359 0.5002772212028503 82
1717338445222 0.5027121901512146 83
1717338449180 0.49294397234916687 84
1717338453129 0.4921126961708069 85
1717338456981 0.49185261130332947 86
1717338460811 0.4765603840351105 87
1717338464721 0.4784986078739166 88
1717338468631 0.4728773534297943 89
1717338473387 0.46327003836631775 90
1717338477327 0.4622548520565033 91
1717338481213 0.4542286694049835 92
1717338485147 0.4929904639720917 93
1717338489802 0.492275595664978 94
1717338493813 0.47374922037124634 95
1717338497657 0.47118568420410156 96
1717338501597 0.4535383880138397 97
1717338505568 0.45299527049064636 98
1717338509409 0.4474394917488098 99
