1717527730313 0.9442426406675754 1
1717527734042 0.9437418247281649 2
1717527737563 0.9484186436001338 3
1717527741151 0.9511222630516566 4
1717527744762 0.9527337532151361 5
1717527748298 0.9538160397062782 6
1717527752092 0.9542464063384933 7
1717527755736 0.9552399259124795 8
1717527759285 0.9569933072110692 9
1717527762824 0.9587084857866559 10
1717527766533 0.9603952459282779 11
1717527770112 0.9624255786690644 12
1717527773662 0.9633158120798413 13
1717527777266 0.9646020612321313 14
1717527780797 0.965332052695931 15
1717527784347 0.9667210892549588 16
1717527787961 0.9670554804103334 17
1717527791732 0.9680866590660958 18
1717527795629 0.968780656075237 19
1717527799257 0.9693651786773927 20
1717527802861 0.970123732785076 21
1717527806423 0.971108343335485 22
1717527809879 0.9723682752427991 23
1717527813439 0.9732956821119901 24
1717527816951 0.9746882517561652 25
1717527820647 0.9756712502637548 26
1717527824253 0.9768140880377334 27
1717527827870 0.9779351047072263 28
1717527831524 0.9786152304105634 29
1717527835144 0.9788630160264209 30
1717527838822 0.9803629392920428 31
1717527842490 0.9795122595377391 32
1717527846063 0.9809569927405598 33
1717527849635 0.9808392770662286 34
1717527853221 0.9815256202095064 35
1717527856820 0.9811398548624325 36
1717527860440 0.9817938705359789 37
1717527864088 0.9829884480716264 38
1717527867829 0.9824799376209542 39
1717527871433 0.9836599127236273 40
1717527875191 0.9832074302416788 41
1717527878942 0.984661266706607 42
1717527882635 0.9844515609545246 43
1717527886282 0.9847146855400402 44
1717527889952 0.9851389276574517 45
1717527893792 0.9844418731870807 46
1717527897458 0.9855974589705877 47
1717527901099 0.9856883649878216 48
1717527904867 0.986149427822201 49
1717527908609 0.9864820231590627 50
1717527912317 0.9865580018550173 51
1717527916031 0.9855556900344481 52
1717527919716 0.9865182355234743 53
1717527923355 0.9865256972144392 54
1717527926974 0.9864551753247587 55
1717527930603 0.9875394436813838 56
1717527934180 0.9875725651162329 57
1717527937716 0.9854813657029527 58
1717527941455 0.9871390038467256 59
1717527944924 0.9877363550339451 60
1717527948850 0.987279294149794 61
1717527952459 0.9880738994712962 62
1717527956077 0.9881695767414316 63
1717527959703 0.9882514722599776 64
1717527963280 0.9879748798242899 65
1717527966937 0.9880415342679534 66
1717527970582 0.9865198771208016 67
1717527974186 0.9885487039518973 68
1717527978098 0.988351230744606 69
1717527981944 0.9886951391729601 70
1717527985794 0.9862577112162662 71
1717527989626 0.9882979104799394 72
1717527993569 0.9887343824328847 73
1717527997441 0.9890297472063876 74
1717528001894 0.9887282203583428 75
1717528005730 0.9881213650625723 76
1717528009887 0.9872571571287474 77
1717528014322 0.9888522564807204 78
1717528018856 0.9893865909146619 79
1717528023314 0.9894456246307556 80
1717528027761 0.9893338309181594 81
1717528032315 0.9893284197831644 82
1717528036746 0.9889126673612103 83
1717528041453 0.9897097102598714 84
1717528045621 0.9896761650183554 85
1717528049541 0.98963184154275 86
1717528053346 0.9899591724356483 87
1717528057230 0.9813043087801064 88
1717528061042 0.9880333313461286 89
1717528064967 0.9900310042133483 90
1717528068997 0.9898284860788013 91
1717528072820 0.9901597388900663 92
1717528076715 0.9902288303006285 93
1717528080652 0.9899898317881377 94
1717528084504 0.9892608311635799 95
1717528088410 0.9904029266212827 96
1717528092315 0.9898745660522588 97
1717528096142 0.9882893475106495 98
1717528099944 0.9900916549435946 99
