1717527730313 333784.0 1
1717527734042 349013.0 2
1717527737563 346700.0 3
1717527741151 345561.0 4
1717527744762 344606.0 5
1717527748298 344252.0 6
1717527752092 343803.0 7
1717527755736 343283.0 8
1717527759285 342342.0 9
1717527762824 341531.0 10
1717527766533 340774.0 11
1717527770112 339927.0 12
1717527773662 339457.0 13
1717527777266 339092.0 14
1717527780797 338679.0 15
1717527784347 338134.0 16
1717527787961 337969.0 17
1717527791732 337718.0 18
1717527795629 337209.0 19
1717527799257 336999.0 20
1717527802861 336653.0 21
1717527806423 336009.0 22
1717527809879 335810.0 23
1717527813439 335242.0 24
1717527816951 334400.0 25
1717527820647 333994.0 26
1717527824253 333588.0 27
1717527827870 333096.0 28
1717527831524 332712.0 29
1717527835144 332588.0 30
1717527838822 332103.0 31
1717527842490 332232.0 32
1717527846063 331694.0 33
1717527849635 331875.0 34
1717527853221 331667.0 35
1717527856820 331644.0 36
1717527860440 331422.0 37
1717527864088 331123.0 38
1717527867829 331312.0 39
1717527871433 330836.0 40
1717527875191 330887.0 41
1717527878942 330480.0 42
1717527882635 330511.0 43
1717527886282 330547.0 44
1717527889952 330335.0 45
1717527893792 330527.0 46
1717527897458 330250.0 47
1717527901099 330080.0 48
1717527904867 330143.0 49
1717527908609 330045.0 50
1717527912317 329948.0 51
1717527916031 330128.0 52
1717527919716 330034.0 53
1717527923355 329849.0 54
1717527926974 329988.0 55
1717527930603 329704.0 56
1717527934180 329806.0 57
1717527937716 330173.0 58
1717527941455 329645.0 59
1717527944924 329615.0 60
1717527948850 329693.0 61
1717527952459 329606.0 62
1717527956077 329529.0 63
1717527959703 329538.0 64
1717527963280 329604.0 65
1717527966937 329537.0 66
1717527970582 329996.0 67
1717527974186 329448.0 68
1717527978098 329575.0 69
1717527981944 329508.0 70
1717527985794 329998.0 71
1717527989626 329535.0 72
1717527993569 329535.0 73
1717527997441 329406.0 74
1717528001894 329584.0 75
1717528005730 329578.0 76
1717528009887 329763.0 77
1717528014322 329521.0 78
1717528018856 329473.0 79
1717528023314 329503.0 80
1717528027761 329500.0 81
1717528032315 329150.0 82
1717528036746 329575.0 83
1717528041453 329539.0 84
1717528045621 329447.0 85
1717528049541 329433.0 86
1717528053346 329520.0 87
1717528057230 331424.0 88
1717528061042 330087.0 89
1717528064967 329207.0 90
1717528068997 329480.0 91
1717528072820 329402.0 92
1717528076715 329518.0 93
1717528080652 329450.0 94
1717528084504 329714.0 95
1717528088410 329433.0 96
1717528092315 329539.0 97
1717528096142 329975.0 98
1717528099944 329470.0 99
