1717337580975 0.9592694103234124 1
1717337582362 0.9917722198738184 2
1717337583755 0.9840652786478489 3
1717337585168 0.9770289958542576 4
1717337586548 0.9738192955169674 5
1717337587996 0.9729213773223064 6
1717337589369 0.972939880149302 7
1717337590740 0.9723645738782989 8
1717337592111 0.9732236962565015 9
1717337593507 0.973439194921139 10
1717337594898 0.973180704326231 11
1717337596300 0.9734284547148923 12
1717337597672 0.9737781047669617 13
1717337599043 0.9734871838937303 14
1717337600427 0.9738522907332403 15
1717337601806 0.9735925975160213 16
1717337603164 0.9737742976208262 17
1717337604552 0.9740051422791398 18
1717337605948 0.9738460327939132 19
1717337607332 0.9741276025957579 20
1717337608730 0.973891029115106 21
1717337610135 0.9740994610156589 22
1717337611505 0.9743552687447516 23
1717337612886 0.974289735850725 24
1717337614288 0.9745969753994077 25
1717337615670 0.9746762243343607 26
1717337617051 0.9751332131782036 27
1717337618438 0.9744646264383209 28
1717337619812 0.9751881857646757 29
1717337621201 0.9751487226140768 30
1717337622603 0.9747758634729485 31
1717337623981 0.9747120085173342 32
1717337625396 0.9748479083056666 33
1717337626776 0.9749760540809528 34
1717337628178 0.9748125255422081 35
1717337629578 0.9750731297436736 36
1717337630975 0.9747242282852814 37
1717337632377 0.9752794767550046 38
1717337633793 0.9748375098883373 39
1717337635181 0.9752756402447637 40
1717337636589 0.9752356592970204 41
1717337638393 0.975330469946771 42
1717337639966 0.9751626272083903 43
1717337641356 0.9752609923749525 44
1717337642746 0.9754591930927798 45
1717337644151 0.9758082022618416 46
1717337645545 0.9755893283493318 47
1717337646951 0.9757752019762219 48
1717337648468 0.9757477762149023 49
1717337649880 0.9755465665620175 50
1717337651326 0.9758770770679656 51
1717337652798 0.9758801590987645 52
1717337654185 0.9756742577055231 53
1717337655588 0.9758769823541393 54
1717337656984 0.975752331287029 55
1717337658453 0.97603748192006 56
1717337659857 0.9755939741694584 57
1717337661241 0.9760736588779049 58
1717337662636 0.9764070450266746 59
1717337664030 0.9761948871187239 60
1717337665529 0.9759532869846974 61
1717337666964 0.9766285102832284 62
1717337668409 0.9762160387588218 63
1717337669818 0.9761729668368984 64
1717337671218 0.9760336192600304 65
1717337672690 0.9763531736079034 66
1717337674113 0.9759942072420846 67
1717337675561 0.9766665756987187 68
1717337676971 0.9764680479012168 69
1717337678373 0.9766454992594068 70
1717337679857 0.9765249938144722 71
1717337681253 0.9764374705712786 72
1717337682668 0.9765377982121304 73
1717337684071 0.9763138246642491 74
1717337685546 0.9769841210068679 75
1717337686990 0.9764354940382115 76
1717337688402 0.9769425297941863 77
1717337689802 0.9768083009229138 78
1717337691227 0.9767231236450986 79
1717337692708 0.976836365436247 80
1717337694121 0.9772041621061599 81
1717337695532 0.9771986935941771 82
1717337696941 0.9772517001196126 83
1717337698350 0.9771314162569885 84
1717337699824 0.9773036264708281 85
1717337701218 0.9771630797013369 86
1717337702659 0.9766399199895256 87
1717337704091 0.9775397337826461 88
1717337705518 0.9770240346583517 89
1717337707021 0.9773503614684971 90
1717337708445 0.9772860064041117 91
1717337709835 0.9772083595946003 92
1717337711232 0.9772200888463303 93
1717337712620 0.9770460555816366 94
1717337714118 0.9772077145624258 95
1717337715501 0.9776760439583732 96
1717337716949 0.9776024036771379 97
1717337718380 0.9775243006510584 98
1717337719864 0.9771553273938716 99
