1717337580975 0.0524883046746254 1
1717337582362 0.208746999502182 2
1717337583755 0.37791740894317627 3
1717337585168 0.5239559412002563 4
1717337586548 0.5740379691123962 5
1717337587996 0.5956214666366577 6
1717337589369 0.606563925743103 7
1717337590740 0.6149165630340576 8
1717337592111 0.6252422332763672 9
1717337593507 0.6297239661216736 10
1717337594898 0.6329352259635925 11
1717337596300 0.6349502205848694 12
1717337597672 0.6398935914039612 13
1717337599043 0.6397992372512817 14
1717337600427 0.6469994783401489 15
1717337601806 0.6497704386711121 16
1717337603164 0.6496978998184204 17
1717337604552 0.655919075012207 18
1717337605948 0.6592992544174194 19
1717337607332 0.6604982018470764 20
1717337608730 0.6618325114250183 21
1717337610135 0.6633626222610474 22
1717337611505 0.6638122797012329 23
1717337612886 0.6666972041130066 24
1717337614288 0.6703617572784424 25
1717337615670 0.6721088886260986 26
1717337617051 0.6741580963134766 27
1717337618438 0.6751744151115417 28
1717337619812 0.6740798354148865 29
1717337621201 0.6760066747665405 30
1717337622603 0.6763414740562439 31
1717337623981 0.6801544427871704 32
1717337625396 0.6813145279884338 33
1717337626776 0.6823886632919312 34
1717337628178 0.6838914155960083 35
1717337629578 0.6784471869468689 36
1717337630975 0.6854894161224365 37
1717337632377 0.6880349516868591 38
1717337633793 0.6846546530723572 39
1717337635181 0.679347038269043 40
1717337636589 0.69211345911026 41
1717337638393 0.694019079208374 42
1717337639966 0.6939440965652466 43
1717337641356 0.6869011521339417 44
1717337642746 0.691328763961792 45
1717337644151 0.6932892203330994 46
1717337645545 0.6976982951164246 47
1717337646951 0.6951420307159424 48
1717337648468 0.6985763311386108 49
1717337649880 0.6963005065917969 50
1717337651326 0.6990066766738892 51
1717337652798 0.7032591700553894 52
1717337654185 0.6966677308082581 53
1717337655588 0.7034087777137756 54
1717337656984 0.6937768459320068 55
1717337658453 0.7050066590309143 56
1717337659857 0.703323245048523 57
1717337661241 0.7006024122238159 58
1717337662636 0.7087520360946655 59
1717337664030 0.7067301273345947 60
1717337665529 0.7044500708580017 61
1717337666964 0.7073433995246887 62
1717337668409 0.7089357376098633 63
1717337669818 0.7043474912643433 64
1717337671218 0.7096619009971619 65
1717337672690 0.7052755355834961 66
1717337674113 0.7054582238197327 67
1717337675561 0.7115468382835388 68
1717337676971 0.7096675634384155 69
1717337678373 0.7140983939170837 70
1717337679857 0.7134585976600647 71
1717337681253 0.7102133631706238 72
1717337682668 0.7095322012901306 73
1717337684071 0.71268630027771 74
1717337685546 0.7108940482139587 75
1717337686990 0.7149787545204163 76
1717337688402 0.7138267159461975 77
1717337689802 0.7125616073608398 78
1717337691227 0.7126589417457581 79
1717337692708 0.7161606550216675 80
1717337694121 0.7181933522224426 81
1717337695532 0.7184760570526123 82
1717337696941 0.7182797789573669 83
1717337698350 0.7214217782020569 84
1717337699824 0.7180286049842834 85
1717337701218 0.7206544876098633 86
1717337702659 0.7142155170440674 87
1717337704091 0.7206037044525146 88
1717337705518 0.721416711807251 89
1717337707021 0.721640944480896 90
1717337708445 0.7231557369232178 91
1717337709835 0.7224533557891846 92
1717337711232 0.7183126211166382 93
1717337712620 0.72649085521698 94
1717337714118 0.7236495614051819 95
1717337715501 0.722627580165863 96
1717337716949 0.7278370261192322 97
1717337718380 0.7227196097373962 98
1717337719864 0.7257954478263855 99
