1717630442152 0.7851930345019269 1
1717630442741 0.893428358975277 2
1717630443322 0.8930592548318528 3
1717630443898 0.8946197733294178 4
1717630444512 0.8966697752031562 5
1717630445086 0.8967478627030716 6
1717630445730 0.901092080288437 7
1717630446284 0.9030291941867596 8
1717630446880 0.9060616663939871 9
1717630447482 0.9075650615038395 10
1717630448071 0.908530299155042 11
1717630448679 0.9106546750193751 12
1717630449280 0.9139937720723221 13
1717630449877 0.9143854955295171 14
1717630450458 0.9162612622772538 15
1717630451024 0.9174059869068787 16
1717630451604 0.9172886641037367 17
1717630452185 0.9193135251500032 18
1717630452799 0.9205771932030331 19
1717630453460 0.9213564994308239 20
1717630454059 0.9238892832869443 21
1717630454639 0.9241068107714554 22
1717630455197 0.9258920884772693 23
1717630455769 0.9255867387977788 24
1717630456364 0.927913955019063 25
1717630456930 0.9289454536973738 26
1717630457586 0.9301144649582109 27
1717630458263 0.9276508831126647 28
1717630458969 0.9309655337075085 29
1717630459586 0.9314690282159718 30
1717630460205 0.933240363526241 31
1717630460871 0.9335195377922373 32
1717630461478 0.9335028339665852 33
1717630462059 0.9325779451799684 34
1717630462723 0.9341520182505505 35
1717630463365 0.9355147225776612 36
1717630463998 0.9343598165247375 37
1717630464671 0.9354265684602155 38
1717630465298 0.9365668001476023 39
1717630465879 0.9375511861782662 40
1717630466483 0.938355165488617 41
1717630467135 0.9377249770433913 42
1717630467728 0.9398678071406253 43
1717630468303 0.939877243264848 44
1717630468987 0.94035533632786 45
1717630469637 0.940221655017671 46
1717630470318 0.9401744833225748 47
1717630470945 0.9407609073709563 48
1717630471648 0.9408383638455731 49
1717630472355 0.9411939029586692 50
1717630473016 0.9427177936432921 51
1717630473601 0.9422471972667386 52
1717630474158 0.9430652095951882 53
1717630474718 0.9411183186018798 54
1717630475274 0.9434627717980958 55
1717630475837 0.944073004071857 56
1717630476400 0.9430636232009977 57
1717630476961 0.9437485540168798 58
1717630477564 0.944052849467725 59
1717630478195 0.9443634933371816 60
1717630478873 0.9467503531026387 61
1717630479469 0.9454779124417011 62
1717630480061 0.9473933281630242 63
1717630480655 0.9464842262595785 64
1717630481238 0.945867905562754 65
1717630481814 0.9463475043946813 66
1717630482378 0.9468620997853576 67
1717630482941 0.9469985833874556 68
1717630483484 0.9445422473928666 69
1717630484052 0.9426342127509773 70
1717630484642 0.9451596396402665 71
1717630485286 0.9453730283607206 72
1717630485898 0.9464379582115211 73
1717630486498 0.9470981121471281 74
1717630487153 0.946974282823337 75
1717630487797 0.9481349148811856 76
1717630488405 0.9477245999523797 77
1717630488996 0.9494462383088991 78
1717630489584 0.9479767139448888 79
1717630490192 0.9487669061416037 80
1717630490819 0.9494650578447378 81
1717630491382 0.9483473950804908 82
1717630491931 0.9502758350487663 83
1717630492511 0.9502223308136197 84
1717630493073 0.9495333413041964 85
1717630493666 0.9495545669658427 86
1717630494269 0.9503690830036411 87
1717630494895 0.9492535588531521 88
1717630495497 0.9518120602513748 89
1717630496077 0.9503301697307289 90
1717630496669 0.9518957452374308 91
1717630497242 0.9509283309004259 92
1717630497815 0.9516771325463242 93
1717630498388 0.9522373305121452 94
1717630498972 0.9517165799360658 95
1717630499529 0.9529491873382467 96
1717630500081 0.9531403813775078 97
1717630500669 0.9523679492488584 98
1717630501244 0.953529953340477 99
