1717630442152 200408.0 1
1717630442741 246589.0 2
1717630443322 254888.0 3
1717630443898 259369.0 4
1717630444512 261024.0 5
1717630445086 261951.0 6
1717630445730 261933.0 7
1717630446284 262685.0 8
1717630446880 262785.0 9
1717630447482 262892.0 10
1717630448071 263002.0 11
1717630448679 263049.0 12
1717630449280 263319.0 13
1717630449877 263208.0 14
1717630450458 263353.0 15
1717630451024 263466.0 16
1717630451604 263389.0 17
1717630452185 263322.0 18
1717630452799 263466.0 19
1717630453460 263626.0 20
1717630454059 263494.0 21
1717630454639 263654.0 22
1717630455197 263711.0 23
1717630455769 263680.0 24
1717630456364 263956.0 25
1717630456930 263886.0 26
1717630457586 263905.0 27
1717630458263 263819.0 28
1717630458969 264078.0 29
1717630459586 263954.0 30
1717630460205 264028.0 31
1717630460871 264026.0 32
1717630461478 263988.0 33
1717630462059 263954.0 34
1717630462723 264211.0 35
1717630463365 264263.0 36
1717630463998 264160.0 37
1717630464671 264057.0 38
1717630465298 264431.0 39
1717630465879 264288.0 40
1717630466483 264363.0 41
1717630467135 264274.0 42
1717630467728 264468.0 43
1717630468303 264434.0 44
1717630468987 264341.0 45
1717630469637 264490.0 46
1717630470318 264581.0 47
1717630470945 264656.0 48
1717630471648 264658.0 49
1717630472355 264526.0 50
1717630473016 264727.0 51
1717630473601 264784.0 52
1717630474158 264859.0 53
1717630474718 264670.0 54
1717630475274 264832.0 55
1717630475837 264804.0 56
1717630476400 264841.0 57
1717630476961 264861.0 58
1717630477564 264980.0 59
1717630478195 265067.0 60
1717630478873 265034.0 61
1717630479469 265078.0 62
1717630480061 265163.0 63
1717630480655 265305.0 64
1717630481238 265308.0 65
1717630481814 265317.0 66
1717630482378 265462.0 67
1717630482941 265125.0 68
1717630483484 265351.0 69
1717630484052 265103.0 70
1717630484642 265225.0 71
1717630485286 265153.0 72
1717630485898 265484.0 73
1717630486498 265347.0 74
1717630487153 265582.0 75
1717630487797 265557.0 76
1717630488405 265432.0 77
1717630488996 265325.0 78
1717630489584 265594.0 79
1717630490192 265526.0 80
1717630490819 265652.0 81
1717630491382 265627.0 82
1717630491931 265658.0 83
1717630492511 265686.0 84
1717630493073 265745.0 85
1717630493666 265635.0 86
1717630494269 265712.0 87
1717630494895 266006.0 88
1717630495497 265833.0 89
1717630496077 266031.0 90
1717630496669 265856.0 91
1717630497242 265891.0 92
1717630497815 266091.0 93
1717630498388 265993.0 94
1717630498972 266184.0 95
1717630499529 266117.0 96
1717630500081 266061.0 97
1717630500669 266173.0 98
1717630501244 266189.0 99
