1717444989255 1.4487906694412231 1
1717444992181 1.1853177547454834 2
1717444995064 1.1129728555679321 3
1717444997880 1.0576694011688232 4
1717445000762 0.9941168427467346 5
1717445003626 0.9517195820808411 6
1717445006465 0.8975432515144348 7
1717445009402 0.8744757771492004 8
1717445012286 0.8816550970077515 9
1717445015104 0.8104608654975891 10
1717445018171 0.761664867401123 11
1717445021045 0.7420446276664734 12
1717445023908 0.7064240574836731 13
1717445026714 0.6885524988174438 14
1717445029590 0.6589992642402649 15
1717445032487 0.6597886681556702 16
1717445035341 0.6297408938407898 17
1717445038210 0.6148818731307983 18
1717445041078 0.6040133237838745 19
1717445043967 0.5801420211791992 20
1717445046907 0.5664550065994263 21
1717445049788 0.553637683391571 22
1717445052638 0.5390845537185669 23
1717445055507 0.5244787335395813 24
1717445058389 0.5210314393043518 25
1717445061262 0.5092410445213318 26
1717445064131 0.5005671381950378 27
1717445067070 0.5041843056678772 28
1717445069910 0.4795823395252228 29
1717445072837 0.4789286255836487 30
1717445075817 0.4693783223628998 31
1717445078780 0.4599083364009857 32
1717445081744 0.4553462564945221 33
1717445084581 0.4580886662006378 34
1717445087507 0.44389837980270386 35
1717445090450 0.4338665306568146 36
1717445093396 0.43070510029792786 37
1717445097022 0.4220050871372223 38
1717445099884 0.42121437191963196 39
1717445102766 0.4171839654445648 40
1717445105645 0.4110771715641022 41
1717445108760 0.41050058603286743 42
1717445111624 0.3975362777709961 43
1717445114572 0.4027305245399475 44
1717445117439 0.3869693875312805 45
1717445120273 0.3963716924190521 46
1717445123192 0.3854425847530365 47
1717445126068 0.3717895448207855 48
1717445129008 0.38081789016723633 49
1717445131910 0.36879947781562805 50
1717445134833 0.38328415155410767 51
1717445137755 0.35479435324668884 52
1717445140607 0.35637614130973816 53
1717445143489 0.36442112922668457 54
1717445146329 0.3472428619861603 55
1717445149248 0.3517491817474365 56
1717445152127 0.40179893374443054 57
1717445155032 0.3378404676914215 58
1717445157974 0.3348589539527893 59
1717445160938 0.33442452549934387 60
1717445163892 0.34437260031700134 61
1717445166860 0.3442954421043396 62
1717445169886 0.32580795884132385 63
1717445172855 0.31856346130371094 64
1717445175808 0.31363561749458313 65
1717445178711 0.326211541891098 66
1717445181641 0.3221898674964905 67
1717445184572 0.314659059047699 68
1717445187606 0.317401260137558 69
1717445190534 0.3299804627895355 70
1717445193577 0.3053506910800934 71
1717445196845 0.30505552887916565 72
1717445199791 0.3613585829734802 73
1717445202744 0.3130379319190979 74
1717445205811 0.2985963523387909 75
1717445208684 0.29944825172424316 76
1717445211545 0.29209402203559875 77
1717445214494 0.3016352653503418 78
1717445217431 0.28987690806388855 79
1717445221123 0.2928045690059662 80
1717445224696 0.2826601564884186 81
1717445227616 0.29057735204696655 82
1717445230517 0.29519906640052795 83
1717445233462 0.2852509617805481 84
1717445236463 0.2833344042301178 85
1717445239509 0.27438706159591675 86
1717445242418 0.2792825698852539 87
1717445245347 0.2845078408718109 88
1717445248294 0.31541141867637634 89
1717445251210 0.27588555216789246 90
1717445254123 0.26609328389167786 91
1717445257113 0.265009343624115 92
1717445259989 0.27288350462913513 93
1717445262915 0.256669819355011 94
1717445265863 0.2631719410419464 95
1717445268732 0.28467124700546265 96
1717445271697 0.25095781683921814 97
1717445274650 0.28473538160324097 98
1717445277618 0.2742885947227478 99
