1717444989255 64034.0 1
1717444992181 67316.0 2
1717444995064 69658.0 3
1717444997880 69032.0 4
1717445000762 68884.0 5
1717445003626 67804.0 6
1717445006465 69254.0 7
1717445009402 69622.0 8
1717445012286 68974.0 9
1717445015104 69180.0 10
1717445018171 70992.0 11
1717445021045 71564.0 12
1717445023908 72538.0 13
1717445026714 72862.0 14
1717445029590 73648.0 15
1717445032487 73218.0 16
1717445035341 74052.0 17
1717445038210 74110.0 18
1717445041078 74532.0 19
1717445043967 74836.0 20
1717445046907 75024.0 21
1717445049788 75080.0 22
1717445052638 75182.0 23
1717445055507 75334.0 24
1717445058389 75134.0 25
1717445061262 75272.0 26
1717445064131 75490.0 27
1717445067070 75408.0 28
1717445069910 75724.0 29
1717445072837 75720.0 30
1717445075817 75876.0 31
1717445078780 75890.0 32
1717445081744 75948.0 33
1717445084581 75618.0 34
1717445087507 76150.0 35
1717445090450 76074.0 36
1717445093396 76192.0 37
1717445097022 76246.0 38
1717445099884 76204.0 39
1717445102766 76802.0 40
1717445105645 76372.0 41
1717445108760 76598.0 42
1717445111624 76806.0 43
1717445114572 76608.0 44
1717445117439 77002.0 45
1717445120273 76984.0 46
1717445123192 77100.0 47
1717445126068 77354.0 48
1717445129008 77418.0 49
1717445131910 77286.0 50
1717445134833 77322.0 51
1717445137755 77654.0 52
1717445140607 77574.0 53
1717445143489 78074.0 54
1717445146329 77708.0 55
1717445149248 78198.0 56
1717445152127 77060.0 57
1717445155032 77982.0 58
1717445157974 78436.0 59
1717445160938 78346.0 60
1717445163892 78482.0 61
1717445166860 77636.0 62
1717445169886 78696.0 63
1717445172855 78662.0 64
1717445175808 79002.0 65
1717445178711 78444.0 66
1717445181641 78704.0 67
1717445184572 78518.0 68
1717445187606 78700.0 69
1717445190534 78380.0 70
1717445193577 79102.0 71
1717445196845 79106.0 72
1717445199791 77920.0 73
1717445202744 78772.0 74
1717445205811 79006.0 75
1717445208684 79050.0 76
1717445211545 79260.0 77
1717445214494 78852.0 78
1717445217431 79312.0 79
1717445221123 79276.0 80
1717445224696 79322.0 81
1717445227616 79274.0 82
1717445230517 78940.0 83
1717445233462 79172.0 84
1717445236463 79586.0 85
1717445239509 79502.0 86
1717445242418 79774.0 87
1717445245347 79186.0 88
1717445248294 78604.0 89
1717445251210 79514.0 90
1717445254123 79718.0 91
1717445257113 79674.0 92
1717445259989 79482.0 93
1717445262915 79902.0 94
1717445265863 79604.0 95
1717445268732 79100.0 96
1717445271697 79758.0 97
1717445274650 79458.0 98
1717445277618 79190.0 99
