1717444989255 84422.0 1
1717444992181 84422.0 2
1717444995064 84422.0 3
1717444997880 84422.0 4
1717445000762 84422.0 5
1717445003626 84422.0 6
1717445006465 84422.0 7
1717445009402 84422.0 8
1717445012286 84422.0 9
1717445015104 84422.0 10
1717445018171 84422.0 11
1717445021045 84422.0 12
1717445023908 84422.0 13
1717445026714 84422.0 14
1717445029590 84422.0 15
1717445032487 84422.0 16
1717445035341 84422.0 17
1717445038210 84422.0 18
1717445041078 84422.0 19
1717445043967 84422.0 20
1717445046907 84422.0 21
1717445049788 84422.0 22
1717445052638 84422.0 23
1717445055507 84422.0 24
1717445058389 84422.0 25
1717445061262 84422.0 26
1717445064131 84422.0 27
1717445067070 84422.0 28
1717445069910 84422.0 29
1717445072837 84422.0 30
1717445075817 84422.0 31
1717445078780 84422.0 32
1717445081744 84422.0 33
1717445084581 84422.0 34
1717445087507 84422.0 35
1717445090450 84422.0 36
1717445093396 84422.0 37
1717445097022 84422.0 38
1717445099884 84422.0 39
1717445102766 84422.0 40
1717445105645 84422.0 41
1717445108760 84422.0 42
1717445111624 84422.0 43
1717445114572 84422.0 44
1717445117439 84422.0 45
1717445120273 84422.0 46
1717445123192 84422.0 47
1717445126068 84422.0 48
1717445129008 84422.0 49
1717445131910 84422.0 50
1717445134833 84422.0 51
1717445137755 84422.0 52
1717445140607 84422.0 53
1717445143489 84422.0 54
1717445146329 84422.0 55
1717445149248 84422.0 56
1717445152127 84422.0 57
1717445155032 84422.0 58
1717445157974 84422.0 59
1717445160938 84422.0 60
1717445163892 84422.0 61
1717445166860 84422.0 62
1717445169886 84422.0 63
1717445172855 84422.0 64
1717445175808 84422.0 65
1717445178711 84422.0 66
1717445181641 84422.0 67
1717445184572 84422.0 68
1717445187606 84422.0 69
1717445190534 84422.0 70
1717445193577 84422.0 71
1717445196845 84422.0 72
1717445199791 84422.0 73
1717445202744 84422.0 74
1717445205811 84422.0 75
1717445208684 84422.0 76
1717445211545 84422.0 77
1717445214494 84422.0 78
1717445217431 84422.0 79
1717445221123 84422.0 80
1717445224696 84422.0 81
1717445227616 84422.0 82
1717445230517 84422.0 83
1717445233462 84422.0 84
1717445236463 84422.0 85
1717445239509 84422.0 86
1717445242418 84422.0 87
1717445245347 84422.0 88
1717445248294 84422.0 89
1717445251210 84422.0 90
1717445254123 84422.0 91
1717445257113 84422.0 92
1717445259989 84422.0 93
1717445262915 84422.0 94
1717445265863 84422.0 95
1717445268732 84422.0 96
1717445271697 84422.0 97
1717445274650 84422.0 98
1717445277618 84422.0 99
