1717523509674 54190.0 1
1717523514425 50395.0 2
1717523519188 54078.0 3
1717523524003 54078.0 4
1717523528713 54078.0 5
1717523533527 54078.0 6
1717523538307 50224.0 7
1717523543073 58088.0 8
1717523547839 50224.0 9
1717523552585 50224.0 10
1717523557658 57214.0 11
1717523563160 53816.0 12
1717523568493 54078.0 13
1717523573924 50224.0 14
1717523579310 53622.0 15
1717523584630 50224.0 16
1717523589960 58088.0 17
1717523595338 58088.0 18
1717523600678 50224.0 19
1717523606591 57476.0 20
1717523612663 53622.0 21
1717523618009 58088.0 22
1717523623401 50224.0 23
1717523629029 54078.0 24
1717523634416 54078.0 25
1717523639786 50224.0 26
1717523645136 50224.0 27
1717523650733 50224.0 28
1717523656900 53622.0 29
1717523661892 50224.0 30
1717523666752 50224.0 31
1717523671574 50224.0 32
1717523676427 50224.0 33
1717523681233 50224.0 34
1717523686160 50224.0 35
1717523691050 54078.0 36
1717523695878 54078.0 37
1717523700673 54078.0 38
1717523705480 54078.0 39
1717523710313 54078.0 40
1717523715202 54078.0 41
1717523719964 54078.0 42
1717523724732 54078.0 43
1717523729534 50224.0 44
1717523734323 50224.0 45
1717523739121 54078.0 46
1717523743962 54078.0 47
1717523748821 54078.0 48
1717523753559 54078.0 49
1717523758357 54078.0 50
1717523763174 54078.0 51
1717523767973 54304.0 52
1717523772754 54078.0 53
1717523777507 54078.0 54
1717523782230 54078.0 55
1717523787049 54078.0 56
1717523791753 54078.0 57
1717523796514 54078.0 58
1717523801283 54078.0 59
1717523806081 54078.0 60
1717523810945 54078.0 61
1717523815737 54078.0 62
1717523820520 54078.0 63
1717523825287 54078.0 64
1717523830012 54078.0 65
1717523834813 54078.0 66
1717523840588 54078.0 67
1717523845374 54078.0 68
1717523850229 54078.0 69
1717523855020 54078.0 70
1717523859884 54078.0 71
1717523864682 54078.0 72
1717523869513 54078.0 73
1717523874394 54078.0 74
1717523879227 54078.0 75
1717523884027 54078.0 76
1717523888822 54078.0 77
1717523893588 54078.0 78
1717523898359 54078.0 79
1717523903104 54078.0 80
1717523907927 54078.0 81
1717523912694 54078.0 82
1717523917476 54078.0 83
1717523922280 54078.0 84
1717523927096 54078.0 85
1717523931860 54078.0 86
1717523936669 54078.0 87
1717523941482 54078.0 88
1717523946271 54078.0 89
1717523951102 54078.0 90
1717523956824 54078.0 91
1717523962783 54078.0 92
1717523968171 54078.0 93
1717523973621 54078.0 94
1717523979056 54078.0 95
1717523984507 54078.0 96
1717523989996 54078.0 97
1717523995503 54078.0 98
1717524000968 54078.0 99
