1717256765676 90810.0 1
1717256766022 90810.0 2
1717256766436 90810.0 3
1717256766799 90810.0 4
1717256767170 90810.0 5
1717256767534 90810.0 6
1717256767893 90810.0 7
1717256768256 90810.0 8
1717256768620 90810.0 9
1717256768983 90810.0 10
1717256769344 90810.0 11
1717256769705 90810.0 12
1717256770068 90810.0 13
1717256770425 90810.0 14
1717256770790 90810.0 15
1717256771156 90810.0 16
1717256771522 90810.0 17
1717256771886 90810.0 18
1717256772253 90810.0 19
1717256772614 90810.0 20
1717256772977 90810.0 21
1717256773334 90810.0 22
1717256773698 90810.0 23
1717256774069 90810.0 24
1717256774431 90810.0 25
1717256774814 90810.0 26
1717256775180 90810.0 27
1717256775553 90810.0 28
1717256775919 90810.0 29
1717256776281 90810.0 30
1717256776651 90810.0 31
1717256777013 90810.0 32
1717256777375 90810.0 33
1717256777735 90810.0 34
1717256778096 90810.0 35
1717256778458 90810.0 36
1717256778828 90810.0 37
1717256779193 90810.0 38
1717256779548 90810.0 39
1717256779903 90810.0 40
1717256780245 90810.0 41
1717256780591 90810.0 42
1717256780944 90810.0 43
1717256781295 90810.0 44
1717256781651 90810.0 45
1717256782008 90810.0 46
1717256782363 90810.0 47
1717256782752 90810.0 48
1717256783104 90810.0 49
1717256783480 90810.0 50
1717256783846 90810.0 51
1717256784196 90810.0 52
1717256784563 90810.0 53
1717256784918 90810.0 54
1717256785280 90810.0 55
1717256785625 90810.0 56
1717256785974 90810.0 57
1717256786339 90810.0 58
1717256786705 90810.0 59
1717256787056 90810.0 60
1717256787417 90810.0 61
1717256787778 90810.0 62
1717256788137 90810.0 63
1717256788480 90810.0 64
1717256788836 90810.0 65
1717256789194 90810.0 66
1717256789549 90810.0 67
1717256789902 90810.0 68
1717256790266 90810.0 69
1717256790634 90810.0 70
1717256790989 90810.0 71
1717256791350 90810.0 72
1717256791704 90810.0 73
1717256792065 90810.0 74
1717256792424 90810.0 75
1717256792779 90810.0 76
1717256793127 90810.0 77
1717256793488 90810.0 78
1717256793842 90810.0 79
1717256794203 90810.0 80
1717256794556 90810.0 81
1717256794897 90810.0 82
1717256795249 90810.0 83
1717256795606 90810.0 84
1717256795960 90810.0 85
1717256796328 90810.0 86
1717256796673 90810.0 87
1717256797036 90810.0 88
1717256797396 90810.0 89
1717256797758 90810.0 90
1717256798108 90810.0 91
1717256798473 90810.0 92
1717256798840 90810.0 93
1717256799215 90810.0 94
1717256799580 90810.0 95
1717256799929 90810.0 96
1717256800293 90810.0 97
1717256800640 90810.0 98
1717256800994 90810.0 99
