1709571358644 1.3267565965652466 1
1709571358893 1.1788651943206787 2
1709571359109 1.0902143716812134 3
1709571359351 1.0569097995758057 4
1709571359607 1.0531104803085327 5
1709571359809 1.0442715883255005 6
1709571360038 1.0389858484268188 7
1709571360251 1.030765175819397 8
1709571360457 1.0245734453201294 9
1709571360659 1.0175007581710815 10
1709571360855 1.0109038352966309 11
1709571361074 0.9987275004386902 12
1709571361319 0.9872589707374573 13
1709571361654 0.9769896268844604 14
1709571361944 0.9651514291763306 15
1709571362210 0.9536213278770447 16
1709571362456 0.9402886629104614 17
1709571362646 0.9260531663894653 18
1709571362896 0.9148233532905579 19
1709571363162 0.9153423309326172 20
1709571363379 0.9089515805244446 21
1709571363570 0.8942499160766602 22
1709571363777 0.8784147500991821 23
1709571363969 0.8665797710418701 24
1709571364147 0.8715503215789795 25
1709571364311 0.8839829564094543 26
1709571364480 0.8661215901374817 27
1709571364647 0.8411946892738342 28
1709571364814 0.8312060236930847 29
