1717695378369 0.5113480878591979 1
1717695378635 0.7481765574941768 2
1717695378907 0.7481765574941768 3
1717695379170 0.7493911234208286 4
1717695379439 0.7524893976586352 5
1717695379692 0.734287712499062 6
1717695379958 0.7207043346220527 7
1717695380201 0.7453233477781607 8
1717695380461 0.7384825154999144 9
1717695380701 0.7371909015294928 10
1717695380943 0.7343299980079475 11
1717695381196 0.7269737201788378 12
1717695381479 0.7335524505631633 13
1717695381759 0.735892601996959 14
1717695382018 0.7364711598489988 15
1717695382259 0.7321637697351491 16
