1717695378369 0.3670618949222587 1
1717695378635 0.0 2
1717695378907 0.0 3
1717695379170 0.007675044883303411 4
1717695379439 0.031733506722635585 5
1717695379692 0.2550404638628344 6
1717695379958 0.5184448053387365 7
1717695380201 0.21551260783003148 8
1717695380461 0.46923828313277116 9
1717695380701 0.6142661603950406 10
1717695380943 0.7433080942447695 11
1717695381196 0.5995685723376178 12
1717695381479 0.6210355536457699 13
1717695381759 0.7356474753511251 14
1717695382018 0.724545392864346 15
1717695382259 0.75259890012806 16
