1717255324540 0.9034518691944766 1
1717255325114 0.9219289416592445 2
1717255325736 0.923560825071796 3
1717255326328 0.9253290934800832 4
1717255326920 0.9306063574414547 5
1717255327561 0.932187198617649 6
1717255328191 0.9331782726875736 7
1717255328783 0.9335069473322082 8
1717255329378 0.9336811696066801 9
1717255329980 0.9339429772933007 10
1717255330552 0.9342605143064014 11
1717255331121 0.934332246260189 12
1717255331690 0.9349302528062606 13
1717255332258 0.93582895657711 14
1717255332822 0.9366255065693877 15
1717255333381 0.9371079532069138 16
1717255333938 0.9377174201120411 17
1717255334494 0.9381652213975606 18
1717255335060 0.9392182318530882 19
1717255335613 0.939217680780268 20
1717255336173 0.9399718822572675 21
1717255336752 0.9406680718596482 22
1717255337506 0.9408089018400341 23
1717255338084 0.9410412573152355 24
1717255338634 0.9414325842722089 25
1717255339192 0.9425282868476909 26
1717255339745 0.9430554110137109 27
1717255340302 0.9434664975020364 28
1717255340866 0.9438519690771984 29
1717255341432 0.9438466090015097 30
1717255342034 0.9435450101567747 31
1717255342592 0.9440236464838304 32
1717255343147 0.9444903044131743 33
1717255343741 0.9446696455843373 34
1717255344301 0.9452208562853888 35
1717255344855 0.9462861783304567 36
1717255345417 0.9465532277618542 37
1717255345976 0.9481321588346981 38
1717255346532 0.9472518514787677 39
1717255347084 0.9474047977610511 40
1717255347628 0.9475345315619527 41
1717255348195 0.9481483309447569 42
1717255348924 0.9483328616083909 43
1717255349571 0.9480715463148709 44
1717255350129 0.948266490169694 45
1717255350772 0.9486718179194208 46
1717255351334 0.9490530380866229 47
1717255351887 0.9485717331919747 48
1717255352455 0.948667408991914 49
1717255353012 0.9488254414687053 50
1717255353582 0.9494543086834923 51
1717255354140 0.9489165355664911 52
1717255354693 0.9487850688183083 53
1717255355250 0.9489761132518194 54
1717255355831 0.9498508642877408 55
1717255356406 0.9497587837151399 56
1717255356963 0.9493774582879768 57
1717255357533 0.9502272790285247 58
1717255358139 0.949600680110251 59
1717255358715 0.9503204673721087 60
1717255359278 0.9500593286989433 61
1717255359861 0.9506748781395206 62
1717255360431 0.9507948871093881 63
1717255360983 0.9504261835858476 64
1717255361536 0.951061622056092 65
1717255362090 0.9512035826799422 66
1717255362641 0.9509079007900877 67
1717255363194 0.9504507869039467 68
1717255363755 0.9512223859633475 69
1717255364310 0.9513270958272947 70
1717255364862 0.9513370457509296 71
1717255365420 0.9510022277819433 72
1717255365990 0.9514712878658412 73
1717255366549 0.951350966732689 74
1717255367116 0.9520099142482472 75
1717255367674 0.9518471745646475 76
1717255368225 0.9501710694932857 77
1717255368776 0.9529527626046135 78
1717255369326 0.951986578085606 79
1717255369883 0.9518077918726982 80
1717255370440 0.9523485943312335 81
1717255370999 0.9523728832234449 82
1717255371555 0.9525443675093503 83
1717255372109 0.9518687565403726 84
1717255372666 0.9527237146900823 85
1717255373217 0.9525556084826919 86
1717255373770 0.9522060391436172 87
1717255374325 0.9528690322777389 88
1717255374877 0.9529602860952793 89
1717255375436 0.952461440983584 90
1717255375997 0.9528949666567573 91
1717255376557 0.9527818606520562 92
1717255377132 0.9529309902107096 93
1717255377687 0.9534557078166989 94
1717255378242 0.9532775753924018 95
1717255378797 0.9532651615255161 96
1717255379365 0.9532216941695082 97
1717255380173 0.9533140541233212 98
1717255380814 0.9535112923872724 99
