1709664442412 0.5547422766685486 1
1709664442659 0.5089721083641052 2
1709664442905 0.4966888427734375 3
1709664443296 0.4372401237487793 4
1709664443654 0.37172478437423706 5
1709664443954 0.33523714542388916 6
1709664444186 0.32939356565475464 7
1709664444429 0.3235165476799011 8
1709664444647 0.32230159640312195 9
1709664444865 0.3194945454597473 10
1709664445151 0.3181449770927429 11
1709664445405 0.31564778089523315 12
1709664445615 0.31397005915641785 13
1709664445834 0.3111262619495392 14
