1717233796210 0.24023046769213016 1
1717233798418 0.27948245493728596 2
1717233800835 0.29919834388937394 3
1717233803827 0.3133388618328105 4
1717233807057 0.3244447332724866 5
1717233810550 0.33487257826934286 6
1717233813421 0.34418887885593674 7
1717233815943 0.3500169157597108 8
1717233818214 0.35660409513857 9
1717233820574 0.3628056115553854 10
1717233822829 0.36776972882894693 11
1717233824991 0.3715134359806962 12
1717233827199 0.3755233394927202 13
1717233829447 0.3793834654340121 14
1717233831707 0.382463359758921 15
1717233833916 0.38669755819745555 16
1717233836205 0.39138647162520873 17
1717233838464 0.39532259404138353 18
1717233840740 0.3986696635556693 19
1717233843159 0.4019660501808679 20
1717233845453 0.40461119888383107 21
1717233847731 0.40704063959228887 22
1717233850025 0.4100959194823819 23
1717233852297 0.41161295097218176 24
1717233854620 0.4132621381849285 25
1717233857033 0.4151166479389731 26
1717233859432 0.4174106785305516 27
1717233861706 0.41920063549449776 28
1717233864124 0.4209097033534106 29
1717233866557 0.4219544690583236 30
1717233868860 0.4246400214644547 31
1717233871129 0.42584671126939383 32
1717233873615 0.42702075558551467 33
1717233875967 0.4279272901119887 34
1717233878469 0.42980486394893536 35
1717233880845 0.43057586097243217 36
1717233883344 0.43159688394601925 37
1717233885690 0.43350613170222035 38
1717233888086 0.433850399216932 39
1717233890515 0.4351310170812971 40
1717233893184 0.43600169084243173 41
1717233895666 0.43738442054409915 42
1717233898045 0.4384978920326145 43
1717233900372 0.43945486649893495 44
1717233902666 0.44014680418744695 45
1717233905144 0.44109201371950335 46
1717233907395 0.44178424180005316 47
1717233909677 0.44254792610758764 48
1717233911843 0.4437375172350085 49
1717233914191 0.4440069383161404 50
1717233916681 0.44508178018384204 51
1717233919109 0.4449850073336259 52
1717233921484 0.44646646296004366 53
1717233924043 0.4473386547800765 54
1717233926473 0.4482645453831678 55
1717233928770 0.4488569162255784 56
1717233931054 0.4496897277792683 57
1717233933450 0.449870615135823 58
1717233935802 0.4513154988518593 59
1717233938197 0.4511008789616737 60
1717233940654 0.4519517646519966 61
1717233942921 0.452290035473278 62
1717233945322 0.45371346276282093 63
1717233947706 0.4534349247733359 64
1717233949924 0.45505300179757524 65
1717233952304 0.4558143220472484 66
1717233954696 0.45624021211097093 67
1717233957031 0.45604052707761955 68
1717233959385 0.45606190120170076 69
1717233961806 0.4582286164902319 70
1717233964074 0.45753168316388515 71
1717233966551 0.45806192270254326 72
1717233969003 0.4595839097131143 73
1717233971331 0.4589822876635377 74
1717233973637 0.4610980868413545 75
1717233976083 0.4606237951547002 76
1717233978281 0.46210060569174227 77
1717233980672 0.4617210371988484 78
1717233983141 0.4617575134013052 79
1717233985361 0.4622918269986167 80
1717233987804 0.4624724854644637 81
1717233990114 0.46393563765212614 82
1717233992448 0.4639300534195367 83
1717233994685 0.46463153309741245 84
1717233996977 0.46473992447553825 85
1717233999256 0.46817011851743195 86
1717234001584 0.4669051512874633 87
1717234003995 0.46624320427552135 88
1717234006460 0.466954445513824 89
1717234008803 0.46763976832054105 90
1717234011345 0.4681505348094807 91
1717234013623 0.46867375899684777 92
1717234015821 0.4690601256611743 93
1717234018249 0.4698860448806714 94
1717234020613 0.4697970118492915 95
1717234022912 0.47013105096009195 96
1717234025281 0.4704530517873188 97
1717234027592 0.47055515911639834 98
1717234029934 0.47117483871473403 99
