1717233796210 1.1165685653686523 1
1717233798418 0.9381905794143677 2
1717233800835 0.8656917214393616 3
1717233803827 0.8132450580596924 4
1717233807057 0.7696419358253479 5
1717233810550 0.7340212464332581 6
1717233813421 0.706602156162262 7
1717233815943 0.6850613951683044 8
1717233818214 0.6627858877182007 9
1717233820574 0.6451094150543213 10
1717233822829 0.6297719478607178 11
1717233824991 0.6173105239868164 12
1717233827199 0.604016125202179 13
1717233829447 0.5912244915962219 14
1717233831707 0.5786363482475281 15
1717233833916 0.5679969787597656 16
1717233836205 0.558562159538269 17
1717233838464 0.5512872934341431 18
1717233840740 0.5442878007888794 19
1717233843159 0.5384249091148376 20
1717233845453 0.533176600933075 21
1717233847731 0.5298130512237549 22
1717233850025 0.5235415101051331 23
1717233852297 0.5202163457870483 24
1717233854620 0.5162376761436462 25
1717233857033 0.5134101510047913 26
1717233859432 0.509527862071991 27
1717233861706 0.5060787796974182 28
1717233864124 0.503341019153595 29
1717233866557 0.5001707077026367 30
1717233868860 0.4974454343318939 31
1717233871129 0.4947792887687683 32
1717233873615 0.49275749921798706 33
1717233875967 0.4901588559150696 34
1717233878469 0.4871557652950287 35
1717233880845 0.48598161339759827 36
1717233883344 0.4830845892429352 37
1717233885690 0.48143675923347473 38
1717233888086 0.48023131489753723 39
1717233890515 0.4780304431915283 40
1717233893184 0.476505845785141 41
1717233895666 0.47497403621673584 42
1717233898045 0.47346362471580505 43
1717233900372 0.4716286063194275 44
1717233902666 0.47027406096458435 45
1717233905144 0.469176322221756 46
1717233907395 0.46765032410621643 47
1717233909677 0.46630486845970154 48
1717233911843 0.4652661383152008 49
1717233914191 0.4643235206604004 50
1717233916681 0.46181172132492065 51
1717233919109 0.46148794889450073 52
1717233921484 0.45956024527549744 53
1717233924043 0.45868775248527527 54
1717233926473 0.45788830518722534 55
1717233928770 0.45765066146850586 56
1717233931054 0.45613887906074524 57
1717233933450 0.4556450843811035 58
1717233935802 0.45422348380088806 59
1717233938197 0.45376333594322205 60
1717233940654 0.4522351920604706 61
1717233942921 0.45210084319114685 62
1717233945322 0.45081591606140137 63
1717233947706 0.45078009366989136 64
1717233949924 0.44966745376586914 65
1717233952304 0.4488692283630371 66
1717233954696 0.44790831208229065 67
1717233957031 0.44743776321411133 68
1717233959385 0.4476526081562042 69
1717233961806 0.4456062912940979 70
1717233964074 0.44548070430755615 71
1717233966551 0.44488397240638733 72
1717233969003 0.44378024339675903 73
1717233971331 0.4434157609939575 74
1717233973637 0.4425510764122009 75
1717233976083 0.4423001706600189 76
1717233978281 0.44158560037612915 77
1717233980672 0.4413812458515167 78
1717233983141 0.44060537219047546 79
1717233985361 0.44000789523124695 80
1717233987804 0.4396258592605591 81
1717233990114 0.4386647641658783 82
1717233992448 0.4384599030017853 83
1717233994685 0.43759089708328247 84
1717233996977 0.4374588131904602 85
1717233999256 0.44129154086112976 86
1717234001584 0.43612661957740784 87
1717234003995 0.4354686141014099 88
1717234006460 0.4342472553253174 89
1717234008803 0.43417471647262573 90
1717234011345 0.43304795026779175 91
1717234013623 0.433151513338089 92
1717234015821 0.4321579933166504 93
1717234018249 0.4321206212043762 94
1717234020613 0.4312134087085724 95
1717234022912 0.43045225739479065 96
1717234025281 0.4303976893424988 97
1717234027592 0.4291609823703766 98
1717234029934 0.42834556102752686 99
