1716228719058 126323.0 1
1716228724738 126323.0 2
1716228732091 126323.0 3
1716228737096 126323.0 4
1716228744519 126323.0 5
1716228751679 126323.0 6
1716228757417 126323.0 7
1716228762102 126323.0 8
1716228766937 126323.0 9
1716228771606 126323.0 10
1716228776323 126323.0 11
1716228780991 126323.0 12
1716228785704 126323.0 13
1716228790369 126323.0 14
1716228795063 126323.0 15
1716228799691 126323.0 16
1716228804363 126323.0 17
1716228809004 126323.0 18
1716228813635 126323.0 19
1716228818279 126323.0 20
1716228822936 126323.0 21
1716228827537 126323.0 22
1716228832170 126323.0 23
1716228836840 126323.0 24
1716228841531 126323.0 25
1716228846136 126323.0 26
1716228850745 126323.0 27
1716228855400 126323.0 28
1716228860001 126323.0 29
1716228864574 126323.0 30
1716228869175 126323.0 31
1716228873894 126323.0 32
1716228878517 126323.0 33
1716228883107 126323.0 34
1716228887674 126323.0 35
1716228892265 126323.0 36
1716228896830 126323.0 37
1716228901434 126323.0 38
1716228906019 126323.0 39
1716228910660 126323.0 40
1716228915222 126323.0 41
1716228919853 126323.0 42
1716228924444 126323.0 43
1716228929026 126323.0 44
1716228933516 126323.0 45
1716228938018 126323.0 46
1716228942483 126323.0 47
1716228947035 126323.0 48
1716228951616 126323.0 49
1716228956090 126323.0 50
1716228960588 126323.0 51
1716228965086 126323.0 52
1716228969640 126323.0 53
1716228974189 126323.0 54
1716228978704 126323.0 55
1716228983269 126323.0 56
1716228987738 126323.0 57
1716228992239 126323.0 58
1716228996728 126323.0 59
1716229001256 126323.0 60
1716229005737 126323.0 61
1716229010153 126323.0 62
1716229014741 126323.0 63
1716229019164 126323.0 64
1716229023605 126323.0 65
1716229028122 126323.0 66
1716229032652 126323.0 67
1716229037096 126323.0 68
1716229041534 126323.0 69
1716229045942 126323.0 70
1716229050393 126323.0 71
1716229054849 126323.0 72
1716229059342 126323.0 73
1716229063866 126323.0 74
1716229068388 126323.0 75
1716229072840 126323.0 76
1716229077349 126323.0 77
1716229081809 126323.0 78
1716229086318 126323.0 79
1716229090806 126323.0 80
1716229095247 126323.0 81
1716229099722 126323.0 82
1716229104169 126323.0 83
1716229108594 126323.0 84
1716229113047 126323.0 85
1716229117491 126323.0 86
1716229122006 126323.0 87
1716229126457 126323.0 88
1716229130978 126323.0 89
1716229135495 126323.0 90
1716229139934 126323.0 91
1716229144467 126323.0 92
1716229148955 126323.0 93
1716229153496 126323.0 94
1716229158032 126323.0 95
1716229162465 126323.0 96
1716229167043 126323.0 97
1716229171555 126323.0 98
1716229176108 126323.0 99
