1716228719058 0.3598509052819317 1
1716228724738 0.4919195249682798 2
1716228732091 0.5123488753046329 3
1716228737096 0.5234901556340158 4
1716228744519 0.5448729259602781 5
1716228751679 0.5592255191923623 6
1716228757417 0.5735827768523084 7
1716228762102 0.5885713920311643 8
1716228766937 0.6035407167085536 9
1716228771606 0.6111836035637135 10
1716228776323 0.6172442480494509 11
1716228780991 0.6190797192500689 12
1716228785704 0.6265821209287882 13
1716228790369 0.6271842389475631 14
1716228795063 0.6432042910124943 15
1716228799691 0.6484444534902842 16
1716228804363 0.6500910475669592 17
1716228809004 0.6575574297874865 18
1716228813635 0.6606528431736016 19
1716228818279 0.6614852027908105 20
1716228822936 0.6636663099717172 21
1716228827537 0.6707870472401306 22
1716228832170 0.6752973206803039 23
1716228836840 0.6669662582950631 24
1716228841531 0.6815361162261251 25
1716228846136 0.6882768185915225 26
1716228850745 0.6925291375132173 27
1716228855400 0.6942485472173872 28
1716228860001 0.6997386860071219 29
1716228864574 0.6992545797542136 30
1716228869175 0.7052441027774077 31
1716228873894 0.7095105023662609 32
1716228878517 0.7122351746554875 33
1716228883107 0.7127514435720057 34
1716228887674 0.7195242429978241 35
1716228892265 0.7215084073113314 36
1716228896830 0.7240421635365671 37
1716228901434 0.7285644586048795 38
1716228906019 0.7281410728184274 39
1716228910660 0.7304110467918183 40
1716228915222 0.7364029407754936 41
1716228919853 0.7397015070229529 42
1716228924444 0.7411012137602783 43
1716228929026 0.7428226158571937 44
1716228933516 0.7467703924369955 45
1716228938018 0.7483257733939624 46
1716228942483 0.7519838200559542 47
1716228947035 0.7556281599121354 48
1716228951616 0.7575959148253408 49
1716228956090 0.7601976238886082 50
1716228960588 0.7615015137347373 51
1716228965086 0.7627019669053366 52
1716228969640 0.7633121776515198 53
1716228974189 0.7671442702463594 54
1716228978704 0.7649232991028393 55
1716228983269 0.7612752028933852 56
1716228987738 0.7641575941987601 57
1716228992239 0.7665856155327901 58
1716228996728 0.7705364978904817 59
1716229001256 0.7727663709409763 60
1716229005737 0.7695256390477212 61
1716229010153 0.7735680036646364 62
1716229014741 0.7728187999687266 63
1716229019164 0.7745247884999917 64
1716229023605 0.7739287836216311 65
1716229028122 0.7756442438287241 66
1716229032652 0.7695942027009344 67
1716229037096 0.7800734658212239 68
1716229041534 0.7824996373556465 69
1716229045942 0.7769889338376054 70
1716229050393 0.7802713459890805 71
1716229054849 0.7835491129698559 72
1716229059342 0.7787522255916912 73
1716229063866 0.7738155207893022 74
1716229068388 0.7834174295268179 75
1716229072840 0.7870810607750115 76
1716229077349 0.7855559316888066 77
1716229081809 0.7889312394119992 78
1716229086318 0.7834546680715659 79
1716229090806 0.7854998538363726 80
1716229095247 0.7912667598025597 81
1716229099722 0.790728542707651 82
1716229104169 0.7859279380975198 83
1716229108594 0.7779218604907954 84
1716229113047 0.7919569622347232 85
1716229117491 0.7932373941081761 86
1716229122006 0.7958042301615934 87
1716229126457 0.7929517742620269 88
1716229130978 0.7891875737784765 89
1716229135495 0.7916676048330911 90
1716229139934 0.7950360479105993 91
1716229144467 0.7936288322002591 92
1716229148955 0.7934613098463748 93
1716229153496 0.7947441242917981 94
1716229158032 0.7962549981869597 95
1716229162465 0.8000817780160131 96
1716229167043 0.8013273064327091 97
1716229171555 0.8028150880431 98
1716229176108 0.807008558414861 99
