1716228719058 0.9304009644845684 1
1716228724738 0.9627946994584261 2
1716228732091 0.9611961645733698 3
1716228737096 0.9600245009475663 4
1716228744519 0.959124095526233 5
1716228751679 0.9593637518304416 6
1716228757417 0.9606254416911403 7
1716228762102 0.9596918004200873 8
1716228766937 0.9587050235836921 9
1716228771606 0.9589330994691013 10
1716228776323 0.9598250434980454 11
1716228780991 0.9601589948175303 12
1716228785704 0.9604736291645904 13
1716228790369 0.9603478274228698 14
1716228795063 0.9606982653961404 15
1716228799691 0.9612505495843576 16
1716228804363 0.961321104857179 17
1716228809004 0.9617169911524431 18
1716228813635 0.9626104632863279 19
1716228818279 0.9626649916803132 20
1716228822936 0.9631184134988283 21
1716228827537 0.9636525074418905 22
1716228832170 0.9639578447815159 23
1716228836840 0.9641529608911711 24
1716228841531 0.9653809944300746 25
1716228846136 0.9656622674483691 26
1716228850745 0.9656924389704284 27
1716228855400 0.9656990803247214 28
1716228860001 0.965863898522536 29
1716228864574 0.9655611224980553 30
1716228869175 0.966259299186211 31
1716228873894 0.9665063532354918 32
1716228878517 0.9661789621714139 33
1716228883107 0.9665810745805641 34
1716228887674 0.9668863094113902 35
1716228892265 0.9667550705080986 36
1716228896830 0.9670777625239116 37
1716228901434 0.9665904363054992 38
1716228906019 0.9664303107339438 39
1716228910660 0.9665797818547245 40
1716228915222 0.9669796829411421 41
1716228919853 0.9667146946272379 42
1716228924444 0.966730631578416 43
1716228929026 0.9668917408259097 44
1716228933516 0.9669722671144617 45
1716228938018 0.9668739678087283 46
1716228942483 0.9670221272520286 47
1716228947035 0.9675088360905755 48
1716228951616 0.9670324754824716 49
1716228956090 0.9667098027402228 50
1716228960588 0.9671711843512666 51
1716228965086 0.9669123798754297 52
1716228969640 0.9675560611468865 53
1716228974189 0.9676294316783244 54
1716228978704 0.9671737316623694 55
1716228983269 0.9666283684409799 56
1716228987738 0.9670788839172815 57
1716228992239 0.9672859692131132 58
1716228996728 0.9675153145285773 59
1716229001256 0.9677935008720234 60
1716229005737 0.9674949583661533 61
1716229010153 0.9677533370819918 62
1716229014741 0.9676945183737621 63
1716229019164 0.9682572793843588 64
1716229023605 0.9677262932543639 65
1716229028122 0.9678132007140764 66
1716229032652 0.966909108013559 67
1716229037096 0.9684903972434987 68
1716229041534 0.9686087152018578 69
1716229045942 0.9677455030904181 70
1716229050393 0.9683938455155883 71
1716229054849 0.9687695734300624 72
1716229059342 0.9678887855053977 73
1716229063866 0.9678506916109691 74
1716229068388 0.9682107258490279 75
1716229072840 0.9690616684912242 76
1716229077349 0.9688773984756444 77
1716229081809 0.9689104410402478 78
1716229086318 0.9689428637031702 79
1716229090806 0.9687831160261491 80
1716229095247 0.9699475408652455 81
1716229099722 0.969214568822382 82
1716229104169 0.9689335634736553 83
1716229108594 0.9684213168732907 84
1716229113047 0.9690886098746537 85
1716229117491 0.9695672220114522 86
1716229122006 0.9695896990845909 87
1716229126457 0.9694944740651684 88
1716229130978 0.9694671955987614 89
1716229135495 0.9690498116135304 90
1716229139934 0.9700955428279912 91
1716229144467 0.9694268877526181 92
1716229148955 0.96960879880662 93
1716229153496 0.9694570869620248 94
1716229158032 0.9702718829551856 95
1716229162465 0.9700639050497685 96
1716229167043 0.9702870656072352 97
1716229171555 0.9706333280329671 98
1716229176108 0.971164211540438 99
