1716228719058 104250.0 1
1716228724738 88389.0 2
1716228732091 93757.0 3
1716228737096 97081.0 4
1716228744519 101493.0 5
1716228751679 103331.0 6
1716228757417 103892.0 7
1716228762102 107529.0 8
1716228766937 111198.0 9
1716228771606 111877.0 10
1716228776323 111732.0 11
1716228780991 111417.0 12
1716228785704 112319.0 13
1716228790369 112615.0 14
1716228795063 114543.0 15
1716228799691 114705.0 16
1716228804363 114852.0 17
1716228809004 115462.0 18
1716228813635 114810.0 19
1716228818279 114764.0 20
1716228822936 114550.0 21
1716228827537 115019.0 22
1716228832170 115451.0 23
1716228836840 113944.0 24
1716228841531 114598.0 25
1716228846136 115385.0 26
1716228850745 116161.0 27
1716228855400 116454.0 28
1716228860001 117128.0 29
1716228864574 117548.0 30
1716228869175 117575.0 31
1716228873894 118013.0 32
1716228878517 118884.0 33
1716228883107 118660.0 34
1716228887674 119317.0 35
1716228892265 119852.0 36
1716228896830 119913.0 37
1716228901434 121439.0 38
1716228906019 121601.0 39
1716228910660 121883.0 40
1716228915222 122428.0 41
1716228919853 123455.0 42
1716228924444 123677.0 43
1716228929026 123741.0 44
1716228933516 124488.0 45
1716228938018 124973.0 46
1716228942483 125338.0 47
1716228947035 125386.0 48
1716228951616 126462.0 49
1716228956090 127535.0 50
1716228960588 127029.0 51
1716228965086 127716.0 52
1716228969640 126866.0 53
1716228974189 127609.0 54
1716228978704 127766.0 55
1716228983269 127898.0 56
1716228987738 127876.0 57
1716228992239 128068.0 58
1716228996728 128511.0 59
1716229001256 128572.0 60
1716229005737 128358.0 61
1716229010153 128772.0 62
1716229014741 128675.0 63
1716229019164 128234.0 64
1716229023605 128882.0 65
1716229028122 129019.0 66
1716229032652 129100.0 67
1716229037096 128972.0 68
1716229041534 129276.0 69
1716229045942 129452.0 70
1716229050393 129267.0 71
1716229054849 129282.0 72
1716229059342 129539.0 73
1716229063866 128586.0 74
1716229068388 129907.0 75
1716229072840 129472.0 76
1716229077349 129580.0 77
1716229081809 130233.0 78
1716229086318 129132.0 79
1716229090806 129612.0 80
1716229095247 129052.0 81
1716229099722 130000.0 82
1716229104169 129576.0 83
1716229108594 128607.0 84
1716229113047 130590.0 85
1716229117491 130037.0 86
1716229122006 130447.0 87
1716229126457 130113.0 88
1716229130978 129564.0 89
1716229135495 130674.0 90
1716229139934 129645.0 91
1716229144467 130380.0 92
1716229148955 130089.0 93
1716229153496 130339.0 94
1716229158032 129474.0 95
1716229162465 130761.0 96
1716229167043 130587.0 97
1716229171555 130401.0 98
1716229176108 130569.0 99
