1717229561733 0.9361434450389865 1
1717229566084 0.9361434450389865 2
1717229570376 0.9361434450389865 3
1717229574781 0.9361434450389865 4
1717229579185 0.9361434450389865 5
1717229583495 0.9361434450389865 6
1717229587828 0.9361434450389865 7
1717229592108 0.9361434450389865 8
1717229596409 0.9361434450389865 9
1717229600677 0.9361434450389865 10
1717229605037 0.9361434450389865 11
1717229609306 0.9361434450389865 12
1717229613576 0.9361434450389865 13
1717229617893 0.9361434450389865 14
1717229622811 0.9361434450389865 15
1717229627146 0.9361434450389865 16
1717229631489 0.9361434450389865 17
1717229635928 0.9361434450389865 18
1717229640402 0.9361434450389865 19
1717229644790 0.9361434450389865 20
1717229649186 0.9361434450389865 21
1717229653552 0.9361434450389865 22
1717229658000 0.9361434450389865 23
1717229662337 0.9361434450389865 24
1717229666811 0.9361434450389865 25
1717229671172 0.9361434450389865 26
1717229675666 0.9361434450389865 27
1717229680377 0.9361434450389865 28
1717229684875 0.9361434450389865 29
1717229689332 0.9361434450389865 30
1717229693794 0.9361434450389865 31
1717229698308 0.9361434450389865 32
1717229702872 0.9361434450389865 33
1717229707335 0.9361434450389865 34
1717229711875 0.9361434450389865 35
1717229716577 0.9361434450389865 36
1717229721113 0.9361434450389865 37
1717229725687 0.9361434450389865 38
1717229730241 0.9361434450389865 39
1717229734867 0.9361434450389865 40
1717229739649 0.9361434450389865 41
1717229744295 0.9361434450389865 42
1717229748853 0.9361434450389865 43
1717229753525 0.9361434450389865 44
1717229758222 0.9361434450389865 45
1717229762825 0.9361434450389865 46
1717229767457 0.9361434450389865 47
1717229772160 0.9361434450389865 48
1717229776759 0.9361434450389865 49
1717229781388 0.9361434450389865 50
1717229785977 0.9361434450389865 51
1717229790640 0.9361434450389865 52
1717229795299 0.9361434450389865 53
1717229799933 0.9361434450389865 54
1717229805046 0.9361434450389865 55
1717229810076 0.9361434450389865 56
1717229814713 0.9361434450389865 57
1717229819491 0.9361434450389865 58
1717229824138 0.9361434450389865 59
1717229828775 0.9361434450389865 60
1717229833544 0.9361434450389865 61
1717229838228 0.9361434450389865 62
1717229842899 0.9361434450389865 63
1717229847543 0.9361434450389865 64
1717229852328 0.936173822634579 65
1717229857294 0.9361434450389865 66
1717229862030 0.9361434450389865 67
1717229866743 0.9361434450389865 68
1717229871373 0.9361434450389865 69
1717229876087 0.9361434450389865 70
1717229880729 0.9361434450389865 71
1717229885402 0.9361434450389865 72
1717229890270 0.9361434450389865 73
1717229894867 0.9361434450389865 74
1717229899522 0.9361434450389865 75
1717229904159 0.9361434450389865 76
1717229908838 0.9361434450389865 77
1717229913482 0.9361434450389865 78
1717229918126 0.9361434450389865 79
1717229922712 0.9361434450389865 80
1717229927390 0.9361434450389865 81
1717229932093 0.9361434450389865 82
1717229936825 0.9361434450389865 83
1717229941455 0.9361434450389865 84
1717229946142 0.9361434450389865 85
1717229950890 0.9361434450389865 86
1717229955506 0.9361434450389865 87
1717229960138 0.9361434450389865 88
1717229964774 0.9361434450389865 89
1717229969428 0.9361434450389865 90
1717229974152 0.9361434450389865 91
1717229978876 0.9361434450389865 92
1717229983552 0.9361434450389865 93
1717229988962 0.9361434450389865 94
1717229993695 0.9361434450389865 95
1717229998388 0.9361434450389865 96
1717230003032 0.9361434450389865 97
1717230008016 0.9361434450389865 98
1717230012941 0.9361434450389865 99
