1717229561733 22426.0 1
1717229566084 22426.0 2
1717229570376 22426.0 3
1717229574781 22426.0 4
1717229579185 22426.0 5
1717229583495 22426.0 6
1717229587828 22426.0 7
1717229592108 22426.0 8
1717229596409 22426.0 9
1717229600677 22426.0 10
1717229605037 22426.0 11
1717229609306 22426.0 12
1717229613576 22426.0 13
1717229617893 22426.0 14
1717229622811 22426.0 15
1717229627146 22426.0 16
1717229631489 22426.0 17
1717229635928 22426.0 18
1717229640402 22426.0 19
1717229644790 22426.0 20
1717229649186 22426.0 21
1717229653552 22426.0 22
1717229658000 22426.0 23
1717229662337 22426.0 24
1717229666811 22426.0 25
1717229671172 22426.0 26
1717229675666 22426.0 27
1717229680377 22426.0 28
1717229684875 22426.0 29
1717229689332 22426.0 30
1717229693794 22426.0 31
1717229698308 22426.0 32
1717229702872 22426.0 33
1717229707335 22426.0 34
1717229711875 22426.0 35
1717229716577 22426.0 36
1717229721113 22426.0 37
1717229725687 22426.0 38
1717229730241 22426.0 39
1717229734867 22426.0 40
1717229739649 22426.0 41
1717229744295 22426.0 42
1717229748853 22426.0 43
1717229753525 22426.0 44
1717229758222 22426.0 45
1717229762825 22426.0 46
1717229767457 22426.0 47
1717229772160 22426.0 48
1717229776759 22426.0 49
1717229781388 22426.0 50
1717229785977 22426.0 51
1717229790640 22426.0 52
1717229795299 22426.0 53
1717229799933 22426.0 54
1717229805046 22426.0 55
1717229810076 22426.0 56
1717229814713 22426.0 57
1717229819491 22426.0 58
1717229824138 22426.0 59
1717229828775 22426.0 60
1717229833544 22426.0 61
1717229838228 22426.0 62
1717229842899 22426.0 63
1717229847543 22426.0 64
1717229852328 22426.0 65
1717229857294 22426.0 66
1717229862030 22426.0 67
1717229866743 22426.0 68
1717229871373 22426.0 69
1717229876087 22426.0 70
1717229880729 22426.0 71
1717229885402 22426.0 72
1717229890270 22426.0 73
1717229894867 22426.0 74
1717229899522 22426.0 75
1717229904159 22426.0 76
1717229908838 22426.0 77
1717229913482 22426.0 78
1717229918126 22426.0 79
1717229922712 22426.0 80
1717229927390 22426.0 81
1717229932093 22426.0 82
1717229936825 22426.0 83
1717229941455 22426.0 84
1717229946142 22426.0 85
1717229950890 22426.0 86
1717229955506 22426.0 87
1717229960138 22426.0 88
1717229964774 22426.0 89
1717229969428 22426.0 90
1717229974152 22426.0 91
1717229978876 22426.0 92
1717229983552 22426.0 93
1717229988962 22426.0 94
1717229993695 22426.0 95
1717229998388 22426.0 96
1717230003032 22426.0 97
1717230008016 22426.0 98
1717230012941 22426.0 99
