1717535451826 0.2614606671487443 1
1717535454192 0.33442387280893215 2
1717535456487 0.3713575290225059 3
1717535458842 0.4060137653981646 4
1717535461121 0.4106207695918657 5
1717535463576 0.4166626017199277 6
1717535465901 0.4159663332866566 7
1717535468220 0.4251116041640826 8
1717535470530 0.4327371285522458 9
1717535472905 0.4413813776671601 10
1717535475236 0.4506306396454383 11
1717535477531 0.45550794817276785 12
1717535479839 0.4609716907732887 13
1717535482176 0.46270176239366306 14
1717535484525 0.46817987131249 15
1717535486794 0.4729300296134586 16
1717535489106 0.4768246313887664 17
1717535491403 0.4774666924956201 18
1717535493727 0.4827383412527819 19
1717535496066 0.49303078285123303 20
1717535498370 0.4931010517359963 21
1717535500696 0.5044501474387606 22
1717535502993 0.5040141459060692 23
1717535505553 0.5085087863949012 24
1717535508245 0.519537167753875 25
1717535510696 0.5157055670445156 26
1717535513128 0.5215459480619286 27
1717535515584 0.5283360482562562 28
1717535518066 0.5173762391096958 29
1717535520578 0.5335757757883709 30
1717535523127 0.5391328733910402 31
1717535525669 0.5236212870860296 32
1717535528149 0.5360495539550524 33
1717535530624 0.5434364661367683 34
1717535533156 0.5360880402887931 35
1717535535629 0.5484394429370523 36
1717535538167 0.5497972135134934 37
1717535540735 0.55625385702416 38
1717535543241 0.5176547405552671 39
1717535545791 0.5523136053461014 40
1717535548269 0.5598464843132697 41
1717535550838 0.5649428945741805 42
1717535553903 0.5640612127197485 43
1717535556739 0.5711053198607076 44
1717535559205 0.5650806169920455 45
1717535561905 0.5611401603375548 46
1717535564922 0.5671808007395444 47
1717535567833 0.581792519108636 48
1717535570200 0.582271383727584 49
1717535572567 0.5800678662927309 50
1717535574953 0.5843495647221563 51
1717535577321 0.5869272505027001 52
1717535580069 0.5919597199295586 53
1717535583115 0.5820524822067848 54
1717535585931 0.5940877781978148 55
1717535589041 0.5967588951336975 56
1717535592076 0.5892120298600705 57
1717535595177 0.6017876648741138 58
1717535598302 0.5759618363715299 59
1717535601371 0.5797484064747778 60
1717535604233 0.595101231189361 61
1717535606676 0.5789608490039602 62
1717535609133 0.6000205560319806 63
1717535611629 0.5985016925284774 64
1717535614054 0.6090302550465345 65
1717535616527 0.606825193639819 66
1717535619017 0.6009829652101011 67
1717535621510 0.563193096262886 68
1717535623933 0.5875058759106233 69
1717535626464 0.6027751968087754 70
1717535628948 0.6039702312279255 71
1717535631429 0.6105135253147403 72
1717535633950 0.6014532386430583 73
1717535636399 0.6104227243096865 74
1717535638850 0.5992318967311125 75
1717535641335 0.5833400202720619 76
1717535643807 0.5998983473759464 77
1717535646284 0.6120487080384389 78
1717535648740 0.6040080845668053 79
1717535651289 0.6084039918152049 80
1717535653818 0.6131366795316953 81
1717535656532 0.6120784442572275 82
1717535659002 0.6051223818015039 83
1717535661447 0.549474529496547 84
1717535663981 0.5703698965418229 85
1717535666479 0.5945900494499089 86
1717535668956 0.6121857610192082 87
1717535671514 0.603541201912906 88
1717535673950 0.6183394697287325 89
1717535676467 0.6103916682180587 90
1717535678948 0.6194990431918996 91
1717535681449 0.6201551066602201 92
1717535683890 0.612635989610377 93
1717535686353 0.6210218681354089 94
1717535688818 0.6247692932751966 95
1717535691330 0.619903294870963 96
1717535693822 0.6176834204056487 97
1717535696280 0.6158876279274416 98
1717535698669 0.6268501577915742 99
