1717535451826 0.26146069169044495 1
1717535454192 0.33442384004592896 2
1717535456487 0.3713575303554535 3
1717535458842 0.40601375699043274 4
1717535461121 0.410620778799057 5
1717535463576 0.4166626036167145 6
1717535465901 0.41596636176109314 7
1717535468220 0.4251116216182709 8
1717535470530 0.4327371418476105 9
1717535472905 0.44138139486312866 10
1717535475236 0.4506305754184723 11
1717535477531 0.4555079936981201 12
1717535479839 0.46097174286842346 13
1717535482176 0.4627017378807068 14
1717535484525 0.468179851770401 15
1717535486794 0.47293004393577576 16
1717535489106 0.4768246114253998 17
1717535491403 0.4774666726589203 18
1717535493727 0.48273834586143494 19
1717535496066 0.4930307865142822 20
1717535498370 0.4931010603904724 21
1717535500696 0.5044501423835754 22
1717535502993 0.5040141344070435 23
1717535505553 0.5085088014602661 24
1717535508245 0.5195371508598328 25
1717535510696 0.5157055854797363 26
1717535513128 0.5215458869934082 27
1717535515584 0.5283359885215759 28
1717535518066 0.5173762440681458 29
1717535520578 0.5335758328437805 30
1717535523127 0.5391328930854797 31
1717535525669 0.5236213207244873 32
1717535528149 0.5360496044158936 33
1717535530624 0.5434364676475525 34
1717535533156 0.5360880494117737 35
1717535535629 0.5484394431114197 36
1717535538167 0.5497972369194031 37
1717535540735 0.5562538504600525 38
1717535543241 0.5176547765731812 39
1717535545791 0.5523136258125305 40
1717535548269 0.5598464608192444 41
1717535550838 0.5649428367614746 42
1717535553903 0.5640612244606018 43
1717535556739 0.5711053013801575 44
1717535559205 0.5650806427001953 45
1717535561905 0.5611401796340942 46
1717535564922 0.5671808123588562 47
1717535567833 0.5817925930023193 48
1717535570200 0.5822713375091553 49
1717535572567 0.5800678730010986 50
1717535574953 0.5843495726585388 51
1717535577321 0.5869272351264954 52
1717535580069 0.5919597744941711 53
1717535583115 0.58205246925354 54
1717535585931 0.5940877795219421 55
1717535589041 0.5967589020729065 56
1717535592076 0.5892119407653809 57
1717535595177 0.6017876863479614 58
1717535598302 0.5759618878364563 59
1717535601371 0.5797484517097473 60
1717535604233 0.5951011776924133 61
1717535606676 0.5789608359336853 62
1717535609133 0.6000205278396606 63
1717535611629 0.5985016822814941 64
1717535614054 0.6090302467346191 65
1717535616527 0.6068252325057983 66
1717535619017 0.6009830832481384 67
1717535621510 0.5631930828094482 68
1717535623933 0.5875058174133301 69
1717535626464 0.6027751564979553 70
1717535628948 0.6039702892303467 71
1717535631429 0.6105135083198547 72
1717535633950 0.6014532446861267 73
1717535636399 0.6104227304458618 74
1717535638850 0.5992318987846375 75
1717535641335 0.5833399891853333 76
1717535643807 0.5998983979225159 77
1717535646284 0.6120486855506897 78
1717535648740 0.6040080189704895 79
1717535651289 0.6084039807319641 80
1717535653818 0.6131367087364197 81
1717535656532 0.6120784282684326 82
1717535659002 0.6051223874092102 83
1717535661447 0.5494745373725891 84
1717535663981 0.5703698992729187 85
1717535666479 0.5945900678634644 86
1717535668956 0.6121857762336731 87
1717535671514 0.6035411953926086 88
1717535673950 0.6183393597602844 89
1717535676467 0.6103916168212891 90
1717535678948 0.6194990277290344 91
1717535681449 0.6201551556587219 92
1717535683890 0.6126359701156616 93
1717535686353 0.6210218667984009 94
1717535688818 0.6247693300247192 95
1717535691330 0.6199033260345459 96
1717535693822 0.6176834106445312 97
1717535696280 0.6158876419067383 98
1717535698669 0.6268501281738281 99
