1717342005968 1.4475375413894653 1
1717342006619 1.345457673072815 2
1717342007266 1.3389511108398438 3
1717342007933 1.332467794418335 4
1717342008600 1.3203457593917847 5
1717342009308 1.290938138961792 6
1717342010000 1.2423123121261597 7
1717342010679 1.1743544340133667 8
1717342011353 1.0393675565719604 9
1717342012017 0.9003602266311646 10
1717342012665 0.821989119052887 11
1717342013342 0.7831441164016724 12
1717342013969 0.7660887241363525 13
1717342014653 0.7521114349365234 14
1717342015326 0.7391625642776489 15
1717342015982 0.725928008556366 16
1717342016613 0.7150035500526428 17
1717342017288 0.7079868316650391 18
1717342017952 0.6961942315101624 19
1717342018632 0.6863385438919067 20
1717342019330 0.6799710392951965 21
1717342020010 0.674475371837616 22
1717342020673 0.6664981842041016 23
1717342021346 0.6601554155349731 24
1717342022008 0.6569614410400391 25
1717342022699 0.6529361009597778 26
1717342023369 0.6477134227752686 27
1717342024063 0.6417032480239868 28
1717342024744 0.6363335847854614 29
1717342025429 0.6323956847190857 30
1717342026111 0.6285434365272522 31
1717342026772 0.6245415210723877 32
1717342027470 0.62044757604599 33
1717342028151 0.6168909072875977 34
1717342028811 0.6133772134780884 35
1717342029497 0.6099693775177002 36
1717342030182 0.6067224740982056 37
1717342030861 0.6037565469741821 38
1717342031544 0.6008273959159851 39
1717342032238 0.5979179739952087 40
1717342032902 0.5949113965034485 41
1717342033549 0.5914971232414246 42
1717342034188 0.5877066850662231 43
1717342034891 0.5843343138694763 44
1717342035590 0.58077073097229 45
1717342036233 0.5766909122467041 46
1717342036914 0.5729014277458191 47
1717342037613 0.570402204990387 48
1717342038276 0.5703443884849548 49
1717342038947 0.5708893537521362 50
1717342039641 0.5669497847557068 51
1717342040337 0.5619676113128662 52
1717342040984 0.5572540760040283 53
1717342041673 0.5529912710189819 54
1717342042336 0.5493488311767578 55
1717342042974 0.5459922552108765 56
1717342043657 0.5427162051200867 57
1717342044342 0.5394735336303711 58
1717342045028 0.5362522602081299 59
1717342045721 0.5330356955528259 60
1717342046385 0.5298070311546326 61
1717342047083 0.5265755653381348 62
1717342047744 0.5233721733093262 63
1717342048424 0.5202307105064392 64
1717342049124 0.5171655416488647 65
1717342049812 0.5141519904136658 66
1717342050494 0.5109687447547913 67
1717342051124 0.5066847205162048 68
1717342051833 0.5017754435539246 69
1717342052513 0.4984419643878937 70
1717342053181 0.4959486126899719 71
1717342053851 0.4936630427837372 72
1717342054510 0.4912692904472351 73
1717342055185 0.4888734221458435 74
1717342055859 0.48655638098716736 75
1717342056552 0.48438549041748047 76
1717342057229 0.4823099970817566 77
1717342057919 0.48024117946624756 78
1717342058613 0.47815462946891785 79
1717342059263 0.4760393798351288 80
1717342059947 0.47390609979629517 81
1717342060600 0.47189033031463623 82
1717342061238 0.47030383348464966 83
1717342061929 0.469389408826828 84
1717342062603 0.4685930907726288 85
1717342063249 0.46745187044143677 86
1717342063944 0.46683549880981445 87
1717342064606 0.4656067490577698 88
1717342065278 0.46281611919403076 89
1717342065951 0.4594128429889679 90
1717342066632 0.4567210078239441 91
1717342067323 0.4545523226261139 92
1717342067971 0.45337989926338196 93
1717342068656 0.4526378810405731 94
1717342069283 0.45186835527420044 95
1717342069927 0.4509148895740509 96
1717342070604 0.4499029517173767 97
1717342071275 0.4490374028682709 98
1717342071887 0.4483706057071686 99
