1717342005968 0.707073052450515 1
1717342006619 0.8709837434256785 2
1717342007266 0.8720422407838585 3
1717342007933 0.8720422407838585 4
1717342008600 0.8692404343169243 5
1717342009308 0.850887894837428 6
1717342010000 0.8385740883154091 7
1717342010679 0.822013146251805 8
1717342011353 0.8388859858583135 9
1717342012017 0.8684250641281525 10
1717342012665 0.8752696945366107 11
1717342013342 0.8797381484913941 12
1717342013969 0.8776826409948347 13
1717342014653 0.880106646848573 14
1717342015326 0.8804287011333709 15
1717342015982 0.8803309615797607 16
1717342016613 0.8796717282912122 17
1717342017288 0.8798013935573373 18
1717342017952 0.879532978925755 19
1717342018632 0.881120612153381 20
1717342019330 0.8807479980538401 21
1717342020010 0.8804158236635018 22
1717342020673 0.8816872150802714 23
1717342021346 0.8824904593230534 24
1717342022008 0.8843393348402012 25
1717342022699 0.8839214278839183 26
1717342023369 0.8854767062708132 27
1717342024063 0.8871443125052803 28
1717342024744 0.8892534260258734 29
1717342025429 0.8904843825501542 30
1717342026111 0.8929670842898972 31
1717342026772 0.8948779055547061 32
1717342027470 0.8969172239705745 33
1717342028151 0.8983627745854865 34
1717342028811 0.8996320315263489 35
1717342029497 0.901348933555919 36
1717342030182 0.9023878728136598 37
1717342030861 0.9033831764997141 38
1717342031544 0.9046580569568453 39
1717342032238 0.9056293038651954 40
1717342032902 0.9069218690653889 41
1717342033549 0.9076121528875277 42
1717342034188 0.9088993295730016 43
1717342034891 0.9103655649071374 44
1717342035590 0.9109616613479411 45
1717342036233 0.9113142131373989 46
1717342036914 0.9123370391257783 47
1717342037613 0.912817954430924 48
1717342038276 0.912952304070804 49
1717342038947 0.912607599896383 50
1717342039641 0.912438256481457 51
1717342040337 0.9139285062364986 52
1717342040984 0.9147656903282944 53
1717342041673 0.9155763446988908 54
1717342042336 0.9162587730357169 55
1717342042974 0.9170062900055994 56
1717342043657 0.9175884636606729 57
1717342044342 0.9183737470391956 58
1717342045028 0.9192744091813664 59
1717342045721 0.9205020215872624 60
1717342046385 0.9217022889130587 61
1717342047083 0.9228028857084886 62
1717342047744 0.9242136050457628 63
1717342048424 0.9255487175734523 64
1717342049124 0.926818291119647 65
1717342049812 0.9280390398761761 66
1717342050494 0.9292359769245212 67
1717342051124 0.9303581766813156 68
1717342051833 0.9315051192279206 69
1717342052513 0.9323520546030188 70
1717342053181 0.9331211999766882 71
1717342053851 0.9341303733239439 72
1717342054510 0.9350210522635585 73
1717342055185 0.9358064334665577 74
1717342055859 0.9367988021981628 75
1717342056552 0.9375194311278604 76
1717342057229 0.9383741059130484 77
1717342057919 0.9391987611888744 78
1717342058613 0.9399561013794258 79
1717342059263 0.9408136346304973 80
1717342059947 0.9415799031869881 81
1717342060600 0.942417709822445 82
1717342061238 0.9430619629463531 83
1717342061929 0.9435656047777699 84
1717342062603 0.9442207015323031 85
1717342063249 0.9448745733276254 86
1717342063944 0.945088468520184 87
1717342064606 0.9451816962073024 88
1717342065278 0.9454965148526099 89
1717342065951 0.9462284113630742 90
1717342066632 0.9466871524227565 91
1717342067323 0.9470859952023981 92
1717342067971 0.9471189537034934 93
1717342068656 0.9470386837775278 94
1717342069283 0.9470749741359246 95
1717342069927 0.9471995864602379 96
1717342070604 0.9473258935580284 97
1717342071275 0.9473541445662921 98
1717342071887 0.9473647263722191 99
