1717343824087 0.6827874007159813 1
1717343825279 0.7486452647504372 2
1717343826710 0.7788013283562141 3
1717343827985 0.7985384235425717 4
1717343829272 0.8242535175219537 5
1717343830479 0.840244538483987 6
1717343831690 0.8486047537772465 7
1717343832907 0.8592993217301478 8
1717343834217 0.8655944534401369 9
1717343835584 0.8727309174562342 10
1717343836890 0.8694243340344279 11
1717343838229 0.8753658667551998 12
1717343839481 0.8776350598377592 13
1717343840733 0.8730195958945581 14
1717343842020 0.8804690699083987 15
1717343843292 0.8791785862519815 16
1717343844576 0.8753255249426636 17
1717343845799 0.8813275856773366 18
1717343847030 0.8837515317333177 19
1717343848251 0.8838645080710462 20
1717343849491 0.8856604225151041 21
1717343850699 0.88335830091839 22
1717343851900 0.8863134818316111 23
1717343853104 0.8881783515453159 24
1717343854279 0.8899913947611469 25
1717343855563 0.8899504493577244 26
1717343856992 0.8920281034094953 27
1717343858438 0.894380515484884 28
1717343859744 0.8942831225201876 29
1717343861143 0.8939612789817823 30
1717343862531 0.8958916892848863 31
1717343863854 0.8972374728404239 32
1717343865141 0.8980724027423566 33
1717343866355 0.8960788154227942 34
1717343867534 0.8968752263699048 35
1717343868699 0.8975423426683181 36
1717343869881 0.8986396833071131 37
1717343871057 0.898637811953982 38
1717343872351 0.8998894332030426 39
1717343873580 0.9001495132971928 40
1717343874759 0.9020676877878164 41
1717343876075 0.9025207054716968 42
1717343877290 0.9031934754914489 43
1717343878495 0.9020989404246174 44
1717343879644 0.9068471802753486 45
1717343880816 0.9039905877020946 46
1717343882005 0.9050437550111338 47
1717343883196 0.9065979711152282 48
1717343884404 0.9077520322830932 49
1717343885665 0.9058067976390122 50
1717343887211 0.9084471529850896 51
1717343888730 0.9087609554652789 52
1717343890022 0.9105229215373766 53
1717343891234 0.9104364275803362 54
1717343892484 0.9101273379549136 55
1717343893803 0.9111472405803652 56
1717343895029 0.9122589531413603 57
1717343896208 0.9125218861829951 58
1717343897411 0.9138718234282805 59
1717343898652 0.9137334126099282 60
1717343899883 0.9141473095264198 61
1717343901234 0.9110279853255244 62
1717343902521 0.9158745599210444 63
1717343903811 0.9163928798070623 64
1717343904995 0.915690880765516 65
1717343906179 0.9168524694758605 66
1717343907362 0.9199016064646112 67
1717343908589 0.9205186966111907 68
1717343909866 0.9212956644732321 69
1717343911390 0.9206437116326242 70
1717343912656 0.92010481370304 71
1717343913885 0.9224217870253069 72
1717343915068 0.9239070885706464 73
1717343916294 0.9228844433088852 74
1717343917651 0.9212263899746431 75
1717343919002 0.9198212226246226 76
1717343920165 0.9241872798772257 77
1717343921330 0.9264371247099626 78
1717343922538 0.9267181375328654 79
1717343923733 0.9273463666478415 80
1717343924961 0.9284499135949125 81
1717343926112 0.9283867715165902 82
1717343927423 0.9273854027792078 83
1717343928619 0.9285684413826245 84
1717343929923 0.9311093348371645 85
1717343931495 0.9299535589384171 86
1717343932776 0.9309831634986815 87
1717343934085 0.9300021105939126 88
1717343935326 0.9315407364677687 89
1717343936733 0.9312355067200845 90
1717343937987 0.9317500309473512 91
1717343939218 0.9324887092971685 92
1717343940426 0.9333102302027384 93
1717343941617 0.9342175383614569 94
1717343942931 0.9349377812446964 95
1717343944182 0.9348545687715732 96
1717343945407 0.9362870184987631 97
1717343946634 0.9370786361616883 98
1717343947827 0.9380905731402259 99
