1715018611775 0.2277223812370856 1
1715018611856 0.29668295987327925 2
1715018611933 0.3044463799554271 3
1715018612012 0.30417564292884325 4
1715018612101 0.3054921544020028 5
1715018612179 0.30597014810967016 6
1715018612254 0.3076590494835836 7
1715018612333 0.30738419409601514 8
1715018612409 0.30817984987909985 9
1715018612484 0.30817984987909985 10
1715018612560 0.30687332321163774 11
1715018612635 0.3069090169573215 12
1715018612712 0.3073062360226329 13
1715018612789 0.31581677897617105 14
1715018612865 0.3158470934002192 15
1715018612943 0.3162071168643572 16
1715018613019 0.3162071168643572 17
1715018613097 0.31751364353181927 18
1715018613173 0.31751364353181927 19
1715018613248 0.31751364353181927 20
1715018613328 0.31751364353181927 21
1715018613403 0.31751364353181927 22
1715018613480 0.31751364353181927 23
1715018613557 0.31751364353181927 24
1715018613632 0.31751364353181927 25
1715018613709 0.31751364353181927 26
1715018613784 0.31751364353181927 27
1715018613859 0.31751364353181927 28
1715018613937 0.32565493783693034 29
1715018614023 0.3274037424265859 30
1715018614102 0.3274037424265859 31
1715018614179 0.3274037424265859 32
1715018614283 0.3283565518631088 33
1715018614359 0.3283565518631088 34
1715018614434 0.3283565518631088 35
1715018614512 0.3283565518631088 36
1715018614585 0.3283565518631088 37
1715018614664 0.3283565518631088 38
1715018614742 0.33926426400186616 39
1715018614817 0.33926426400186616 40
1715018614894 0.3381820157717197 41
1715018614969 0.3381820157717197 42
1715018615043 0.3381820157717197 43
1715018615123 0.3381820157717197 44
1715018615201 0.3381820157717197 45
1715018615277 0.3381820157717197 46
1715018615354 0.3381820157717197 47
1715018615429 0.3381820157717197 48
1715018615506 0.3381820157717197 49
1715018615582 0.3381820157717197 50
1715018615657 0.3381820157717197 51
1715018615735 0.3381820157717197 52
1715018615812 0.3381820157717197 53
1715018615888 0.3381820157717197 54
1715018615963 0.3381820157717197 55
1715018616038 0.3381820157717197 56
1715018616116 0.3381820157717197 57
1715018616191 0.3381820157717197 58
1715018616266 0.3381820157717197 59
1715018616343 0.3381820157717197 60
1715018616418 0.3381820157717197 61
1715018616494 0.3381820157717197 62
1715018616573 0.3381820157717197 63
1715018616649 0.3381820157717197 64
1715018616725 0.3381820157717197 65
1715018616801 0.3381820157717197 66
1715018616875 0.3381820157717197 67
1715018616951 0.3381820157717197 68
1715018617025 0.3381820157717197 69
1715018617103 0.3381820157717197 70
1715018617179 0.3381820157717197 71
1715018617254 0.3381820157717197 72
1715018617333 0.3381820157717197 73
1715018617410 0.3381820157717197 74
1715018617484 0.3368754891042576 75
1715018617573 0.3368754891042576 76
1715018617647 0.3368754891042576 77
1715018617725 0.3368754891042576 78
1715018617799 0.3368754891042576 79
1715018617873 0.3368754891042576 80
1715018617951 0.3368754891042576 81
1715018618025 0.3368754891042576 82
1715018618103 0.3368754891042576 83
1715018618181 0.3368754891042576 84
1715018618256 0.3368754891042576 85
1715018618334 0.3351266845146021 86
1715018618407 0.3351266845146021 87
1715018618538 0.3351266845146021 88
1715018618641 0.3351266845146021 89
1715018618724 0.3351266845146021 90
1715018618801 0.3351266845146021 91
1715018618876 0.3351266845146021 92
1715018618955 0.3351266845146021 93
1715018619032 0.3351266845146021 94
1715018619110 0.3351266845146021 95
1715018619184 0.3351266845146021 96
1715018619259 0.3351266845146021 97
1715018619337 0.3351266845146021 98
1715018619411 0.3351266845146021 99
