1715018611775 0.5656470095288697 1
1715018611856 0.6187674004389218 2
1715018611933 0.6610972472762107 3
1715018612012 0.6606266276684386 4
1715018612101 0.667159351276855 5
1715018612179 0.6676994925684397 6
1715018612254 0.67025386912506 7
1715018612333 0.67025386912506 8
1715018612409 0.6712766423572412 9
1715018612484 0.6712766423572412 10
1715018612560 0.6698470876370634 11
1715018612635 0.6701770008698831 12
1715018612712 0.6708458723350831 13
1715018612789 0.7091626227932089 14
1715018612865 0.7093138400924678 15
1715018612943 0.7110528390339467 16
1715018613019 0.7110528390339467 17
1715018613097 0.7124823937541246 18
1715018613173 0.7124823937541246 19
1715018613248 0.7124823937541246 20
1715018613328 0.7124823937541246 21
1715018613403 0.7124823937541246 22
1715018613480 0.7124823937541246 23
1715018613557 0.7124823937541246 24
1715018613632 0.7124823937541246 25
1715018613709 0.7124823937541246 26
1715018613784 0.7124823937541246 27
1715018613859 0.7124823937541246 28
1715018613937 0.742650244956302 29
1715018614023 0.744258700838655 30
1715018614102 0.744258700838655 31
1715018614179 0.744258700838655 32
1715018614283 0.7456489880048662 33
1715018614359 0.7456489880048662 34
1715018614434 0.7456489880048662 35
1715018614512 0.7456489880048662 36
1715018614585 0.7456489880048662 37
1715018614664 0.7456489880048662 38
1715018614742 0.7852417481858618 39
1715018614817 0.7852417481858618 40
1715018614894 0.7839997926704502 41
1715018614969 0.7839997926704502 42
1715018615043 0.7839997926704502 43
1715018615123 0.7839997926704502 44
1715018615201 0.7839997926704502 45
1715018615277 0.7839997926704502 46
1715018615354 0.7839997926704502 47
1715018615429 0.7839997926704502 48
1715018615506 0.7839997926704502 49
1715018615582 0.7839997926704502 50
1715018615657 0.7839997926704502 51
1715018615735 0.7839997926704502 52
1715018615812 0.7839997926704502 53
1715018615888 0.7839997926704502 54
1715018615963 0.7839997926704502 55
1715018616038 0.7839997926704502 56
1715018616116 0.7839997926704502 57
1715018616191 0.7839997926704502 58
1715018616266 0.7839997926704502 59
1715018616343 0.7839997926704502 60
1715018616418 0.7839997926704502 61
1715018616494 0.7839997926704502 62
1715018616573 0.7839997926704502 63
1715018616649 0.7839997926704502 64
1715018616725 0.7839997926704502 65
1715018616801 0.7839997926704502 66
1715018616875 0.7839997926704502 67
1715018616951 0.7839997926704502 68
1715018617025 0.7839997926704502 69
1715018617103 0.7839997926704502 70
1715018617179 0.7839997926704502 71
1715018617254 0.7839997926704502 72
1715018617333 0.7839997926704502 73
1715018617410 0.7839997926704502 74
1715018617484 0.7825702379502723 75
1715018617573 0.7825702379502723 76
1715018617647 0.7825702379502723 77
1715018617725 0.7825702379502723 78
1715018617799 0.7825702379502723 79
1715018617873 0.7825702379502723 80
1715018617951 0.7825702379502723 81
1715018618025 0.7825702379502723 82
1715018618103 0.7825702379502723 83
1715018618181 0.7825702379502723 84
1715018618256 0.7825702379502723 85
1715018618334 0.7809617820679193 86
1715018618407 0.7809617820679193 87
1715018618538 0.7809617820679193 88
1715018618641 0.7809617820679193 89
1715018618724 0.7809617820679193 90
1715018618801 0.7809617820679193 91
1715018618876 0.7809617820679193 92
1715018618955 0.7809617820679193 93
1715018619032 0.7809617820679193 94
1715018619110 0.7809617820679193 95
1715018619184 0.7809617820679193 96
1715018619259 0.7809617820679193 97
1715018619337 0.7809617820679193 98
1715018619411 0.7809617820679193 99
