1717444162962 0.21169980166580538 1
1717444163915 0.3180226033692987 2
1717444164849 0.3644587156497403 3
1717444165783 0.3889870924553834 4
1717444166627 0.414870779062122 5
1717444167480 0.4321339690341145 6
1717444168322 0.4526515793783104 7
1717444169222 0.46222012378821337 8
1717444170068 0.47496388586538857 9
1717444170948 0.48644689347484515 10
1717444171794 0.49277174499660076 11
1717444172659 0.493484565440939 12
1717444173516 0.5039790894448682 13
1717444174381 0.5181719396408265 14
1717444175224 0.5185932583576724 15
1717444176110 0.525757705970313 16
1717444176960 0.5263096857337219 17
1717444177846 0.5358120651221517 18
1717444178747 0.5320613714804291 19
1717444179627 0.5442345152573808 20
1717444180515 0.5410310580295526 21
1717444181422 0.5357715197814893 22
1717444182285 0.5464460199419717 23
1717444183148 0.5572573980056906 24
1717444184010 0.5657461280800974 25
1717444184895 0.5600063226583103 26
1717444185789 0.5736456413356905 27
1717444186638 0.5770356547412009 28
1717444187498 0.5811089852685226 29
1717444188350 0.589951183192594 30
1717444189207 0.5865523633905366 31
1717444190051 0.5957725100271015 32
1717444190904 0.5929545368158967 33
1717444191765 0.600853688475752 34
1717444192625 0.5992853594747148 35
1717444193498 0.5951139706972798 36
1717444194363 0.6037701661685367 37
1717444195228 0.6130232699532654 38
1717444196101 0.6135936236091891 39
1717444196974 0.6151399255526179 40
1717444197832 0.6133595258604753 41
1717444198713 0.6188965660879313 42
1717444199588 0.621027907828238 43
1717444200439 0.6202578147110808 44
1717444201306 0.618010600132424 45
1717444202142 0.6280758933393207 46
1717444202994 0.633258976719289 47
1717444203865 0.6266966704655204 48
1717444204720 0.6311037909827811 49
1717444205565 0.6291449235280252 50
1717444206379 0.6375563526870774 51
1717444207239 0.632658079713523 52
1717444208116 0.6455834110324175 53
1717444208979 0.6320302590459465 54
1717444209843 0.6493603086272701 55
1717444210702 0.6390661378111746 56
1717444211575 0.6520212332562618 57
1717444212434 0.6401354879211885 58
1717444213300 0.6431878968887154 59
1717444214183 0.6511031830570477 60
1717444215046 0.6582648355943339 61
1717444215915 0.6441790057179472 62
1717444216749 0.6441295899295402 63
1717444217619 0.657438995300849 64
1717444218475 0.654619150367222 65
1717444219316 0.661630676519169 66
1717444220158 0.652695139689438 67
1717444221005 0.6693499575445409 68
1717444221889 0.6565581093047606 69
1717444222741 0.6736329682432786 70
1717444223595 0.6561985919611838 71
1717444224475 0.6610819936650044 72
1717444225330 0.6681004716757413 73
1717444226185 0.6682285457782825 74
1717444227061 0.6619962018842763 75
1717444227921 0.6667442502345665 76
1717444228782 0.6611166728389176 77
1717444229632 0.6842430134476684 78
1717444230520 0.6727497622089471 79
1717444231403 0.6728831201280914 80
1717444232255 0.6825038440275869 81
1717444233136 0.6710049266644414 82
1717444234047 0.6732815408855554 83
1717444234908 0.6716914453280768 84
1717444235758 0.6696604768615257 85
1717444236649 0.6830810860703149 86
1717444237519 0.68855275650219 87
1717444238364 0.6681212651382381 88
1717444239218 0.675034667629644 89
1717444240065 0.6802552804345315 90
1717444240923 0.6844188060097741 91
1717444241794 0.6800242889591546 92
1717444242636 0.6912331849781819 93
1717444243524 0.6808361983874869 94
1717444244388 0.6906815215211106 95
1717444245246 0.6855829352140451 96
1717444246115 0.697158291035622 97
1717444246984 0.6882026324570776 98
1717444247828 0.6720333188893408 99
