1717444162962 0.33037564158439636 1
1717444163915 0.4451179802417755 2
1717444164849 0.49646133184432983 3
1717444165783 0.5267378687858582 4
1717444166627 0.5534326434135437 5
1717444167480 0.5718778967857361 6
1717444168322 0.5923585295677185 7
1717444169222 0.5990753173828125 8
1717444170068 0.6128121018409729 9
1717444170948 0.6273167729377747 10
1717444171794 0.6320645213127136 11
1717444172659 0.6298700571060181 12
1717444173516 0.6422196626663208 13
1717444174381 0.6520982980728149 14
1717444175224 0.6551870703697205 15
1717444176110 0.6599817872047424 16
1717444176960 0.662836492061615 17
1717444177846 0.6711443662643433 18
1717444178747 0.6686758399009705 19
1717444179627 0.6792760491371155 20
1717444180515 0.6764379143714905 21
1717444181422 0.6699978113174438 22
1717444182285 0.6823250651359558 23
1717444183148 0.6907877922058105 24
1717444184010 0.7003100514411926 25
1717444184895 0.6937228441238403 26
1717444185789 0.7067167162895203 27
1717444186638 0.7083123326301575 28
1717444187498 0.7137688994407654 29
1717444188350 0.7197260856628418 30
1717444189207 0.715781033039093 31
1717444190051 0.7257181406021118 32
1717444190904 0.7206631898880005 33
1717444191765 0.7293349504470825 34
1717444192625 0.7273765802383423 35
1717444193498 0.7193359136581421 36
1717444194363 0.7321680188179016 37
1717444195228 0.741240382194519 38
1717444196101 0.7385720610618591 39
1717444196974 0.7380598187446594 40
1717444197832 0.7394617199897766 41
1717444198713 0.7425376772880554 42
1717444199588 0.7440556883811951 43
1717444200439 0.7444039583206177 44
1717444201306 0.7408108115196228 45
1717444202142 0.7520111203193665 46
1717444202994 0.75603187084198 47
1717444203865 0.7477155327796936 48
1717444204720 0.7518442273139954 49
1717444205565 0.7513484954833984 50
1717444206379 0.7580390572547913 51
1717444207239 0.7552193999290466 52
1717444208116 0.7644802927970886 53
1717444208979 0.7533664107322693 54
1717444209843 0.7679810523986816 55
1717444210702 0.7586493492126465 56
1717444211575 0.7697572708129883 57
1717444212434 0.7606447339057922 58
1717444213300 0.7632742524147034 59
1717444214183 0.7690539360046387 60
1717444215046 0.7762126326560974 61
1717444215915 0.7605544924736023 62
1717444216749 0.7639479637145996 63
1717444217619 0.775096595287323 64
1717444218475 0.7713484168052673 65
1717444219316 0.7773616909980774 66
1717444220158 0.7716155052185059 67
1717444221005 0.7833880186080933 68
1717444221889 0.7724809646606445 69
1717444222741 0.787011444568634 70
1717444223595 0.7745218873023987 71
1717444224475 0.7765962481498718 72
1717444225330 0.7824455499649048 73
1717444226185 0.7828754782676697 74
1717444227061 0.7787960767745972 75
1717444227921 0.7815268635749817 76
1717444228782 0.7777751088142395 77
1717444229632 0.794023871421814 78
1717444230520 0.7882376313209534 79
1717444231403 0.7876815795898438 80
1717444232255 0.7917962074279785 81
1717444233136 0.7871243357658386 82
1717444234047 0.7886009216308594 83
1717444234908 0.7848790287971497 84
1717444235758 0.7857213020324707 85
1717444236649 0.7957257628440857 86
1717444237519 0.7994774580001831 87
1717444238364 0.7824424505233765 88
1717444239218 0.7895199656486511 89
1717444240065 0.79322749376297 90
1717444240923 0.7975081205368042 91
1717444241794 0.794831395149231 92
1717444242636 0.8015443086624146 93
1717444243524 0.7952208518981934 94
1717444244388 0.7998848557472229 95
1717444245246 0.7977665662765503 96
1717444246115 0.8066244125366211 97
1717444246984 0.7995607256889343 98
1717444247828 0.7875179052352905 99
