1717534443897 0.06678034062662387 1
1717534454024 0.15416377797783187 2
1717534463819 0.19428004735424764 3
1717534473721 0.20105248477717705 4
1717534483646 0.20057459369503397 5
1717534495713 0.19915528873643684 6
1717534505832 0.19992798630340772 7
1717534515888 0.19915528873643684 8
1717534525872 0.19915528873643684 9
1717534535804 0.19915528873643684 10
1717534545882 0.19992798630340772 11
1717534555928 0.19992798630340772 12
1717534565826 0.2006061553108109 13
1717534576239 0.19915528873643684 14
1717534586075 0.19992798630340772 15
1717534595858 0.20105248477717705 16
1717534606034 0.19915528873643684 17
1717534616787 0.19915528873643684 18
1717534627268 0.19915528873643684 19
1717534637403 0.20105248477717705 20
1717534647467 0.19803079026266748 21
1717534657599 0.19915528873643684 22
1717534667997 0.19803079026266748 23
1717534678071 0.19992798630340772 24
1717534688108 0.18687423522584296 25
1717534698321 0.19964281439083725 26
1717534708565 0.20105248477717705 27
1717534718683 0.20105248477717705 28
1717534728868 0.20105248477717705 29
1717534739489 0.20105248477717705 30
1717534751130 0.20105248477717705 31
1717534761216 0.20105248477717705 32
1717534771358 0.20105248477717705 33
1717534781280 0.20105248477717705 34
1717534791687 0.20105248477717705 35
1717534801684 0.19915528873643684 36
1717534811762 0.19915528873643684 37
1717534821893 0.19915528873643684 38
1717534831836 0.19915528873643684 39
1717534842003 0.20105248477717705 40
1717534852310 0.20105248477717705 41
1717534862408 0.20105248477717705 42
1717534872617 0.20105248477717705 43
1717534882828 0.20105248477717705 44
1717534892751 0.19915528873643684 45
1717534902822 0.20105248477717705 46
1717534913013 0.20105248477717705 47
1717534922971 0.20105248477717705 48
1717534933024 0.20105248477717705 49
1717534943124 0.20105248477717705 50
1717534953076 0.20105248477717705 51
1717534963227 0.20105248477717705 52
1717534973274 0.20105248477717705 53
1717534983335 0.20105248477717705 54
1717534994902 0.20105248477717705 55
1717535005127 0.20105248477717705 56
1717535014976 0.20105248477717705 57
1717535024906 0.20105248477717705 58
1717535035204 0.20105248477717705 59
1717535045385 0.20105248477717705 60
1717535055650 0.19915528873643684 61
1717535065959 0.20105248477717705 62
1717535076148 0.20105248477717705 63
1717535086202 0.20105248477717705 64
1717535096145 0.20105248477717705 65
1717535106181 0.20105248477717705 66
1717535116445 0.20105248477717705 67
1717535127403 0.20105248477717705 68
1717535137538 0.20057459369503397 69
1717535148021 0.20105248477717705 70
1717535158256 0.20105248477717705 71
1717535168374 0.20105248477717705 72
1717535178386 0.20105248477717705 73
1717535189281 0.20105248477717705 74
1717535200591 0.20105248477717705 75
1717535210950 0.20105248477717705 76
1717535220814 0.20105248477717705 77
1717535230794 0.20105248477717705 78
1717535240645 0.20105248477717705 79
1717535250570 0.20105248477717705 80
1717535260481 0.20105248477717705 81
1717535270700 0.20105248477717705 82
1717535280466 0.20105248477717705 83
1717535290306 0.20105248477717705 84
1717535300139 0.20105248477717705 85
1717535310007 0.20105248477717705 86
1717535320354 0.20105248477717705 87
1717535330394 0.20105248477717705 88
1717535340561 0.20105248477717705 89
1717535350268 0.20105248477717705 90
1717535360220 0.20105248477717705 91
1717535370416 0.20105248477717705 92
1717535380551 0.19915528873643684 93
1717535391159 0.20105248477717705 94
1717535401073 0.20105248477717705 95
1717535410878 0.20105248477717705 96
1717535421042 0.20105248477717705 97
1717535430928 0.20105248477717705 98
1717535440912 0.20105248477717705 99
