1717534443897 0.5154528708666181 1
1717534454024 0.6953427492302016 2
1717534463819 0.7311119704099812 3
1717534473721 0.7446591073401198 4
1717534483646 0.7442721130221408 5
1717534495713 0.7409170872177395 6
1717534505832 0.7415004503730871 7
1717534515888 0.7409170872177395 8
1717534525872 0.7409170872177395 9
1717534535804 0.7409170872177395 10
1717534545882 0.7415004503730871 11
1717534555928 0.7415004503730871 12
1717534565826 0.7472687354318928 13
1717534576239 0.7409170872177395 14
1717534586075 0.7415004503730871 15
1717534595858 0.7446591073401198 16
1717534606034 0.7409170872177395 17
1717534616787 0.7409170872177395 18
1717534627268 0.7409170872177395 19
1717534637403 0.7446591073401198 20
1717534647467 0.7377584302507069 21
1717534657599 0.7409170872177395 22
1717534667997 0.7377584302507069 23
1717534678071 0.7415004503730871 24
1717534688108 0.717700563952707 25
1717534698321 0.7412525314459902 26
1717534708565 0.7446591073401198 27
1717534718683 0.7446591073401198 28
1717534728868 0.7446591073401198 29
1717534739489 0.7446591073401198 30
1717534751130 0.7446591073401198 31
1717534761216 0.7446591073401198 32
1717534771358 0.7446591073401198 33
1717534781280 0.7446591073401198 34
1717534791687 0.7446591073401198 35
1717534801684 0.7409170872177395 36
1717534811762 0.7409170872177395 37
1717534821893 0.7409170872177395 38
1717534831836 0.7409170872177395 39
1717534842003 0.7446591073401198 40
1717534852310 0.7446591073401198 41
1717534862408 0.7446591073401198 42
1717534872617 0.7446591073401198 43
1717534882828 0.7446591073401198 44
1717534892751 0.7409170872177395 45
1717534902822 0.7446591073401198 46
1717534913013 0.7446591073401198 47
1717534922971 0.7446591073401198 48
1717534933024 0.7446591073401198 49
1717534943124 0.7446591073401198 50
1717534953076 0.7446591073401198 51
1717534963227 0.7446591073401198 52
1717534973274 0.7446591073401198 53
1717534983335 0.7446591073401198 54
1717534994902 0.7446591073401198 55
1717535005127 0.7446591073401198 56
1717535014976 0.7446591073401198 57
1717535024906 0.7446591073401198 58
1717535035204 0.7446591073401198 59
1717535045385 0.7446591073401198 60
1717535055650 0.7409170872177395 61
1717535065959 0.7446591073401198 62
1717535076148 0.7446591073401198 63
1717535086202 0.7446591073401198 64
1717535096145 0.7446591073401198 65
1717535106181 0.7446591073401198 66
1717535116445 0.7446591073401198 67
1717535127403 0.7446591073401198 68
1717535137538 0.7442721130221408 69
1717535148021 0.7446591073401198 70
1717535158256 0.7446591073401198 71
1717535168374 0.7446591073401198 72
1717535178386 0.7446591073401198 73
1717535189281 0.7446591073401198 74
1717535200591 0.7446591073401198 75
1717535210950 0.7446591073401198 76
1717535220814 0.7446591073401198 77
1717535230794 0.7446591073401198 78
1717535240645 0.7446591073401198 79
1717535250570 0.7446591073401198 80
1717535260481 0.7446591073401198 81
1717535270700 0.7446591073401198 82
1717535280466 0.7446591073401198 83
1717535290306 0.7446591073401198 84
1717535300139 0.7446591073401198 85
1717535310007 0.7446591073401198 86
1717535320354 0.7446591073401198 87
1717535330394 0.7446591073401198 88
1717535340561 0.7446591073401198 89
1717535350268 0.7446591073401198 90
1717535360220 0.7446591073401198 91
1717535370416 0.7446591073401198 92
1717535380551 0.7409170872177395 93
1717535391159 0.7446591073401198 94
1717535401073 0.7446591073401198 95
1717535410878 0.7446591073401198 96
1717535421042 0.7446591073401198 97
1717535430928 0.7446591073401198 98
1717535440912 0.7446591073401198 99
