1717326480379 0.9377326716575362 1
1717326481918 0.936539997974085 2
1717326483471 0.9384507184967902 3
1717326484998 0.9415818722923074 4
1717326486536 0.9439373428088756 5
1717326488122 0.9453168559517234 6
1717326489673 0.945809868263928 7
1717326491215 0.9464747621958349 8
1717326492733 0.9480077812715749 9
1717326494261 0.9504977152816972 10
1717326495887 0.9519492841511978 11
1717326497454 0.9543784776460368 12
1717326499034 0.9556745116408499 13
1717326500607 0.95640367503162 14
1717326502188 0.9565833994500647 15
1717326503805 0.957220895070536 16
1717326505396 0.9570323599371624 17
1717326506938 0.9579795669517495 18
1717326508512 0.9584026525820402 19
1717326510086 0.9590943321266984 20
1717326511718 0.9598359963485027 21
1717326513308 0.959416123666521 22
1717326514892 0.960335740011136 23
1717326516486 0.9610098628316461 24
1717326518035 0.961119426402488 25
1717326519686 0.9615700572339163 26
1717326521302 0.9618830212793464 27
1717326522877 0.9620622442884195 28
1717326524441 0.9623076428109201 29
1717326525999 0.9621201737574797 30
1717326527674 0.9624921779570911 31
1717326529255 0.9624804893532231 32
1717326530863 0.9626901753806548 33
1717326532473 0.9630368657446099 34
1717326534073 0.9632446778169308 35
1717326535709 0.963379453688448 36
1717326537317 0.9634884037767205 37
1717326538922 0.9639239690740924 38
1717326540556 0.9641460856262253 39
1717326542169 0.9641303466031441 40
1717326543815 0.9642466023932288 41
1717326545391 0.9647709289480307 42
1717326547055 0.9643257296671901 43
1717326548652 0.965010613096753 44
1717326550263 0.9653449195344469 45
1717326551937 0.965502300299025 46
1717326553551 0.9653816427305265 47
1717326555175 0.9660202635623683 48
1717326556797 0.9658200789937939 49
1717326558399 0.9662986836763868 50
1717326560041 0.9662988157052951 51
1717326561697 0.9664711158484716 52
1717326563314 0.9665910891614716 53
1717326564910 0.9665634959057396 54
1717326566536 0.9666176939447509 55
1717326568146 0.9669879155158269 56
1717326569813 0.96745515505551 57
1717326571452 0.9672079219612323 58
1717326573100 0.9677307006325035 59
1717326574705 0.9676757156681031 60
1717326576405 0.967766197400796 61
1717326578010 0.968095995724818 62
1717326579611 0.9679296495161438 63
1717326581272 0.9684567496663403 64
1717326582885 0.9682901693134067 65
1717326584563 0.9687280122902377 66
1717326586208 0.9683344665548423 67
1717326587838 0.9685640944036593 68
1717326589443 0.9691003296231715 69
1717326591068 0.9688581347497078 70
1717326592702 0.9686140031147604 71
1717326594336 0.9688300820478354 72
1717326595980 0.9690531932844112 73
1717326597611 0.9688503784503674 74
1717326599229 0.9695253505062975 75
1717326600857 0.9695935648552605 76
1717326602541 0.969977353556922 77
1717326604156 0.9698407187643626 78
1717326605749 0.9695682355401757 79
1717326607368 0.9702851852552881 80
1717326609029 0.9700964292808393 81
1717326610724 0.9706007505355166 82
1717326612396 0.9703419858048595 83
1717326614016 0.9703770134328782 84
1717326615616 0.9710902250038391 85
1717326617225 0.970862565089441 86
1717326618887 0.9708876059840265 87
1717326620483 0.9703681226662058 88
1717326622077 0.9709260599863907 89
1717326623710 0.9709811860215048 90
1717326625338 0.9708964504262309 91
1717326627026 0.9711791486272779 92
1717326628684 0.9715111891609539 93
1717326630242 0.9707853149134706 94
1717326631910 0.9714966725067434 95
1717326633538 0.971511705896965 96
1717326635209 0.9717899460281707 97
1717326636837 0.9720787838457965 98
1717326638472 0.9719790719065573 99
