1717326480379 326912.0 1
1717326481918 352335.0 2
1717326483471 351361.0 3
1717326484998 349825.0 4
1717326486536 348714.0 5
1717326488122 347966.0 6
1717326489673 347732.0 7
1717326491215 347402.0 8
1717326492733 346624.0 9
1717326494261 345466.0 10
1717326495887 345016.0 11
1717326497454 343802.0 12
1717326499034 343418.0 13
1717326500607 342973.0 14
1717326502188 343043.0 15
1717326503805 342825.0 16
1717326505396 342929.0 17
1717326506938 342480.0 18
1717326508512 342416.0 19
1717326510086 342171.0 20
1717326511718 341944.0 21
1717326513308 342184.0 22
1717326514892 341711.0 23
1717326516486 341533.0 24
1717326518035 341518.0 25
1717326519686 341353.0 26
1717326521302 341199.0 27
1717326522877 341065.0 28
1717326524441 341055.0 29
1717326525999 341213.0 30
1717326527674 341051.0 31
1717326529255 340922.0 32
1717326530863 340818.0 33
1717326532473 340680.0 34
1717326534073 340559.0 35
1717326535709 340618.0 36
1717326537317 340485.0 37
1717326538922 340383.0 38
1717326540556 340106.0 39
1717326542169 340281.0 40
1717326543815 340146.0 41
1717326545391 339939.0 42
1717326547055 340072.0 43
1717326548652 339686.0 44
1717326550263 339448.0 45
1717326551937 339384.0 46
1717326553551 339438.0 47
1717326555175 339231.0 48
1717326556797 339337.0 49
1717326558399 339087.0 50
1717326560041 338903.0 51
1717326561697 338994.0 52
1717326563314 338803.0 53
1717326564910 338817.0 54
1717326566536 338795.0 55
1717326568146 338719.0 56
1717326569813 338508.0 57
1717326571452 338440.0 58
1717326573100 338373.0 59
1717326574705 338193.0 60
1717326576405 338193.0 61
1717326578010 338216.0 62
1717326579611 338084.0 63
1717326581272 337817.0 64
1717326582885 337954.0 65
1717326584563 337857.0 66
1717326586208 337833.0 67
1717326587838 337809.0 68
1717326589443 337675.0 69
1717326591068 337588.0 70
1717326592702 337759.0 71
1717326594336 337698.0 72
1717326595980 337437.0 73
1717326597611 337757.0 74
1717326599229 337360.0 75
1717326600857 337456.0 76
1717326602541 337153.0 77
1717326604156 337163.0 78
1717326605749 337286.0 79
1717326607368 337065.0 80
1717326609029 337044.0 81
1717326610724 336929.0 82
1717326612396 336946.0 83
1717326614016 337009.0 84
1717326615616 336806.0 85
1717326617225 336679.0 86
1717326618887 336804.0 87
1717326620483 336712.0 88
1717326622077 336808.0 89
1717326623710 336907.0 90
1717326625338 336638.0 91
1717326627026 336786.0 92
1717326628684 336659.0 93
1717326630242 336646.0 94
1717326631910 336675.0 95
1717326633538 336572.0 96
1717326635209 336457.0 97
1717326636837 336367.0 98
1717326638472 336349.0 99
