1717326480379 25566.0 1
1717326481918 143.0 2
1717326483471 1117.0 3
1717326484998 2653.0 4
1717326486536 3764.0 5
1717326488122 4512.0 6
1717326489673 4746.0 7
1717326491215 5076.0 8
1717326492733 5854.0 9
1717326494261 7012.0 10
1717326495887 7462.0 11
1717326497454 8676.0 12
1717326499034 9060.0 13
1717326500607 9505.0 14
1717326502188 9435.0 15
1717326503805 9653.0 16
1717326505396 9549.0 17
1717326506938 9998.0 18
1717326508512 10062.0 19
1717326510086 10307.0 20
1717326511718 10534.0 21
1717326513308 10294.0 22
1717326514892 10767.0 23
1717326516486 10945.0 24
1717326518035 10960.0 25
1717326519686 11125.0 26
1717326521302 11279.0 27
1717326522877 11413.0 28
1717326524441 11423.0 29
1717326525999 11265.0 30
1717326527674 11427.0 31
1717326529255 11556.0 32
1717326530863 11660.0 33
1717326532473 11798.0 34
1717326534073 11919.0 35
1717326535709 11860.0 36
1717326537317 11993.0 37
1717326538922 12095.0 38
1717326540556 12372.0 39
1717326542169 12197.0 40
1717326543815 12332.0 41
1717326545391 12539.0 42
1717326547055 12406.0 43
1717326548652 12792.0 44
1717326550263 13030.0 45
1717326551937 13094.0 46
1717326553551 13040.0 47
1717326555175 13247.0 48
1717326556797 13141.0 49
1717326558399 13391.0 50
1717326560041 13575.0 51
1717326561697 13484.0 52
1717326563314 13675.0 53
1717326564910 13661.0 54
1717326566536 13683.0 55
1717326568146 13759.0 56
1717326569813 13970.0 57
1717326571452 14038.0 58
1717326573100 14105.0 59
1717326574705 14285.0 60
1717326576405 14285.0 61
1717326578010 14262.0 62
1717326579611 14394.0 63
1717326581272 14661.0 64
1717326582885 14524.0 65
1717326584563 14621.0 66
1717326586208 14645.0 67
1717326587838 14669.0 68
1717326589443 14803.0 69
1717326591068 14890.0 70
1717326592702 14719.0 71
1717326594336 14780.0 72
1717326595980 15041.0 73
1717326597611 14721.0 74
1717326599229 15118.0 75
1717326600857 15022.0 76
1717326602541 15325.0 77
1717326604156 15315.0 78
1717326605749 15192.0 79
1717326607368 15413.0 80
1717326609029 15434.0 81
1717326610724 15549.0 82
1717326612396 15532.0 83
1717326614016 15469.0 84
1717326615616 15672.0 85
1717326617225 15799.0 86
1717326618887 15674.0 87
1717326620483 15766.0 88
1717326622077 15670.0 89
1717326623710 15571.0 90
1717326625338 15840.0 91
1717326627026 15692.0 92
1717326628684 15819.0 93
1717326630242 15832.0 94
1717326631910 15803.0 95
1717326633538 15906.0 96
1717326635209 16021.0 97
1717326636837 16111.0 98
1717326638472 16129.0 99
