1717326480379 329923.0 1
1717326481918 329923.0 2
1717326483471 329923.0 3
1717326484998 329923.0 4
1717326486536 329923.0 5
1717326488122 329923.0 6
1717326489673 329923.0 7
1717326491215 329923.0 8
1717326492733 329923.0 9
1717326494261 329923.0 10
1717326495887 329923.0 11
1717326497454 329923.0 12
1717326499034 329923.0 13
1717326500607 329923.0 14
1717326502188 329923.0 15
1717326503805 329923.0 16
1717326505396 329923.0 17
1717326506938 329923.0 18
1717326508512 329923.0 19
1717326510086 329923.0 20
1717326511718 329923.0 21
1717326513308 329923.0 22
1717326514892 329923.0 23
1717326516486 329923.0 24
1717326518035 329923.0 25
1717326519686 329923.0 26
1717326521302 329923.0 27
1717326522877 329923.0 28
1717326524441 329923.0 29
1717326525999 329923.0 30
1717326527674 329923.0 31
1717326529255 329923.0 32
1717326530863 329923.0 33
1717326532473 329923.0 34
1717326534073 329923.0 35
1717326535709 329923.0 36
1717326537317 329923.0 37
1717326538922 329923.0 38
1717326540556 329923.0 39
1717326542169 329923.0 40
1717326543815 329923.0 41
1717326545391 329923.0 42
1717326547055 329923.0 43
1717326548652 329923.0 44
1717326550263 329923.0 45
1717326551937 329923.0 46
1717326553551 329923.0 47
1717326555175 329923.0 48
1717326556797 329923.0 49
1717326558399 329923.0 50
1717326560041 329923.0 51
1717326561697 329923.0 52
1717326563314 329923.0 53
1717326564910 329923.0 54
1717326566536 329923.0 55
1717326568146 329923.0 56
1717326569813 329923.0 57
1717326571452 329923.0 58
1717326573100 329923.0 59
1717326574705 329923.0 60
1717326576405 329923.0 61
1717326578010 329923.0 62
1717326579611 329923.0 63
1717326581272 329923.0 64
1717326582885 329923.0 65
1717326584563 329923.0 66
1717326586208 329923.0 67
1717326587838 329923.0 68
1717326589443 329923.0 69
1717326591068 329923.0 70
1717326592702 329923.0 71
1717326594336 329923.0 72
1717326595980 329923.0 73
1717326597611 329923.0 74
1717326599229 329923.0 75
1717326600857 329923.0 76
1717326602541 329923.0 77
1717326604156 329923.0 78
1717326605749 329923.0 79
1717326607368 329923.0 80
1717326609029 329923.0 81
1717326610724 329923.0 82
1717326612396 329923.0 83
1717326614016 329923.0 84
1717326615616 329923.0 85
1717326617225 329923.0 86
1717326618887 329923.0 87
1717326620483 329923.0 88
1717326622077 329923.0 89
1717326623710 329923.0 90
1717326625338 329923.0 91
1717326627026 329923.0 92
1717326628684 329923.0 93
1717326630242 329923.0 94
1717326631910 329923.0 95
1717326633538 329923.0 96
1717326635209 329923.0 97
1717326636837 329923.0 98
1717326638472 329923.0 99
