1717087409589 10390.0 1
1717087411211 12434.0 2
1717087412900 13346.0 3
1717087414591 13691.0 4
1717087416231 14074.0 5
1717087417863 14362.0 6
1717087419481 14435.0 7
1717087421119 14600.0 8
1717087422993 14634.0 9
1717087424916 14804.0 10
1717087426583 14826.0 11
1717087428254 14953.0 12
1717087429947 15061.0 13
1717087431576 15210.0 14
1717087433284 15072.0 15
1717087434993 15106.0 16
1717087436647 15223.0 17
1717087438286 15221.0 18
1717087439927 15318.0 19
1717087441756 15499.0 20
1717087443420 15489.0 21
1717087445058 15465.0 22
1717087446733 15600.0 23
1717087448384 15664.0 24
1717087450090 15659.0 25
1717087451779 15761.0 26
1717087453420 15762.0 27
1717087455096 15760.0 28
1717087456765 15869.0 29
1717087458401 15958.0 30
1717087460045 15908.0 31
1717087461670 15957.0 32
1717087463359 15882.0 33
1717087465018 15984.0 34
1717087466733 16016.0 35
1717087468389 15940.0 36
1717087470055 16087.0 37
1717087471694 15926.0 38
1717087473340 16041.0 39
1717087475008 15963.0 40
1717087476669 16143.0 41
1717087478355 15977.0 42
1717087479984 16116.0 43
1717087481648 15987.0 44
1717087483284 16144.0 45
1717087484936 16131.0 46
1717087486623 15966.0 47
1717087488298 15966.0 48
1717087489937 16032.0 49
1717087491573 16066.0 50
1717087493256 15928.0 51
1717087494911 16183.0 52
1717087496575 16010.0 53
1717087498225 16107.0 54
1717087499846 16017.0 55
1717087501552 16116.0 56
1717087503204 16164.0 57
1717087504854 16150.0 58
1717087506501 16153.0 59
1717087508184 16095.0 60
1717087509843 16269.0 61
1717087511496 16097.0 62
1717087513149 16044.0 63
1717087514816 16120.0 64
1717087516457 16067.0 65
1717087518130 16102.0 66
1717087519808 16103.0 67
1717087521429 16135.0 68
1717087523110 16079.0 69
1717087524779 16148.0 70
1717087526608 16176.0 71
1717087528539 16234.0 72
1717087530866 16227.0 73
1717087532890 16129.0 74
1717087534941 16116.0 75
1717087536932 16175.0 76
1717087538959 16176.0 77
1717087540948 16191.0 78
1717087542926 16159.0 79
1717087544899 16191.0 80
1717087546893 16175.0 81
1717087548893 16174.0 82
1717087550946 16262.0 83
1717087552925 16161.0 84
1717087554917 16187.0 85
1717087556954 16246.0 86
1717087558955 16178.0 87
1717087561010 16230.0 88
1717087562714 16135.0 89
1717087564411 16302.0 90
1717087566128 16250.0 91
1717087567829 16224.0 92
1717087569463 16275.0 93
1717087571161 16292.0 94
1717087572908 16306.0 95
1717087574642 16331.0 96
1717087576386 16276.0 97
1717087578122 16336.0 98
1717087579864 16284.0 99
