1717087409589 0.8429639987475006 1
1717087411211 0.8908104628978761 2
1717087412900 0.8978772829505934 3
1717087414591 0.9003843236852285 4
1717087416231 0.9022776304755169 5
1717087417863 0.9041247478421165 6
1717087419481 0.9045106677921952 7
1717087421119 0.9064413103965403 8
1717087422993 0.906122389754159 9
1717087424916 0.9077641428549362 10
1717087426583 0.9078120865270178 11
1717087428254 0.9082878621995498 12
1717087429947 0.9095013799939249 13
1717087431576 0.910116954673192 14
1717087433284 0.9094199064544531 15
1717087434993 0.90959325718504 16
1717087436647 0.9105803880115932 17
1717087438286 0.9103038236846417 18
1717087439927 0.9111226300810865 19
1717087441756 0.9117620237088606 20
1717087443420 0.9118849045470926 21
1717087445058 0.9117273432220047 22
1717087446733 0.9134666535823738 23
1717087448384 0.9132353183698139 24
1717087450090 0.9135595898339726 25
1717087451779 0.9138492005147896 26
1717087453420 0.9147745612547834 27
1717087455096 0.9144716479086259 28
1717087456765 0.9152773381771127 29
1717087458401 0.9149726521292219 30
1717087460045 0.9157089238485036 31
1717087461670 0.9154180719237918 32
1717087463359 0.9152445530834529 33
1717087465018 0.9157864752652323 34
1717087466733 0.9157898379956969 35
1717087468389 0.9156940205624001 36
1717087470055 0.9165058779453699 37
1717087471694 0.9155419026589601 38
1717087473340 0.9163761078468865 39
1717087475008 0.916550668925399 40
1717087476669 0.9172737778146272 41
1717087478355 0.9156670512158839 42
1717087479984 0.9172951545843514 43
1717087481648 0.9168253720987977 44
1717087483284 0.9173839028493254 45
1717087484936 0.9175803369142588 46
1717087486623 0.9160435302486704 47
1717087488298 0.9167335490929581 48
1717087489937 0.9172344712163082 49
1717087491573 0.9171048296263401 50
1717087493256 0.9169131715375348 51
1717087494911 0.91761964720009 52
1717087496575 0.9168856499895064 53
1717087498225 0.9180451231052693 54
1717087499846 0.9168392901983293 55
1717087501552 0.918061347635509 56
1717087503204 0.9183117296289816 57
1717087504854 0.9185474626374571 58
1717087506501 0.9182801001857529 59
1717087508184 0.9180299133886741 60
1717087509843 0.9190884026349139 61
1717087511496 0.9186475371607247 62
1717087513149 0.9175558005791948 63
1717087514816 0.9186092088955914 64
1717087516457 0.9180868259922694 65
1717087518130 0.9182333361975651 66
1717087519808 0.9180404170615208 67
1717087521429 0.9188152084907967 68
1717087523110 0.9183935222319531 69
1717087524779 0.9187223110294566 70
1717087526608 0.9189347851141431 71
1717087528539 0.9190832584448386 72
1717087530866 0.9190936474484309 73
1717087532890 0.9185222749936036 74
1717087534941 0.9186493950025774 75
1717087536932 0.9189127813177271 76
1717087538959 0.9193201438655412 77
1717087540948 0.9194061022157487 78
1717087542926 0.9194267485649469 79
1717087544899 0.9191684187261866 80
1717087546893 0.9186789659688057 81
1717087548893 0.9192681092846714 82
1717087550946 0.9201462330655563 83
1717087552925 0.9193574802013165 84
1717087554917 0.9194589054467954 85
1717087556954 0.9195819421099303 86
1717087558955 0.9193319985419524 87
1717087561010 0.919921327834085 88
1717087562714 0.9194247246077032 89
1717087564411 0.9197020755521597 90
1717087566128 0.9199897515365518 91
1717087567829 0.9198778327484171 92
1717087569463 0.9197163150107776 93
1717087571161 0.9199292911934864 94
1717087572908 0.9201364590805724 95
1717087574642 0.920654108230656 96
1717087576386 0.9200512364110156 97
1717087578122 0.9209651406707181 98
1717087579864 0.9205314418197246 99
