1717343954502 0.20599119365215302 1
1717343955527 0.31518983840942383 2
1717343956507 0.34532883763313293 3
1717343957543 0.34609490633010864 4
1717343958576 0.35486388206481934 5
1717343959583 0.3570076823234558 6
1717343960580 0.359986811876297 7
1717343961537 0.3743138015270233 8
1717343962507 0.38577893376350403 9
1717343963532 0.397350013256073 10
1717343964600 0.4068295657634735 11
1717343965661 0.4150325357913971 12
1717343966638 0.4246876537799835 13
1717343967654 0.43154749274253845 14
1717343968619 0.4386915862560272 15
1717343969610 0.4447612166404724 16
1717343970556 0.44874832034111023 17
1717343971522 0.45294374227523804 18
1717343972460 0.45846420526504517 19
1717343973425 0.46192294359207153 20
1717343974383 0.4637901782989502 21
1717343975319 0.4672495424747467 22
1717343976260 0.4692792296409607 23
1717343977210 0.4730892479419708 24
1717343978164 0.4748566448688507 25
1717343979110 0.47602611780166626 26
1717343980022 0.47907084226608276 27
1717343980982 0.4811701774597168 28
1717343981915 0.4827040135860443 29
1717343982845 0.4844662845134735 30
1717343983789 0.48523563146591187 31
1717343984746 0.48673415184020996 32
1717343985693 0.4873542785644531 33
1717343986623 0.48953089118003845 34
1717343987563 0.49210742115974426 35
1717343988492 0.49288511276245117 36
1717343989424 0.480706125497818 37
1717343990374 0.48919397592544556 38
1717343991307 0.4934079349040985 39
1717343992228 0.4948713183403015 40
1717343993182 0.49654173851013184 41
1717343994114 0.496733695268631 42
1717343995055 0.4975872039794922 43
1717343996004 0.49932733178138733 44
1717343996945 0.5020860433578491 45
1717343997861 0.5032345652580261 46
1717343998811 0.5041233897209167 47
1717343999769 0.5055223703384399 48
1717344000712 0.5061008930206299 49
1717344001645 0.5068511962890625 50
1717344002567 0.5075255036354065 51
1717344003532 0.507733941078186 52
1717344004497 0.5081986784934998 53
1717344005461 0.5089432001113892 54
1717344006421 0.5095111131668091 55
1717344007369 0.5100035667419434 56
1717344008353 0.5103703737258911 57
1717344009312 0.5111895799636841 58
1717344010285 0.5117779970169067 59
1717344011248 0.5123459100723267 60
1717344012242 0.5135018229484558 61
1717344013478 0.5146262049674988 62
1717344014437 0.5152676701545715 63
1717344015404 0.515727698802948 64
1717344016385 0.5163195729255676 65
1717344017349 0.5168522596359253 66
1717344018312 0.5176669359207153 67
1717344019268 0.5188313722610474 68
1717344020453 0.5197831988334656 69
1717344021473 0.520746111869812 70
1717344022485 0.5220392942428589 71
1717344023661 0.5225159525871277 72
1717344024752 0.5231219530105591 73
1717344026073 0.5235190391540527 74
1717344027117 0.5243152379989624 75
1717344028316 0.5248138308525085 76
1717344029463 0.5249441862106323 77
1717344030473 0.5251647233963013 78
1717344031479 0.5257430672645569 79
1717344032466 0.526684582233429 80
1717344033460 0.5268072485923767 81
1717344034437 0.5271908640861511 82
1717344035388 0.5273006558418274 83
1717344036354 0.5278485417366028 84
1717344037339 0.5279695391654968 85
1717344038352 0.5285690426826477 86
1717344039330 0.529660165309906 87
1717344040335 0.5305708050727844 88
1717344041430 0.5317069292068481 89
1717344042392 0.5322691202163696 90
1717344043387 0.533078134059906 91
1717344044366 0.5338985919952393 92
1717344045342 0.534345805644989 93
1717344046320 0.5349725484848022 94
1717344047345 0.5351995229721069 95
1717344048315 0.535549521446228 96
1717344049297 0.5358681678771973 97
1717344050283 0.5361334085464478 98
1717344051281 0.5368697047233582 99
