1717436515687 0.25104978680610657 1
1717436520557 0.14942003786563873 2
1717436525818 0.1277582049369812 3
1717436530722 0.11754680424928665 4
1717436535561 0.11146781593561172 5
1717436540393 0.1071380004286766 6
1717436545275 0.10383075475692749 7
1717436549957 0.10116857290267944 8
1717436554743 0.09962450712919235 9
1717436559516 0.09805551916360855 10
1717436564386 0.09706807136535645 11
1717436569162 0.09561241418123245 12
1717436574017 0.0952904149889946 13
1717436578834 0.09365914762020111 14
1717436583635 0.0940408706665039 15
1717436588394 0.09248189628124237 16
1717436593079 0.09232486039400101 17
1717436597878 0.09115283936262131 18
1717436602624 0.09132467210292816 19
1717436607408 0.09099162369966507 20
1717436612192 0.0902588963508606 21
1717436617155 0.0896575078368187 22
1717436621885 0.08999474346637726 23
1717436626769 0.08909306675195694 24
1717436631662 0.0884837955236435 25
1717436636467 0.08787144720554352 26
1717436641214 0.08770851045846939 27
1717436646044 0.087215855717659 28
1717436650757 0.08689562976360321 29
1717436655531 0.08682164549827576 30
1717436660313 0.08641534298658371 31
1717436665042 0.08637776225805283 32
1717436669672 0.08585691452026367 33
1717436674230 0.08573050796985626 34
1717436678940 0.08546920120716095 35
1717436684008 0.08522626757621765 36
1717436689051 0.08448581397533417 37
1717436694002 0.08478511869907379 38
1717436698805 0.0842692032456398 39
1717436703582 0.08382251858711243 40
1717436708382 0.08374939858913422 41
1717436713200 0.0837177112698555 42
1717436717935 0.08347587287425995 43
1717436722823 0.08359912037849426 44
1717436727515 0.08301937580108643 45
1717436732184 0.08318963646888733 46
1717436736830 0.082810178399086 47
1717436741340 0.08350115269422531 48
1717436746034 0.0828404650092125 49
1717436750735 0.0824904665350914 50
1717436755522 0.08298633992671967 51
1717436760114 0.08235543966293335 52
1717436764857 0.08198133856058121 53
1717436769407 0.0815080925822258 54
1717436774138 0.08146495372056961 55
1717436778720 0.08124088495969772 56
1717436783348 0.08133557438850403 57
1717436787852 0.08099985867738724 58
1717436792486 0.08089365810155869 59
1717436797178 0.08132015913724899 60
1717436801872 0.08084925264120102 61
1717436806616 0.08025626838207245 62
1717436811508 0.08053303509950638 63
1717436816572 0.07992922514677048 64
1717436821582 0.07989997416734695 65
1717436826682 0.07927241176366806 66
1717436831746 0.07950387895107269 67
1717436836889 0.07973495870828629 68
1717436842279 0.07942941784858704 69
1717436847343 0.07923886179924011 70
1717436852515 0.0792924240231514 71
1717436857648 0.07836905121803284 72
1717436862705 0.07917381823062897 73
1717436867748 0.0786978080868721 74
1717436872950 0.07862788438796997 75
1717436878095 0.0787092000246048 76
1717436883298 0.078347347676754 77
1717436888385 0.07869024574756622 78
1717436893447 0.07785362750291824 79
1717436898616 0.07779334485530853 80
1717436903775 0.0780855119228363 81
1717436908921 0.07803046703338623 82
1717436914127 0.07809262722730637 83
1717436919344 0.07796957343816757 84
1717436924569 0.07687560468912125 85
1717436929745 0.07820522785186768 86
1717436935075 0.0774867907166481 87
1717436940333 0.0768883153796196 88
1717436945589 0.07684406638145447 89
1717436950743 0.07718857377767563 90
1717436955867 0.07699930667877197 91
1717436961370 0.0765032172203064 92
1717436966569 0.07665202766656876 93
1717436971697 0.07647626847028732 94
1717436976804 0.07584276050329208 95
1717436981904 0.07628277689218521 96
1717436987037 0.07587042450904846 97
1717436992197 0.07605183124542236 98
1717436997375 0.07576712220907211 99
