1717436515687 0.948743679672134 1
1717436520557 0.9699616104069699 2
1717436525818 0.9709854721254347 3
1717436530722 0.972206887656872 4
1717436535561 0.9729142015543774 5
1717436540393 0.9734296878693732 6
1717436545275 0.9740981795575464 7
1717436549957 0.9746689287040816 8
1717436554743 0.9750230157390215 9
1717436559516 0.9754367539932326 10
1717436564386 0.9755185996604435 11
1717436569162 0.9758962801379798 12
1717436574017 0.9760978276463014 13
1717436578834 0.9764501606162259 14
1717436583635 0.9762401099072868 15
1717436588394 0.9767050924464029 16
1717436593079 0.9768305460505697 17
1717436597878 0.977086881804882 18
1717436602624 0.9769950973770397 19
1717436607408 0.9771228732356617 20
1717436612192 0.9773524914271916 21
1717436617155 0.9774745014466625 22
1717436621885 0.9774556601338013 23
1717436626769 0.9776410183505352 24
1717436631662 0.9778684489267037 25
1717436636467 0.9780618073889029 26
1717436641214 0.9779717359363223 27
1717436646044 0.9781400543474742 28
1717436650757 0.9782908702934255 29
1717436655531 0.9781985547469891 30
1717436660313 0.9783293562839103 31
1717436665042 0.9783103759138727 32
1717436669672 0.9784920739805077 33
1717436674230 0.9784678187986358 34
1717436678940 0.9787129274335895 35
1717436684008 0.9787449190716799 36
1717436689051 0.9788589465221565 37
1717436694002 0.9787228126855181 38
1717436698805 0.9789220177593992 39
1717436703582 0.9789846633537608 40
1717436708382 0.97921096308542 41
1717436713200 0.9791638914027785 42
1717436717935 0.9792363057872824 43
1717436722823 0.9792266421413502 44
1717436727515 0.9794042459123711 45
1717436732184 0.9792722334921622 46
1717436736830 0.9794190321053695 47
1717436741340 0.9791971723170432 48
1717436746034 0.979389703921992 49
1717436750735 0.9794330292051489 50
1717436755522 0.9793606147538783 51
1717436760114 0.9794854230670407 52
1717436764857 0.9796742977177252 53
1717436769407 0.9797893238493832 54
1717436774138 0.9797797847798848 55
1717436778720 0.97988285762058 56
1717436783348 0.979848954456256 57
1717436787852 0.9799456559639181 58
1717436792486 0.9799565593662062 59
1717436797178 0.9797355637602285 60
1717436801872 0.9799509017513063 61
1717436806616 0.9801998375854418 62
1717436811508 0.9800171903810452 63
1717436816572 0.9803200898418238 64
1717436821582 0.9803036317358558 65
1717436826682 0.9804424877994616 66
1717436831746 0.9803492612888565 67
1717436836889 0.9802103913554985 68
1717436842279 0.9802304138018698 69
1717436847343 0.9804402784244427 70
1717436852515 0.9804895176051658 71
1717436857648 0.980793788999118 72
1717436862705 0.9805528693454018 73
1717436867748 0.9806139867144968 74
1717436872950 0.9806087266268885 75
1717436878095 0.9805160729164769 76
1717436883298 0.9806925526226864 77
1717436888385 0.9806355364198206 78
1717436893447 0.9808968264268916 79
1717436898616 0.98076725041478 80
1717436903775 0.9807267621436083 81
1717436908921 0.9808121333588762 82
1717436914127 0.9805986585995231 83
1717436919344 0.9807643098370005 84
1717436924569 0.9810555628703395 85
1717436929745 0.9806468666438461 86
1717436935075 0.9809601410021729 87
1717436940333 0.9811431378079822 88
1717436945589 0.9812067936896557 89
1717436950743 0.9810525117077266 90
1717436955867 0.9811871051393617 91
1717436961370 0.9811766942183466 92
1717436966569 0.9812770927581095 93
1717436971697 0.9812140228303982 94
1717436976804 0.9814015183433379 95
1717436981904 0.9812732828036428 96
1717436987037 0.9814993409480259 97
1717436992197 0.981223479559254 98
1717436997375 0.9814153226163614 99
