1717436515687 813520.0 1
1717436520557 813520.0 2
1717436525818 813520.0 3
1717436530722 813520.0 4
1717436535561 813520.0 5
1717436540393 813520.0 6
1717436545275 813520.0 7
1717436549957 813520.0 8
1717436554743 813520.0 9
1717436559516 813520.0 10
1717436564386 813520.0 11
1717436569162 813520.0 12
1717436574017 813520.0 13
1717436578834 813520.0 14
1717436583635 813520.0 15
1717436588394 813520.0 16
1717436593079 813520.0 17
1717436597878 813520.0 18
1717436602624 813520.0 19
1717436607408 813520.0 20
1717436612192 813520.0 21
1717436617155 813520.0 22
1717436621885 813520.0 23
1717436626769 813520.0 24
1717436631662 813520.0 25
1717436636467 813520.0 26
1717436641214 813520.0 27
1717436646044 813520.0 28
1717436650757 813520.0 29
1717436655531 813520.0 30
1717436660313 813520.0 31
1717436665042 813520.0 32
1717436669672 813520.0 33
1717436674230 813520.0 34
1717436678940 813520.0 35
1717436684008 813520.0 36
1717436689051 813520.0 37
1717436694002 813520.0 38
1717436698805 813520.0 39
1717436703582 813520.0 40
1717436708382 813520.0 41
1717436713200 813520.0 42
1717436717935 813520.0 43
1717436722823 813520.0 44
1717436727515 813520.0 45
1717436732184 813520.0 46
1717436736830 813520.0 47
1717436741340 813520.0 48
1717436746034 813520.0 49
1717436750735 813520.0 50
1717436755522 813520.0 51
1717436760114 813520.0 52
1717436764857 813520.0 53
1717436769407 813520.0 54
1717436774138 813520.0 55
1717436778720 813520.0 56
1717436783348 813520.0 57
1717436787852 813520.0 58
1717436792486 813520.0 59
1717436797178 813520.0 60
1717436801872 813520.0 61
1717436806616 813520.0 62
1717436811508 813520.0 63
1717436816572 813520.0 64
1717436821582 813520.0 65
1717436826682 813520.0 66
1717436831746 813520.0 67
1717436836889 813520.0 68
1717436842279 813520.0 69
1717436847343 813520.0 70
1717436852515 813520.0 71
1717436857648 813520.0 72
1717436862705 813520.0 73
1717436867748 813520.0 74
1717436872950 813520.0 75
1717436878095 813520.0 76
1717436883298 813520.0 77
1717436888385 813520.0 78
1717436893447 813520.0 79
1717436898616 813520.0 80
1717436903775 813520.0 81
1717436908921 813520.0 82
1717436914127 813520.0 83
1717436919344 813520.0 84
1717436924569 813520.0 85
1717436929745 813520.0 86
1717436935075 813520.0 87
1717436940333 813520.0 88
1717436945589 813520.0 89
1717436950743 813520.0 90
1717436955867 813520.0 91
1717436961370 813520.0 92
1717436966569 813520.0 93
1717436971697 813520.0 94
1717436976804 813520.0 95
1717436981904 813520.0 96
1717436987037 813520.0 97
1717436992197 813520.0 98
1717436997375 813520.0 99
