1717629836350 0.7727875893936526 1
1717629843009 0.7727875893936526 2
1717629849988 0.7727875893936526 3
1717629857018 0.7727875893936526 4
1717629864268 0.7727875893936526 5
1717629871364 0.7727875893936526 6
1717629879029 0.7727875893936526 7
1717629886536 0.7727875893936526 8
1717629893941 0.7727875893936526 9
1717629901482 0.7727875893936526 10
1717629908698 0.7727875893936526 11
1717629916152 0.7727875893936526 12
1717629923346 0.7727875893936526 13
1717629930988 0.7727875893936526 14
1717629938488 0.7727875893936526 15
1717629945254 0.7727875893936526 16
1717629953144 0.7727875893936526 17
1717629960447 0.7727875893936526 18
1717629968057 0.7727875893936526 19
