1717694717044 0.0 1
1717694717339 0.1420453493752892 2
1717694717646 0.7386516876421698 3
1717694717901 0.6439939047042381 4
1717694718143 0.6446867302536717 5
1717694718420 0.6896263191482227 6
1717694718685 0.6828275850533926 7
1717694718973 0.6705989177723826 8
1717694719249 0.6586715830487464 9
1717694719504 0.6457343498756515 10
1717694719789 0.6563605623029719 11
1717694720055 0.6578226323402315 12
1717694720317 0.6786050814691522 13
1717694720566 0.6765131305575641 14
1717694720834 0.6756441028883575 15
1717694721102 0.6644663126880861 16
