1717694717044 0.0 1
1717694717339 0.12200317965023848 2
1717694717646 0.7288468046805952 3
1717694717901 0.4805757682747229 4
1717694718143 0.4784708670744651 5
1717694718420 0.5752407664516824 6
1717694718685 0.5579757983703315 7
1717694718973 0.5339908016048562 8
1717694719249 0.5023854587154019 9
1717694719504 0.4797324175602382 10
1717694719789 0.500561380462507 11
1717694720055 0.5032196328455507 12
1717694720317 0.5456865607483848 13
1717694720566 0.5452510896694276 14
1717694720834 0.5462468885746138 15
1717694721102 0.5168303649519878 16
