1717520181648 89462.0 1
1717520182649 89462.0 2
1717520183645 89462.0 3
1717520184652 89462.0 4
1717520185684 89462.0 5
1717520186630 89462.0 6
1717520187584 89462.0 7
1717520188594 89462.0 8
1717520189563 89462.0 9
1717520190505 89462.0 10
1717520191471 89462.0 11
1717520192460 89462.0 12
1717520193428 89462.0 13
1717520194402 89462.0 14
1717520195370 89462.0 15
1717520196374 89462.0 16
1717520197332 89462.0 17
1717520198296 89462.0 18
1717520199314 89462.0 19
1717520200285 89462.0 20
1717520201311 89462.0 21
1717520202354 89462.0 22
1717520203405 89462.0 23
1717520204457 89462.0 24
1717520205540 89462.0 25
1717520206580 89462.0 26
1717520207586 89462.0 27
1717520208589 89462.0 28
1717520209584 89462.0 29
1717520210536 89462.0 30
1717520211566 89462.0 31
1717520212568 89462.0 32
1717520213492 89462.0 33
1717520214473 89462.0 34
1717520215423 89462.0 35
1717520216331 89462.0 36
1717520217277 89462.0 37
1717520218226 89462.0 38
1717520219179 89462.0 39
1717520220116 89462.0 40
1717520221062 89462.0 41
1717520222011 89462.0 42
1717520222948 89462.0 43
1717520223888 89462.0 44
1717520224776 89462.0 45
1717520225733 89462.0 46
1717520226856 89462.0 47
1717520227797 89462.0 48
1717520228702 89462.0 49
1717520229632 89462.0 50
1717520230565 89462.0 51
1717520231515 89462.0 52
1717520232443 89462.0 53
1717520233394 89462.0 54
1717520234315 89462.0 55
1717520235557 89462.0 56
1717520236480 89462.0 57
1717520237377 89462.0 58
1717520238306 89462.0 59
1717520239214 89462.0 60
1717520240152 89462.0 61
1717520241071 89462.0 62
1717520242015 89462.0 63
1717520242954 89462.0 64
1717520243882 89462.0 65
1717520244795 89462.0 66
1717520245709 89462.0 67
1717520246630 89462.0 68
1717520247580 89462.0 69
1717520248493 89462.0 70
1717520249424 89462.0 71
1717520250354 89462.0 72
1717520251294 89462.0 73
1717520252218 89462.0 74
1717520253147 89462.0 75
1717520254055 89462.0 76
1717520254981 89462.0 77
1717520255905 89462.0 78
1717520256831 89462.0 79
1717520257757 89462.0 80
1717520258675 89462.0 81
1717520259596 89462.0 82
1717520260530 89462.0 83
1717520261464 89462.0 84
1717520262379 89462.0 85
1717520263294 89462.0 86
1717520264201 89462.0 87
1717520265131 89462.0 88
1717520266108 89462.0 89
1717520267045 89462.0 90
1717520267966 89462.0 91
1717520268894 89462.0 92
1717520269806 89462.0 93
1717520270713 89462.0 94
1717520271678 89462.0 95
1717520272631 89462.0 96
1717520273552 89462.0 97
1717520274471 89462.0 98
1717520275375 89462.0 99
