1717094764091 0.8726302249158487 1
1717094764437 0.8686904143285717 2
1717094764796 0.8598222561573985 3
1717094765165 0.8552205131579229 4
1717094765546 0.8529743120160664 5
1717094765927 0.8524622572957368 6
1717094766309 0.8523450440270612 7
1717094766696 0.8523300920171402 8
1717094767104 0.8523300920171402 9
1717094767491 0.8523300920171402 10
1717094767881 0.8523300920171402 11
1717094768266 0.8523300920171402 12
1717094768652 0.8523300920171402 13
1717094769038 0.8523300920171402 14
1717094769429 0.8523300920171402 15
1717094769810 0.8523300920171402 16
1717094770194 0.8523300920171402 17
1717094770571 0.8523300920171402 18
1717094770943 0.8523300920171402 19
1717094771342 0.8523300920171402 20
1717094771720 0.8523300920171402 21
1717094772096 0.8523300920171402 22
1717094772482 0.8523300920171402 23
1717094772868 0.8523300920171402 24
1717094773251 0.8523300920171402 25
1717094773631 0.8523300920171402 26
1717094774002 0.8523300920171402 27
1717094774390 0.8523300920171402 28
1717094774767 0.8523300920171402 29
1717094775149 0.8523300920171402 30
1717094775543 0.8523300920171402 31
1717094775926 0.8523300920171402 32
1717094776312 0.8523300920171402 33
1717094776690 0.8523300920171402 34
1717094777058 0.8523300920171402 35
1717094777437 0.8523300920171402 36
1717094777838 0.8523300920171402 37
1717094778230 0.8523300920171402 38
1717094778612 0.8523300920171402 39
1717094778994 0.8523300920171402 40
1717094779375 0.8523300920171402 41
1717094779755 0.8523300920171402 42
1717094780134 0.8523300920171402 43
1717094780526 0.8523300920171402 44
1717094780907 0.8523300920171402 45
1717094781292 0.8523300920171402 46
1717094781683 0.8523300920171402 47
1717094782059 0.8523300920171402 48
1717094782432 0.8523300920171402 49
1717094782817 0.8523300920171402 50
1717094783209 0.8523300920171402 51
1717094783604 0.8523300920171402 52
1717094783987 0.8523300920171402 53
1717094784376 0.8523300920171402 54
1717094784759 0.8523300920171402 55
1717094785131 0.8523300920171402 56
1717094785511 0.8523300920171402 57
1717094785896 0.8523300920171402 58
1717094786276 0.8523300920171402 59
1717094786651 0.8523300920171402 60
1717094787036 0.8523300920171402 61
1717094787418 0.8523300920171402 62
1717094787799 0.8523300920171402 63
1717094788181 0.8523300920171402 64
1717094788572 0.8523300920171402 65
1717094788951 0.8523300920171402 66
1717094789335 0.8523300920171402 67
1717094789723 0.8523300920171402 68
1717094790127 0.8523300920171402 69
1717094790514 0.8523300920171402 70
1717094791018 0.8523300920171402 71
1717094791408 0.8523300920171402 72
1717094791800 0.8523300920171402 73
1717094792190 0.8523300920171402 74
1717094792583 0.8523300920171402 75
1717094792964 0.8523300920171402 76
1717094793355 0.8523300920171402 77
1717094793743 0.8523300920171402 78
1717094794122 0.8523300920171402 79
1717094794501 0.8523300920171402 80
1717094794883 0.8523300920171402 81
1717094795270 0.8523300920171402 82
1717094795657 0.8523300920171402 83
1717094796033 0.8523300920171402 84
1717094796418 0.8523300920171402 85
1717094796802 0.8523300920171402 86
1717094797192 0.8523300920171402 87
1717094797570 0.8523300920171402 88
1717094797960 0.8523300920171402 89
1717094798347 0.8523300920171402 90
1717094798741 0.8523300920171402 91
1717094799124 0.8523300920171402 92
1717094799511 0.8523300920171402 93
1717094799887 0.8523300920171402 94
1717094800274 0.8523300920171402 95
1717094800659 0.8523300920171402 96
1717094801033 0.8523300920171402 97
1717094801422 0.8523300920171402 98
1717094801803 0.8523300920171402 99
