1709664159005 0.17502772918671297 1
1709664159169 0.21505533341999886 2
1709664159327 0.21505533341999886 3
1709664159484 0.21505533341999886 4
1709664159643 0.21505533341999886 5
1709664159787 0.21505533341999886 6
1709664159940 0.21505533341999886 7
1709664160077 0.21505533341999886 8
1709664160212 0.21505533341999886 9
1709664160343 0.21505533341999886 10
1709664160490 0.21505533341999886 11
1709664160628 0.21505533341999886 12
1709664160766 0.21505533341999886 13
1709664160909 0.21505533341999886 14
