1717572331896 0.32722556591033936 1
1717572333904 0.20317918062210083 2
1717572335928 0.17848999798297882 3
1717572337923 0.1651117503643036 4
1717572339907 0.1560056507587433 5
1717572341836 0.14914056658744812 6
1717572343818 0.14614816009998322 7
1717572345772 0.14106647670269012 8
1717572347781 0.13900069892406464 9
1717572349760 0.13716259598731995 10
1717572351717 0.13531479239463806 11
1717572353710 0.1312331110239029 12
1717572355698 0.1293531209230423 13
1717572357686 0.13053347170352936 14
1717572359716 0.12780120968818665 15
1717572361668 0.1262870579957962 16
1717572363625 0.12568888068199158 17
1717572365662 0.12442190945148468 18
1717572367644 0.1248643547296524 19
1717572369653 0.12198484688997269 20
1717572371662 0.12224944680929184 21
1717572373642 0.12125994265079498 22
1717572375655 0.12294512242078781 23
1717572377675 0.1192706823348999 24
1717572379710 0.11925280094146729 25
1717572381790 0.11905237287282944 26
1717572383800 0.11932335793972015 27
1717572386206 0.11676207929849625 28
1717572388244 0.117067851126194 29
1717572390286 0.1165352389216423 30
1717572392277 0.11815110594034195 31
1717572394315 0.11480414122343063 32
1717572396301 0.11432730406522751 33
1717572398277 0.11562006175518036 34
1717572400322 0.11372988671064377 35
1717572402324 0.11354600638151169 36
1717572404353 0.11679746210575104 37
1717572406387 0.11195746809244156 38
1717572408423 0.11281188577413559 39
1717572410467 0.11200927197933197 40
1717572412490 0.11279004067182541 41
1717572414505 0.11013862490653992 42
1717572416547 0.11150653660297394 43
1717572418580 0.10943911969661713 44
1717572420650 0.11040056496858597 45
1717572422676 0.11098403483629227 46
1717572424663 0.11038189381361008 47
1717572426822 0.10820189118385315 48
1717572429440 0.10867337882518768 49
1717572431902 0.11027804762125015 50
1717572433948 0.10703165829181671 51
1717572435972 0.10798318684101105 52
1717572437962 0.10768857598304749 53
1717572440047 0.10765687376260757 54
1717572442054 0.10636518895626068 55
1717572444194 0.10725235193967819 56
1717572446425 0.10641112923622131 57
1717572448483 0.10625329613685608 58
1717572450503 0.10597328841686249 59
1717572452529 0.10619080811738968 60
1717572454579 0.10421668738126755 61
1717572456648 0.1046251505613327 62
1717572458705 0.1056758314371109 63
1717572460772 0.10635353624820709 64
1717572462742 0.10528406500816345 65
1717572464779 0.10425917059183121 66
1717572466806 0.10380224138498306 67
1717572468782 0.10389327257871628 68
1717572470884 0.10631576180458069 69
1717572472914 0.10356921702623367 70
1717572475117 0.10256394743919373 71
1717572477168 0.10326755046844482 72
1717572479175 0.10375253111124039 73
1717572481188 0.10328201949596405 74
1717572483311 0.10352308303117752 75
1717572485422 0.10296043008565903 76
1717572487484 0.10325010120868683 77
1717572489494 0.1034802496433258 78
1717572491510 0.10144312679767609 79
1717572493457 0.10193589329719543 80
1717572495498 0.102995365858078 81
1717572497459 0.10200299322605133 82
1717572499560 0.10187596827745438 83
1717572501598 0.10180062800645828 84
1717572503539 0.10187992453575134 85
1717572505609 0.10111036896705627 86
1717572507644 0.10189346969127655 87
1717572509731 0.09985016286373138 88
1717572511768 0.10156124085187912 89
1717572513820 0.10027928650379181 90
1717572515877 0.10081607848405838 91
1717572517896 0.10072216391563416 92
1717572519891 0.09953025728464127 93
1717572521887 0.09997183829545975 94
1717572523866 0.10020573437213898 95
1717572525863 0.10160800069570541 96
1717572527826 0.09922460466623306 97
1717572529793 0.09961888194084167 98
1717572531897 0.10181470215320587 99
