1717572331896 287363.0 1
1717572333904 287363.0 2
1717572335928 287363.0 3
1717572337923 287363.0 4
1717572339907 287363.0 5
1717572341836 287363.0 6
1717572343818 287363.0 7
1717572345772 287363.0 8
1717572347781 287363.0 9
1717572349760 287363.0 10
1717572351717 287363.0 11
1717572353710 287363.0 12
1717572355698 287363.0 13
1717572357686 287363.0 14
1717572359716 287363.0 15
1717572361668 287363.0 16
1717572363625 287363.0 17
1717572365662 287363.0 18
1717572367644 287363.0 19
1717572369653 287363.0 20
1717572371662 287363.0 21
1717572373642 287363.0 22
1717572375655 287363.0 23
1717572377675 287363.0 24
1717572379710 287363.0 25
1717572381790 287363.0 26
1717572383800 287363.0 27
1717572386206 287363.0 28
1717572388244 287363.0 29
1717572390286 287363.0 30
1717572392277 287363.0 31
1717572394315 287363.0 32
1717572396301 287363.0 33
1717572398277 287363.0 34
1717572400322 287363.0 35
1717572402324 287363.0 36
1717572404353 287363.0 37
1717572406387 287363.0 38
1717572408423 287363.0 39
1717572410467 287363.0 40
1717572412490 287363.0 41
1717572414505 287363.0 42
1717572416547 287363.0 43
1717572418580 287363.0 44
1717572420650 287363.0 45
1717572422676 287363.0 46
1717572424663 287363.0 47
1717572426822 287363.0 48
1717572429440 287363.0 49
1717572431902 287363.0 50
1717572433948 287363.0 51
1717572435972 287363.0 52
1717572437962 287363.0 53
1717572440047 287363.0 54
1717572442054 287363.0 55
1717572444194 287363.0 56
1717572446425 287363.0 57
1717572448483 287363.0 58
1717572450503 287363.0 59
1717572452529 287363.0 60
1717572454579 287363.0 61
1717572456648 287363.0 62
1717572458705 287363.0 63
1717572460772 287363.0 64
1717572462742 287363.0 65
1717572464779 287363.0 66
1717572466806 287363.0 67
1717572468782 287363.0 68
1717572470884 287363.0 69
1717572472914 287363.0 70
1717572475117 287363.0 71
1717572477168 287363.0 72
1717572479175 287363.0 73
1717572481188 287363.0 74
1717572483311 287363.0 75
1717572485422 287363.0 76
1717572487484 287363.0 77
1717572489494 287363.0 78
1717572491510 287363.0 79
1717572493457 287363.0 80
1717572495498 287363.0 81
1717572497459 287363.0 82
1717572499560 287363.0 83
1717572501598 287363.0 84
1717572503539 287363.0 85
1717572505609 287363.0 86
1717572507644 287363.0 87
1717572509731 287363.0 88
1717572511768 287363.0 89
1717572513820 287363.0 90
1717572515877 287363.0 91
1717572517896 287363.0 92
1717572519891 287363.0 93
1717572521887 287363.0 94
1717572523866 287363.0 95
1717572525863 287363.0 96
1717572527826 287363.0 97
1717572529793 287363.0 98
1717572531897 287363.0 99
