1717629381250 0.5052900892768387 1
1717629382126 0.4648376576857277 2
1717629383077 0.46153846153846156 3
1717629383951 0.46153846153846156 4
1717629384859 0.46153846153846156 5
1717629385759 0.46153846153846156 6
1717629386666 0.45933009933009933 7
1717629387730 0.46153846153846156 8
1717629388699 0.46153846153846156 9
1717629389648 0.46153846153846156 10
1717629390568 0.46153846153846156 11
1717629391502 0.46153846153846156 12
1717629392484 0.46153846153846156 13
1717629393465 0.46153846153846156 14
1717629394435 0.46153846153846156 15
1717629395379 0.46153846153846156 16
1717629396261 0.46153846153846156 17
1717629397186 0.46153846153846156 18
1717629398077 0.46153846153846156 19
