1716911682937 0.4912147682170782 1
1716911686216 0.8450600575962847 2
1716911689444 0.810316066555831 3
1716911692962 0.8173434546325025 4
1716911696431 0.8034137637895047 5
1716911699634 0.7915786214241451 6
1716911703020 0.7656728820524494 7
1716911706371 0.7750008147988864 8
1716911709751 0.7703135425418338 9
1716911713106 0.7687096027070787 10
1716911716357 0.7710761760950826 11
1716911719679 0.7595400921172653 12
1716911723052 0.7606739704943133 13
1716911726528 0.7424383829961432 14
1716911729886 0.7407523646779774 15
1716911733245 0.7485143966643664 16
1716911736570 0.7497325021280966 17
1716911739886 0.75137535440758 18
1716911743286 0.7520757525619999 19
1716911746722 0.751035960199567 20
1716911750073 0.7606542681963101 21
1716911753424 0.7605957389381915 22
1716911756827 0.7357166578155091 23
1716911760165 0.7492521148062313 24
1716911763560 0.765910047850995 25
1716911766894 0.7668185514087866 26
1716911770248 0.767896101074724 27
1716911773620 0.7695895454303866 28
1716911776921 0.776276566581817 29
1716911780365 0.7711906655040877 30
1716911783779 0.7782595783228792 31
1716911787146 0.7765180532400744 32
1716911790474 0.7798296832943261 33
1716911794009 0.7808455718691981 34
1716911797342 0.782436802181795 35
1716911800630 0.783843860839074 36
1716911804043 0.784812445579905 37
1716911807437 0.7899171462185582 38
1716911810797 0.7925894384803996 39
1716911814154 0.7876632551891986 40
1716911817459 0.7952429596623548 41
1716911820883 0.7929351098838006 42
1716911824244 0.7916118899049023 43
1716911827575 0.7957063445841942 44
1716911830923 0.795399493416456 45
1716911834239 0.8003695697632627 46
1716911837574 0.798858569114439 47
1716911840924 0.7994496052857025 48
1716911844292 0.8007227361978404 49
1716911847693 0.8004510887575463 50
1716911851073 0.8011084606675041 51
1716911854406 0.8046500600194028 52
1716911857774 0.8034003816960424 53
1716911861096 0.8025247954664216 54
1716911864480 0.7976502140274202 55
1716911867916 0.8019140555113354 56
1716911871224 0.8076972127985111 57
1716911874750 0.8071568028913237 58
1716911878305 0.8058758298631855 59
1716911881674 0.8062024867094406 60
1716911885124 0.8057871294248647 61
1716911888565 0.8118220910633159 62
1716911891996 0.8129868973374537 63
1716911895408 0.807151581786806 64
1716911898817 0.8121244475433776 65
1716911902224 0.8133063652813696 66
1716911905567 0.8105811189833058 67
1716911908856 0.8032719411661072 68
1716911912189 0.8149928365966921 69
1716911915472 0.816513258547951 70
1716911918747 0.8092323147988346 71
1716911922245 0.8162356605410134 72
1716911925705 0.8168980615414544 73
1716911929035 0.8181884573522153 74
1716911932435 0.8178642043193275 75
1716911935806 0.8206643336376603 76
1716911939130 0.811460449841355 77
1716911942592 0.8191871220979599 78
1716911945955 0.8263112353437373 79
1716911949253 0.8230058117075243 80
1716911952546 0.8260649857635618 81
1716911955920 0.8274788081529928 82
1716911959273 0.8235298894504957 83
1716911962676 0.8283313489417394 84
1716911966091 0.8285393107442738 85
1716911969466 0.8273366564971869 86
1716911972863 0.8319298955926709 87
1716911976152 0.8353469725252541 88
1716911979456 0.8334384495198894 89
1716911982812 0.8377264054151408 90
1716911986197 0.8337966932775575 91
1716911989479 0.8329816181819671 92
1716911992867 0.8387966170561872 93
1716911996210 0.8471368225640493 94
1716911999529 0.844146256760213 95
1716912002993 0.8484530943557238 96
1716912006373 0.8481924981998329 97
1716912009750 0.8524085028423192 98
1716912013031 0.8413667952694325 99
