1716911682937 21709.0 1
1716911686216 21709.0 2
1716911689444 21709.0 3
1716911692962 21709.0 4
1716911696431 21709.0 5
1716911699634 21709.0 6
1716911703020 21709.0 7
1716911706371 21709.0 8
1716911709751 21709.0 9
1716911713106 21709.0 10
1716911716357 21709.0 11
1716911719679 21709.0 12
1716911723052 21709.0 13
1716911726528 21709.0 14
1716911729886 21709.0 15
1716911733245 21709.0 16
1716911736570 21709.0 17
1716911739886 21709.0 18
1716911743286 21709.0 19
1716911746722 21709.0 20
1716911750073 21709.0 21
1716911753424 21709.0 22
1716911756827 21709.0 23
1716911760165 21709.0 24
1716911763560 21709.0 25
1716911766894 21709.0 26
1716911770248 21709.0 27
1716911773620 21709.0 28
1716911776921 21709.0 29
1716911780365 21709.0 30
1716911783779 21709.0 31
1716911787146 21709.0 32
1716911790474 21709.0 33
1716911794009 21709.0 34
1716911797342 21709.0 35
1716911800630 21709.0 36
1716911804043 21709.0 37
1716911807437 21709.0 38
1716911810797 21709.0 39
1716911814154 21709.0 40
1716911817459 21709.0 41
1716911820883 21709.0 42
1716911824244 21709.0 43
1716911827575 21709.0 44
1716911830923 21709.0 45
1716911834239 21709.0 46
1716911837574 21709.0 47
1716911840924 21709.0 48
1716911844292 21709.0 49
1716911847693 21709.0 50
1716911851073 21709.0 51
1716911854406 21709.0 52
1716911857774 21709.0 53
1716911861096 21709.0 54
1716911864480 21709.0 55
1716911867916 21709.0 56
1716911871224 21709.0 57
1716911874750 21709.0 58
1716911878305 21709.0 59
1716911881674 21709.0 60
1716911885124 21709.0 61
1716911888565 21709.0 62
1716911891996 21709.0 63
1716911895408 21709.0 64
1716911898817 21709.0 65
1716911902224 21709.0 66
1716911905567 21709.0 67
1716911908856 21709.0 68
1716911912189 21709.0 69
1716911915472 21709.0 70
1716911918747 21709.0 71
1716911922245 21709.0 72
1716911925705 21709.0 73
1716911929035 21709.0 74
1716911932435 21709.0 75
1716911935806 21709.0 76
1716911939130 21709.0 77
1716911942592 21709.0 78
1716911945955 21709.0 79
1716911949253 21709.0 80
1716911952546 21709.0 81
1716911955920 21709.0 82
1716911959273 21709.0 83
1716911962676 21709.0 84
1716911966091 21709.0 85
1716911969466 21709.0 86
1716911972863 21709.0 87
1716911976152 21709.0 88
1716911979456 21709.0 89
1716911982812 21709.0 90
1716911986197 21709.0 91
1716911989479 21709.0 92
1716911992867 21709.0 93
1716911996210 21709.0 94
1716911999529 21709.0 95
1716912002993 21709.0 96
1716912006373 21709.0 97
1716912009750 21709.0 98
1716912013031 21709.0 99
