1716911682937 0.9420187634241827 1
1716911686216 0.9420995744761891 2
1716911689444 0.9485049081216209 3
1716911692962 0.9540428425388539 4
1716911696431 0.9581315894719418 5
1716911699634 0.9610921238534548 6
1716911703020 0.964114091634776 7
1716911706371 0.9652537352618824 8
1716911709751 0.9670790522372408 9
1716911713106 0.967960250776631 10
1716911716357 0.9689906792093238 11
1716911719679 0.9702499955353439 12
1716911723052 0.9715601228502081 13
1716911726528 0.9746773005637012 14
1716911729886 0.9752555547900328 15
1716911733245 0.9754100115065562 16
1716911736570 0.9765151562313134 17
1716911739886 0.9771644329061843 18
1716911743286 0.9787567155551141 19
1716911746722 0.9774236263946089 20
1716911750073 0.9800142751631479 21
1716911753424 0.9804581529126843 22
1716911756827 0.9783629159064813 23
1716911760165 0.9774761811610452 24
1716911763560 0.9811992289347486 25
1716911766894 0.9813967195548987 26
1716911770248 0.9814710679851707 27
1716911773620 0.9821435340919986 28
1716911776921 0.9832550744566897 29
1716911780365 0.9821440243352817 30
1716911783779 0.9826965209643453 31
1716911787146 0.9835103242908554 32
1716911790474 0.9837464942388902 33
1716911794009 0.9843726697879385 34
1716911797342 0.984569495853326 35
1716911800630 0.9847515807951128 36
1716911804043 0.9856145773683612 37
1716911807437 0.9861999360234157 38
1716911810797 0.9865290349295426 39
1716911814154 0.9860497846147395 40
1716911817459 0.9864637210490903 41
1716911820883 0.9869529392484945 42
1716911824244 0.9866257578355533 43
1716911827575 0.9872845800020914 44
1716911830923 0.9871363037491343 45
1716911834239 0.9877737547619119 46
1716911837574 0.9877849823781514 47
1716911840924 0.9877887325490304 48
1716911844292 0.9877563104085055 49
1716911847693 0.9875832260449626 50
1716911851073 0.9879666303562501 51
1716911854406 0.9879154833208103 52
1716911857774 0.9881908476112456 53
1716911861096 0.9878343920807127 54
1716911864480 0.9872111249429741 55
1716911867916 0.9879839704820309 56
1716911871224 0.9886901328431739 57
1716911874750 0.9887914855169339 58
1716911878305 0.9886910559895824 59
1716911881674 0.9886150028308817 60
1716911885124 0.9884023883693847 61
1716911888565 0.9889090369534131 62
1716911891996 0.9887856616049179 63
1716911895408 0.9885605584537855 64
1716911898817 0.9889023991684889 65
1716911902224 0.9887948217892187 66
1716911905567 0.9891218202244227 67
1716911908856 0.9877709907629986 68
1716911912189 0.9891662202759212 69
1716911915472 0.9892456796590655 70
1716911918747 0.9885690245990467 71
1716911922245 0.9890224292598836 72
1716911925705 0.9891160586215176 73
1716911929035 0.9893529529006974 74
1716911932435 0.9894398232672768 75
1716911935806 0.9891827132453527 76
1716911939130 0.9875462524928095 77
1716911942592 0.9892787154151015 78
1716911945955 0.9897500154143531 79
1716911949253 0.9893649462849122 80
1716911952546 0.9896655407196442 81
1716911955920 0.989577178292951 82
1716911959273 0.9893669375326675 83
1716911962676 0.9895593299024278 84
1716911966091 0.9895902839696625 85
1716911969466 0.9889829777147977 86
1716911972863 0.9898035112576286 87
1716911976152 0.9900743106965364 88
1716911979456 0.9897850037979653 89
1716911982812 0.9901296744742417 90
1716911986197 0.9898133431168905 91
1716911989479 0.9891680082858161 92
1716911992867 0.9897330989195856 93
1716911996210 0.9902236318177415 94
1716911999529 0.9902199379365518 95
1716912002993 0.9904784669034563 96
1716912006373 0.9903769642602329 97
1716912009750 0.9906638654628708 98
1716912013031 0.989491606019139 99
