1716911682937 0.08088608831167221 1
1716911686216 0.11814305931329727 2
1716911689444 0.2877747416496277 3
1716911692962 0.40275290608406067 4
1716911696431 0.4753616750240326 5
1716911699634 0.5185330510139465 6
1716911703020 0.5550481677055359 7
1716911706371 0.5699601173400879 8
1716911709751 0.5927194952964783 9
1716911713106 0.6008931398391724 10
1716911716357 0.6123150587081909 11
1716911719679 0.6225687861442566 12
1716911723052 0.6344034075737 13
1716911726528 0.6602910757064819 14
1716911729886 0.6693129539489746 15
1716911733245 0.6759822964668274 16
1716911736570 0.6875589489936829 17
1716911739886 0.6944734454154968 18
1716911743286 0.70952969789505 19
1716911746722 0.6960353255271912 20
1716911750073 0.7230187654495239 21
1716911753424 0.7276085019111633 22
1716911756827 0.6937243342399597 23
1716911760165 0.695785403251648 24
1716911763560 0.7356345653533936 25
1716911766894 0.7377713918685913 26
1716911770248 0.7386637330055237 27
1716911773620 0.7454983592033386 28
1716911776921 0.7586029767990112 29
1716911780365 0.745974063873291 30
1716911783779 0.754806637763977 31
1716911787146 0.7598963975906372 32
1716911790474 0.7636926174163818 33
1716911794009 0.7696671485900879 34
1716911797342 0.7723855376243591 35
1716911800630 0.7737393379211426 36
1716911804043 0.7812578678131104 37
1716911807437 0.7882879376411438 38
1716911810797 0.7919589281082153 39
1716911814154 0.7853960990905762 40
1716911817459 0.7934161424636841 41
1716911820883 0.795835554599762 42
1716911824244 0.792359471321106 43
1716911827575 0.7997193336486816 44
1716911830923 0.7981346249580383 45
1716911834239 0.805682361125946 46
1716911837574 0.8049654960632324 47
1716911840924 0.805137038230896 48
1716911844292 0.8052991628646851 49
1716911847693 0.8039800524711609 50
1716911851073 0.8073671460151672 51
1716911854406 0.8090603351593018 52
1716911857774 0.810570240020752 53
1716911861096 0.8072836399078369 54
1716911864480 0.79917973279953 55
1716911867916 0.8084810376167297 56
1716911871224 0.8167874217033386 57
1716911874750 0.817247211933136 58
1716911878305 0.8155205249786377 59
1716911881674 0.8154704570770264 60
1716911885124 0.8130402565002441 61
1716911888565 0.8205687403678894 62
1716911891996 0.8200676441192627 63
1716911895408 0.8157427906990051 64
1716911898817 0.8208290934562683 65
1716911902224 0.8203719854354858 66
1716911905567 0.8212928175926208 67
1716911908856 0.8061580061912537 68
1716911912189 0.8242008686065674 69
1716911915472 0.8255953788757324 70
1716911918747 0.8165012001991272 71
1716911922245 0.8236731290817261 72
1716911925705 0.8247693777084351 73
1716911929035 0.8272234797477722 74
1716911932435 0.827406108379364 75
1716911935806 0.8272907733917236 76
1716911939130 0.8090770840644836 77
1716911942592 0.8270831108093262 78
1716911945955 0.8343793749809265 79
1716911949253 0.8292037844657898 80
1716911952546 0.8334571719169617 81
1716911955920 0.8331071138381958 82
1716911959273 0.8298238515853882 83
1716911962676 0.8333171010017395 84
1716911966091 0.8339292407035828 85
1716911969466 0.8286160230636597 86
1716911972863 0.8369740843772888 87
1716911976152 0.8409546613693237 88
1716911979456 0.837367594242096 89
1716911982812 0.8425688743591309 90
1716911986197 0.8381208777427673 91
1716911989479 0.8309462666511536 92
1716911992867 0.8392415046691895 93
1716911996210 0.8478747010231018 94
1716911999529 0.8462175130844116 95
1716912002993 0.8503872752189636 96
1716912006373 0.8492956757545471 97
1716912009750 0.8540254831314087 98
1716912013031 0.8376784324645996 99
