1716911682937 0.9573611572096383 1
1716911686216 0.9991695517213116 2
1716911689444 0.9972475797055068 3
1716911692962 0.9958273944130946 4
1716911696431 0.9944765120085735 5
1716911699634 0.993095589535423 6
1716911703020 0.990951801074599 7
1716911706371 0.9907776050763826 8
1716911709751 0.9901514630367045 9
1716911713106 0.9896632112497573 10
1716911716357 0.9894158689383431 11
1716911719679 0.9882282308570027 12
1716911723052 0.987792351501254 13
1716911726528 0.9853599142971864 14
1716911729886 0.9852748816957556 15
1716911733245 0.9859066856031984 16
1716911736570 0.9857030475816788 17
1716911739886 0.9856650562604088 18
1716911743286 0.9852423295333658 19
1716911746722 0.9856757711512809 20
1716911750073 0.9853479947275198 21
1716911753424 0.985340192280843 22
1716911756827 0.9840061445584165 23
1716911760165 0.9855184578764911 24
1716911763560 0.9854088299956656 25
1716911766894 0.9854727035555101 26
1716911770248 0.985509086089778 27
1716911773620 0.9854857803534905 28
1716911776921 0.9857840696273987 29
1716911780365 0.9855866106243186 30
1716911783779 0.9860843685239481 31
1716911787146 0.9857229431443105 32
1716911790474 0.9859428517857411 33
1716911794009 0.9858574247515378 34
1716911797342 0.9859022127632598 35
1716911800630 0.9859220824117789 36
1716911804043 0.9858823298699512 37
1716911807437 0.9861759876479446 38
1716911810797 0.9862370391987675 39
1716911814154 0.9858804049703253 40
1716911817459 0.9865344691505985 41
1716911820883 0.9861942678395212 42
1716911824244 0.9861003412201226 43
1716911827575 0.9863425808880465 44
1716911830923 0.9863218080211095 45
1716911834239 0.9866225494973871 46
1716911837574 0.9864704856197747 47
1716911840924 0.9864981911792695 48
1716911844292 0.9866339205333399 49
1716911847693 0.9866517119212259 50
1716911851073 0.9865725491209435 51
1716911854406 0.9869580050203514 52
1716911857774 0.9867968516636112 53
1716911861096 0.9867650545767175 54
1716911864480 0.9864681746692502 55
1716911867916 0.9867201227335358 56
1716911871224 0.9870284911884302 57
1716911874750 0.9869835868199147 58
1716911878305 0.9868635392336635 59
1716911881674 0.9869469529028836 60
1716911885124 0.9868710602957776 61
1716911888565 0.9873298881095783 62
1716911891996 0.9874268743424403 63
1716911895408 0.9870703943430977 64
1716911898817 0.9873852580980549 65
1716911902224 0.9874823750533378 66
1716911905567 0.9871557766957763 67
1716911908856 0.9869062998583774 68
1716911912189 0.9875338826300674 69
1716911915472 0.987644363521331 70
1716911918747 0.9871673300500954 71
1716911922245 0.9876598377013235 72
1716911925705 0.9876989382087562 73
1716911929035 0.9877858593707535 74
1716911932435 0.9877185953444659 75
1716911935806 0.9880293164060084 76
1716911939130 0.9874956187427172 77
1716911942592 0.9878341387685857 78
1716911945955 0.9883364250257166 79
1716911949253 0.9881182916759186 80
1716911952546 0.9883367108621696 81
1716911955920 0.9884204161677622 82
1716911959273 0.9881792673399147 83
1716911962676 0.988482300434686 84
1716911966091 0.9885418502666231 85
1716911969466 0.9885247928922731 86
1716911972863 0.9886994925351132 87
1716911976152 0.9889352052571357 88
1716911979456 0.9887861458766246 89
1716911982812 0.9891506016714927 90
1716911986197 0.9888851190943856 91
1716911989479 0.9888029339211573 92
1716911992867 0.9891973858028461 93
1716911996210 0.9898276772562462 94
1716911999529 0.989617110615467 95
1716912002993 0.9899071791374708 96
1716912006373 0.9899283773566518 97
1716912009750 0.9902273763932106 98
1716912013031 0.9894654166584572 99
