1716911682937 0.3606228828430176 1
1716911686216 0.21082830429077148 2
1716911689444 0.17470669746398926 3
1716911692962 0.15245969593524933 4
1716911696431 0.13660627603530884 5
1716911699634 0.12593159079551697 6
1716911703020 0.11741310358047485 7
1716911706371 0.11171696335077286 8
1716911709751 0.10730946809053421 9
1716911713106 0.10308883339166641 10
1716911716357 0.10044275969266891 11
1716911719679 0.09638998657464981 12
1716911723052 0.09282252937555313 13
1716911726528 0.08907998353242874 14
1716911729886 0.08468973636627197 15
1716911733245 0.07937505096197128 16
1716911736570 0.07673758268356323 17
1716911739886 0.07492858916521072 18
1716911743286 0.07236164808273315 19
1716911746722 0.07523441314697266 20
1716911750073 0.06922104209661484 21
1716911753424 0.06811899691820145 22
1716911756827 0.07586894929409027 23
1716911760165 0.07499150186777115 24
1716911763560 0.06644628196954727 25
1716911766894 0.06605149805545807 26
1716911770248 0.06491587311029434 27
1716911773620 0.06435263156890869 28
1716911776921 0.06296344101428986 29
1716911780365 0.06439986079931259 30
1716911783779 0.06236264109611511 31
1716911787146 0.062016017735004425 32
1716911790474 0.06087861582636833 33
1716911794009 0.059987057000398636 34
1716911797342 0.060347381979227066 35
1716911800630 0.05933597311377525 36
1716911804043 0.05873261019587517 37
1716911807437 0.05728650838136673 38
1716911810797 0.05661209672689438 39
1716911814154 0.05742902681231499 40
1716911817459 0.056293707340955734 41
1716911820883 0.055547624826431274 42
1716911824244 0.055932629853487015 43
1716911827575 0.05521846562623978 44
1716911830923 0.054965369403362274 45
1716911834239 0.05371462181210518 46
1716911837574 0.053704701364040375 47
1716911840924 0.053457241505384445 48
1716911844292 0.05347244441509247 49
1716911847693 0.05357745289802551 50
1716911851073 0.0530327670276165 51
1716911854406 0.052324604243040085 52
1716911857774 0.05203855782747269 53
1716911861096 0.05312493070960045 54
1716911864480 0.05402788892388344 55
1716911867916 0.05254076048731804 56
1716911871224 0.050440460443496704 57
1716911874750 0.05053827539086342 58
1716911878305 0.05082135275006294 59
1716911881674 0.050499528646469116 60
1716911885124 0.05137234181165695 61
1716911888565 0.04947911947965622 62
1716911891996 0.04929346963763237 63
1716911895408 0.05029792711138725 64
1716911898817 0.04943826422095299 65
1716911902224 0.049017734825611115 66
1716911905567 0.04938431456685066 67
1716911908856 0.05205394700169563 68
1716911912189 0.04850323870778084 69
1716911915472 0.04804737865924835 70
1716911918747 0.04956648126244545 71
1716911922245 0.047832537442445755 72
1716911925705 0.04783710837364197 73
1716911929035 0.047086890786886215 74
1716911932435 0.04760439693927765 75
1716911935806 0.047143369913101196 76
1716911939130 0.05157056823372841 77
1716911942592 0.04682217538356781 78
1716911945955 0.045690685510635376 79
1716911949253 0.04637279734015465 80
1716911952546 0.045752085745334625 81
1716911955920 0.045458801090717316 82
1716911959273 0.046131134033203125 83
1716911962676 0.04519553482532501 84
1716911966091 0.04524565860629082 85
1716911969466 0.046001505106687546 86
1716911972863 0.04442684352397919 87
1716911976152 0.04390937089920044 88
1716911979456 0.0441761389374733 89
1716911982812 0.04321358725428581 90
1716911986197 0.04361835867166519 91
1716911989479 0.04627082496881485 92
1716911992867 0.04356421157717705 93
1716911996210 0.04150725156068802 94
1716911999529 0.04258306697010994 95
1716912002993 0.040999919176101685 96
1716912006373 0.041104864329099655 97
1716912009750 0.03995129093527794 98
1716912013031 0.04361255466938019 99
