1717442979240 2.4869041442871094 1
1717442982353 2.201115131378174 2
1717442985412 1.9559199810028076 3
1717442988385 1.8649933338165283 4
1717442991375 1.6938608884811401 5
1717442994391 1.7180988788604736 6
1717442997468 1.7036296129226685 7
1717443000504 1.645524024963379 8
1717443003569 1.6559362411499023 9
1717443006555 1.6457698345184326 10
1717443009706 1.6007860898971558 11
1717443012745 1.5569416284561157 12
1717443015803 1.548757791519165 13
1717443019090 1.5748193264007568 14
1717443022144 1.5563793182373047 15
1717443025227 1.5676813125610352 16
1717443028293 1.544384241104126 17
1717443031401 1.5008782148361206 18
1717443034476 1.4437202215194702 19
1717443037617 1.4440587759017944 20
1717443040745 1.4158509969711304 21
1717443043804 1.4183346033096313 22
1717443046885 1.411450743675232 23
1717443049976 1.4046891927719116 24
1717443053085 1.3807483911514282 25
1717443056176 1.404813528060913 26
1717443059252 1.4119088649749756 27
1717443062721 1.3813116550445557 28
1717443065871 1.355425238609314 29
1717443068851 1.3347593545913696 30
1717443071881 1.338571310043335 31
1717443074994 1.3143690824508667 32
1717443078096 1.3003123998641968 33
1717443081225 1.3032283782958984 34
1717443084348 1.2891566753387451 35
1717443087468 1.286328673362732 36
1717443090596 1.2478482723236084 37
1717443093753 1.2391937971115112 38
1717443097138 1.2156102657318115 39
1717443100268 1.1957581043243408 40
1717443103415 1.1984244585037231 41
1717443106529 1.1892739534378052 42
1717443109634 1.1849586963653564 43
1717443112723 1.1660434007644653 44
1717443115830 1.1838563680648804 45
1717443118960 1.1493250131607056 46
1717443122101 1.1195379495620728 47
1717443125203 1.0952725410461426 48
1717443128326 1.0844594240188599 49
1717443131426 1.0584479570388794 50
1717443134586 1.0378056764602661 51
1717443137733 1.0273257493972778 52
1717443140837 1.03900945186615 53
1717443143929 1.0978035926818848 54
1717443147041 1.0713930130004883 55
1717443150202 1.0525462627410889 56
1717443153400 1.0168641805648804 57
1717443156498 0.9945686459541321 58
1717443159633 0.996991753578186 59
1717443162792 0.9971200227737427 60
1717443165923 0.992098867893219 61
1717443169046 0.9751582145690918 62
1717443172445 0.9576743245124817 63
1717443175348 0.9366468191146851 64
1717443179156 0.9241313934326172 65
1717443182304 0.9068593382835388 66
1717443185285 0.896401047706604 67
1717443188291 0.8877827525138855 68
1717443191264 0.8745203018188477 69
1717443194204 0.8779568672180176 70
1717443197187 0.8839070200920105 71
1717443200182 0.8797232508659363 72
1717443203181 0.8602399826049805 73
1717443206132 0.8827019929885864 74
1717443209202 0.8595820665359497 75
1717443212188 0.8422421813011169 76
1717443215198 0.8229657411575317 77
1717443218207 0.8466912508010864 78
1717443221128 0.8323200345039368 79
1717443224057 0.8232941031455994 80
1717443227002 0.8235859274864197 81
1717443229961 0.8668782114982605 82
1717443232953 0.8791789412498474 83
1717443235953 0.9024212956428528 84
1717443239078 0.8693088293075562 85
1717443242203 0.8810464143753052 86
1717443245210 0.8407220244407654 87
1717443248251 0.8191853165626526 88
1717443251216 0.790040135383606 89
1717443254199 0.7713401913642883 90
1717443257224 0.7633661031723022 91
1717443260225 0.741047739982605 92
1717443263254 0.7351523041725159 93
1717443266295 0.7298154830932617 94
1717443269314 0.7112041115760803 95
1717443272347 0.6986587643623352 96
1717443275321 0.683407723903656 97
1717443278352 0.6760152578353882 98
1717443281360 0.6582098007202148 99
