1717434837832 143327.0 1
1717434868933 143327.0 2
1717434901780 143327.0 3
1717434930375 143327.0 4
1717434958388 143327.0 5
1717434988749 143327.0 6
1717435020591 143327.0 7
1717435049075 143327.0 8
1717435077731 143327.0 9
1717435106227 143327.0 10
1717435134704 143327.0 11
1717435163281 143327.0 12
1717435191648 143327.0 13
1717435219926 143327.0 14
1717435248257 143327.0 15
1717435276616 143327.0 16
1717435304892 143327.0 17
1717435333050 143327.0 18
1717435361076 143327.0 19
1717435389014 143327.0 20
1717435416838 143327.0 21
1717435446924 143327.0 22
1717435477952 143327.0 23
1717435507241 143327.0 24
1717435533296 143327.0 25
1717435559146 143327.0 26
1717435585771 143327.0 27
1717435612910 143327.0 28
1717435644137 143327.0 29
1717435675197 143327.0 30
1717435703713 143327.0 31
1717435732213 143327.0 32
1717435761390 143327.0 33
1717435790387 143327.0 34
1717435819922 143327.0 35
1717435849356 143327.0 36
1717435878853 143327.0 37
1717435910190 143327.0 38
1717435941463 143327.0 39
1717435972673 143327.0 40
1717436003699 143327.0 41
1717436034286 143327.0 42
1717436063413 143327.0 43
1717436101655 143327.0 44
1717436151373 143327.0 45
1717436186331 143327.0 46
1717436220431 143327.0 47
1717436251141 143327.0 48
1717436283727 143327.0 49
1717436316346 143327.0 50
1717436347587 143327.0 51
1717436376617 143327.0 52
1717436406836 143327.0 53
1717436444464 143327.0 54
1717436477537 143327.0 55
1717436507342 143327.0 56
1717436538329 143327.0 57
1717436569296 143327.0 58
1717436599126 143327.0 59
1717436629067 143327.0 60
1717436658744 143327.0 61
1717436687086 143327.0 62
1717436715395 143327.0 63
1717436743617 143327.0 64
1717436772330 143327.0 65
1717436801383 143327.0 66
1717436828557 143327.0 67
1717436858136 143327.0 68
1717436887338 143327.0 69
1717436914559 143327.0 70
1717436943215 143327.0 71
1717436972221 143327.0 72
1717436999400 143327.0 73
1717437026746 143327.0 74
1717437054091 143327.0 75
1717437083244 143327.0 76
1717437113226 143327.0 77
1717437142371 143327.0 78
1717437171108 143327.0 79
1717437197665 143327.0 80
1717437224061 143327.0 81
1717437251241 143327.0 82
1717437280539 143327.0 83
1717437312534 143327.0 84
1717437340096 143327.0 85
1717437367229 143327.0 86
1717437394271 143327.0 87
1717437421338 143327.0 88
1717437447772 143327.0 89
1717437475533 143327.0 90
1717437501274 143327.0 91
1717437526526 143327.0 92
1717437552065 143327.0 93
1717437577643 143327.0 94
1717437605456 143327.0 95
1717437633793 143327.0 96
1717437659465 143327.0 97
1717437686262 143327.0 98
1717437713374 143327.0 99
