1717434837832 0.6107248693912163 1
1717434868933 0.6307175260384829 2
1717434901780 0.6317459264289893 3
1717434930375 0.6318667515211797 4
1717434958388 0.5591391653687824 5
1717434988749 0.594174259715889 6
1717435020591 0.6352063019798478 7
1717435049075 0.635539448117337 8
1717435077731 0.6319697128509952 9
1717435106227 0.6344707778294726 10
1717435134704 0.6326432796800803 11
1717435163281 0.6369545426833357 12
1717435191648 0.6369545426833357 13
1717435219926 0.6403650891108315 14
1717435248257 0.6385688750784511 15
1717435276616 0.6385688750784511 16
1717435304892 0.6391636667789216 17
1717435333050 0.6391636667789216 18
1717435361076 0.6391636667789216 19
1717435389014 0.6401903646113175 20
1717435416838 0.6401903646113175 21
1717435446924 0.6385413981738132 22
1717435477952 0.6401903646113175 23
1717435507241 0.6401903646113175 24
1717435533296 0.6380977166470213 25
1717435559146 0.6401903646113175 26
1717435585771 0.6406475777045565 27
1717435612910 0.6406475777045565 28
1717435644137 0.6411015602203468 29
1717435675197 0.6411015602203468 30
1717435703713 0.6411015602203468 31
1717435732213 0.6411015602203468 32
1717435761390 0.6411015602203468 33
1717435790387 0.6411015602203468 34
1717435819922 0.6411015602203468 35
1717435849356 0.6411015602203468 36
1717435878853 0.6411015602203468 37
1717435910190 0.6411015602203468 38
1717435941463 0.6411015602203468 39
1717435972673 0.6411015602203468 40
1717436003699 0.6411015602203468 41
1717436034286 0.6413534754036557 42
1717436063413 0.6413534754036557 43
1717436101655 0.6413534754036557 44
1717436151373 0.6413534754036557 45
1717436186331 0.6413534754036557 46
1717436220431 0.6413534754036557 47
1717436251141 0.6413534754036557 48
1717436283727 0.6413534754036557 49
1717436316346 0.6413534754036557 50
1717436347587 0.6413534754036557 51
1717436376617 0.6413534754036557 52
1717436406836 0.6413534754036557 53
1717436444464 0.6413534754036557 54
1717436477537 0.6413534754036557 55
1717436507342 0.6413534754036557 56
1717436538329 0.6413534754036557 57
1717436569296 0.6413534754036557 58
1717436599126 0.6413534754036557 59
1717436629067 0.6413534754036557 60
1717436658744 0.6413534754036557 61
1717436687086 0.6413534754036557 62
1717436715395 0.6413534754036557 63
1717436743617 0.6413534754036557 64
1717436772330 0.6413534754036557 65
1717436801383 0.6413534754036557 66
1717436828557 0.6413534754036557 67
1717436858136 0.6413534754036557 68
1717436887338 0.6413534754036557 69
1717436914559 0.6413534754036557 70
1717436943215 0.6413534754036557 71
1717436972221 0.6413534754036557 72
1717436999400 0.6413534754036557 73
1717437026746 0.6413534754036557 74
1717437054091 0.6413534754036557 75
1717437083244 0.6413534754036557 76
1717437113226 0.6413534754036557 77
1717437142371 0.6413534754036557 78
1717437171108 0.6413534754036557 79
1717437197665 0.6413534754036557 80
1717437224061 0.6413534754036557 81
1717437251241 0.6413534754036557 82
1717437280539 0.6413534754036557 83
1717437312534 0.6413534754036557 84
1717437340096 0.6413534754036557 85
1717437367229 0.6413534754036557 86
1717437394271 0.6413534754036557 87
1717437421338 0.6413534754036557 88
1717437447772 0.6413534754036557 89
1717437475533 0.6413534754036557 90
1717437501274 0.6413534754036557 91
1717437526526 0.6413534754036557 92
1717437552065 0.6413534754036557 93
1717437577643 0.6413534754036557 94
1717437605456 0.6413534754036557 95
1717437633793 0.6413534754036557 96
1717437659465 0.6413534754036557 97
1717437686262 0.6413534754036557 98
1717437713374 0.6413534754036557 99
