1717434837832 0.2628347438579258 1
1717434868933 0.28916805799286105 2
1717434901780 0.2875262740404144 3
1717434930375 0.2926845839398249 4
1717434958388 0.21875381149672635 5
1717434988749 0.2593966541947143 6
1717435020591 0.2970036623578563 7
1717435049075 0.29588362389967343 8
1717435077731 0.294965174474048 9
1717435106227 0.2939899625652065 10
1717435134704 0.2915936417118842 11
1717435163281 0.29212512884532243 12
1717435191648 0.29212512884532243 13
1717435219926 0.29206410267079536 14
1717435248257 0.29159688746258033 15
1717435276616 0.29159688746258033 16
1717435304892 0.2917529566234121 17
1717435333050 0.2917529566234121 18
1717435361076 0.2917529566234121 19
1717435389014 0.2920342532516515 20
1717435416838 0.2920342532516515 21
1717435446924 0.2918444827889724 22
1717435477952 0.2920342532516515 23
1717435507241 0.2920342532516515 24
1717435533296 0.291935394384898 25
1717435559146 0.2920342532516515 26
1717435585771 0.29196366499849824 27
1717435612910 0.29196366499849824 28
1717435644137 0.29202870455141267 29
1717435675197 0.29202870455141267 30
1717435703713 0.29202870455141267 31
1717435732213 0.29202870455141267 32
1717435761390 0.29202870455141267 33
1717435790387 0.29202870455141267 34
1717435819922 0.29202870455141267 35
1717435849356 0.29202870455141267 36
1717435878853 0.29202870455141267 37
1717435910190 0.29202870455141267 38
1717435941463 0.29202870455141267 39
1717435972673 0.29202870455141267 40
1717436003699 0.29202870455141267 41
1717436034286 0.2914864755800048 42
1717436063413 0.2914864755800048 43
1717436101655 0.2914864755800048 44
1717436151373 0.2914864755800048 45
1717436186331 0.2914864755800048 46
1717436220431 0.2914864755800048 47
1717436251141 0.2914864755800048 48
1717436283727 0.2914864755800048 49
1717436316346 0.2914864755800048 50
1717436347587 0.2914864755800048 51
1717436376617 0.2914864755800048 52
1717436406836 0.2914864755800048 53
1717436444464 0.2914864755800048 54
1717436477537 0.2914864755800048 55
1717436507342 0.2914864755800048 56
1717436538329 0.2914864755800048 57
1717436569296 0.2914864755800048 58
1717436599126 0.2914864755800048 59
1717436629067 0.2914864755800048 60
1717436658744 0.2914864755800048 61
1717436687086 0.2914864755800048 62
1717436715395 0.2914864755800048 63
1717436743617 0.2914864755800048 64
1717436772330 0.2914864755800048 65
1717436801383 0.2914864755800048 66
1717436828557 0.2914864755800048 67
1717436858136 0.2914864755800048 68
1717436887338 0.2914864755800048 69
1717436914559 0.2914864755800048 70
1717436943215 0.2914864755800048 71
1717436972221 0.2914864755800048 72
1717436999400 0.2914864755800048 73
1717437026746 0.2914864755800048 74
1717437054091 0.2914864755800048 75
1717437083244 0.2914864755800048 76
1717437113226 0.2914864755800048 77
1717437142371 0.2914864755800048 78
1717437171108 0.2914864755800048 79
1717437197665 0.2914864755800048 80
1717437224061 0.2914864755800048 81
1717437251241 0.2914864755800048 82
1717437280539 0.2914864755800048 83
1717437312534 0.2914864755800048 84
1717437340096 0.2914864755800048 85
1717437367229 0.2914864755800048 86
1717437394271 0.2914864755800048 87
1717437421338 0.2914864755800048 88
1717437447772 0.2914864755800048 89
1717437475533 0.2914864755800048 90
1717437501274 0.2914864755800048 91
1717437526526 0.2914864755800048 92
1717437552065 0.2914864755800048 93
1717437577643 0.2914864755800048 94
1717437605456 0.2914864755800048 95
1717437633793 0.2914864755800048 96
1717437659465 0.2914864755800048 97
1717437686262 0.2914864755800048 98
1717437713374 0.2914864755800048 99
