1717342777781 313860.0 1
1717342782716 313860.0 2
1717342787581 313860.0 3
1717342792552 313860.0 4
1717342797574 313860.0 5
1717342802605 313860.0 6
1717342807519 313860.0 7
1717342812699 313860.0 8
1717342817679 313860.0 9
1717342822612 313860.0 10
1717342827530 313860.0 11
1717342832442 313860.0 12
1717342837564 313860.0 13
1717342842474 313860.0 14
1717342847415 313860.0 15
1717342852327 313860.0 16
1717342857264 313860.0 17
1717342862124 313860.0 18
1717342867043 313860.0 19
1717342872219 313860.0 20
1717342877339 313860.0 21
1717342882490 313860.0 22
1717342887474 313860.0 23
1717342892332 313860.0 24
1717342897293 313860.0 25
1717342902235 313860.0 26
1717342907128 313860.0 27
1717342912083 313860.0 28
1717342917188 313860.0 29
1717342922294 313860.0 30
1717342927596 313860.0 31
1717342933024 313860.0 32
1717342938330 313860.0 33
1717342943239 313860.0 34
1717342948208 313860.0 35
1717342953184 313860.0 36
1717342958228 313860.0 37
1717342963106 313860.0 38
1717342968034 313860.0 39
1717342973031 313860.0 40
1717342977950 313860.0 41
1717342982978 313860.0 42
1717342988017 313860.0 43
1717342993085 313860.0 44
1717342998077 313860.0 45
1717343003568 313860.0 46
1717343009713 313854.0 47
1717343014974 313737.0 48
1717343020304 313188.0 49
1717343025862 311852.0 50
1717343031104 309643.0 51
1717343036702 309235.0 52
1717343042347 308649.0 53
1717343047675 308770.0 54
1717343052668 308703.0 55
1717343057553 308746.0 56
1717343062463 308550.0 57
1717343067367 308435.0 58
1717343072384 308433.0 59
1717343077328 308436.0 60
1717343082284 308372.0 61
1717343087399 308331.0 62
1717343092402 308251.0 63
1717343097331 308295.0 64
1717343102688 308167.0 65
1717343107749 308235.0 66
1717343112926 308227.0 67
1717343118264 308110.0 68
1717343123680 308013.0 69
1717343129333 307937.0 70
1717343134491 307962.0 71
1717343139419 307826.0 72
1717343145038 308209.0 73
1717343150019 308142.0 74
1717343155116 308169.0 75
1717343160072 308134.0 76
1717343165298 308109.0 77
1717343170208 308086.0 78
1717343175420 308124.0 79
1717343180778 307962.0 80
1717343185924 307826.0 81
1717343190855 308078.0 82
1717343195897 308343.0 83
1717343200861 308003.0 84
1717343205747 308051.0 85
1717343210961 307998.0 86
1717343216079 308002.0 87
1717343221005 308019.0 88
1717343225884 308023.0 89
1717343230951 307988.0 90
1717343236033 307949.0 91
1717343241041 308122.0 92
1717343246119 308079.0 93
1717343251056 307335.0 94
1717343256686 308510.0 95
1717343261970 307648.0 96
1717343266948 308069.0 97
1717343271967 307806.0 98
1717343277062 307737.0 99
