1717342777781 0.9563903665827824 1
1717342782716 0.9563903665827824 2
1717342787581 0.9563903665827824 3
1717342792552 0.9563903665827824 4
1717342797574 0.9563903665827824 5
1717342802605 0.9563903665827824 6
1717342807519 0.9563903665827824 7
1717342812699 0.9563903665827824 8
1717342817679 0.9563903665827824 9
1717342822612 0.9563903665827824 10
1717342827530 0.9563903665827824 11
1717342832442 0.9563903665827824 12
1717342837564 0.9563903665827824 13
1717342842474 0.9563903665827824 14
1717342847415 0.9563903665827824 15
1717342852327 0.9563903665827824 16
1717342857264 0.9563903665827824 17
1717342862124 0.9563903665827824 18
1717342867043 0.9563903665827824 19
1717342872219 0.9563903665827824 20
1717342877339 0.9563903665827824 21
1717342882490 0.9563903665827824 22
1717342887474 0.9563903665827824 23
1717342892332 0.9563903665827824 24
1717342897293 0.9563903665827824 25
1717342902235 0.9563903665827824 26
1717342907128 0.9563903665827824 27
1717342912083 0.9563903665827824 28
1717342917188 0.9563903665827824 29
1717342922294 0.9563903665827824 30
1717342927596 0.9563903665827824 31
1717342933024 0.9563903665827824 32
1717342938330 0.9563903665827824 33
1717342943239 0.9563903665827824 34
1717342948208 0.9563903665827824 35
1717342953184 0.9563903665827824 36
1717342958228 0.9563903665827824 37
1717342963106 0.9563903665827824 38
1717342968034 0.9563903665827824 39
1717342973031 0.9563903665827824 40
1717342977950 0.9563903665827824 41
1717342982978 0.9563903665827824 42
1717342988017 0.9563903665827824 43
1717342993085 0.9563903665827824 44
1717342998077 0.9563903665827824 45
1717343003568 0.9563903665827824 46
1717343009713 0.9563933447218999 47
1717343014974 0.9564316716575647 48
1717343020304 0.9563817796507105 49
1717343025862 0.9561020533053104 50
1717343031104 0.9561659374644906 51
1717343036702 0.9558576491775198 52
1717343042347 0.9557859367611864 53
1717343047675 0.9557412533793934 54
1717343052668 0.9557320414991751 55
1717343057553 0.9557546164077421 56
1717343062463 0.955726216660843 57
1717343067367 0.9557374582182855 58
1717343072384 0.9557352152116343 59
1717343077328 0.9557686619972335 60
1717343082284 0.9557799335427046 61
1717343087399 0.9557513031026119 62
1717343092402 0.9557643370530082 63
1717343097331 0.9557630422021821 64
1717343102688 0.9557858109631272 65
1717343107749 0.9558188479305331 66
1717343112926 0.9558572061633084 67
1717343118264 0.955881998020581 68
1717343123680 0.955952619841001 69
1717343129333 0.9559232597345979 70
1717343134491 0.9559483517808277 71
1717343139419 0.95598205481592 72
1717343145038 0.9559567759007508 73
1717343150019 0.9559736495254916 74
1717343155116 0.9560340663956072 75
1717343160072 0.9560050625362925 76
1717343165298 0.955976962654222 77
1717343170208 0.9560196743615867 78
1717343175420 0.9562437963318484 79
1717343180778 0.9560320339714645 80
1717343185924 0.9558533899963711 81
1717343190855 0.9560436838882368 82
1717343195897 0.9560399787569482 83
1717343200861 0.9561063307295746 84
1717343205747 0.9561230963807527 85
1717343210961 0.95614880241785 86
1717343216079 0.9561401285482207 87
1717343221005 0.9561184186255022 88
1717343225884 0.9561548601169781 89
1717343230951 0.9561445634771317 90
1717343236033 0.9561253170370948 91
1717343241041 0.9563246180205405 92
1717343246119 0.9561492274926783 93
1717343251056 0.9561238915929378 94
1717343256686 0.9560992408726459 95
1717343261970 0.956102377563337 96
1717343266948 0.9561382294144118 97
1717343271967 0.9561969512784211 98
1717343277062 0.9561984049414629 99
