1717342777781 0.4491526484489441 1
1717342782716 0.32021364569664 2
1717342787581 0.29909369349479675 3
1717342792552 0.292917937040329 4
1717342797574 0.29003337025642395 5
1717342802605 0.28856992721557617 6
1717342807519 0.28783878684043884 7
1717342812699 0.28748491406440735 8
1717342817679 0.28731611371040344 9
1717342822612 0.28723061084747314 10
1717342827530 0.2871779799461365 11
1717342832442 0.28713732957839966 12
1717342837564 0.28714054822921753 13
1717342842474 0.2873263955116272 14
1717342847415 0.28729984164237976 15
1717342852327 0.2872772514820099 16
1717342857264 0.28726261854171753 17
1717342862124 0.2872511148452759 18
1717342867043 0.2872411906719208 19
1717342872219 0.2872312664985657 20
1717342877339 0.28721922636032104 21
1717342882490 0.2871972620487213 22
1717342887474 0.2870975732803345 23
1717342892332 0.28614285588264465 24
1717342897293 0.2867223918437958 25
1717342902235 0.2848520576953888 26
1717342907128 0.27818238735198975 27
1717342912083 0.2733994722366333 28
1717342917188 0.2729974389076233 29
1717342922294 0.27138668298721313 30
1717342927596 0.2692027688026428 31
1717342933024 0.2681545913219452 32
1717342938330 0.2674606740474701 33
1717342943239 0.26671937108039856 34
1717342948208 0.266152024269104 35
1717342953184 0.2655491828918457 36
1717342958228 0.2650999426841736 37
1717342963106 0.26470378041267395 38
1717342968034 0.26437145471572876 39
1717342973031 0.2640497088432312 40
1717342977950 0.2637542486190796 41
1717342982978 0.2634621262550354 42
1717342988017 0.2631453275680542 43
1717342993085 0.26279181241989136 44
1717342998077 0.2623521089553833 45
1717343003568 0.2616290748119354 46
1717343009713 0.26039382815361023 47
1717343014974 0.2578960061073303 48
1717343020304 0.25331658124923706 49
1717343025862 0.2468583583831787 50
1717343031104 0.2419150173664093 51
1717343036702 0.239768847823143 52
1717343042347 0.23768672347068787 53
1717343047675 0.2367347925901413 54
1717343052668 0.23595809936523438 55
1717343057553 0.2353341430425644 56
1717343062463 0.2347588688135147 57
1717343067367 0.23416182398796082 58
1717343072384 0.23348356783390045 59
1717343077328 0.23299774527549744 60
1717343082284 0.2326613962650299 61
1717343087399 0.23248489201068878 62
1717343092402 0.23210518062114716 63
1717343097331 0.2317906767129898 64
1717343102688 0.23132756352424622 65
1717343107749 0.2309550940990448 66
1717343112926 0.23059438169002533 67
1717343118264 0.2303999364376068 68
1717343123680 0.23030850291252136 69
1717343129333 0.23027770221233368 70
1717343134491 0.2302224040031433 71
1717343139419 0.23011067509651184 72
1717343145038 0.22962228953838348 73
1717343150019 0.22925013303756714 74
1717343155116 0.22906745970249176 75
1717343160072 0.228949174284935 76
1717343165298 0.2288644015789032 77
1717343170208 0.2289290726184845 78
1717343175420 0.22926384210586548 79
1717343180778 0.22967466711997986 80
1717343185924 0.22925356030464172 81
1717343190855 0.22789984941482544 82
1717343195897 0.2279152125120163 83
1717343200861 0.22780686616897583 84
1717343205747 0.2278376668691635 85
1717343210961 0.22783826291561127 86
1717343216079 0.2278243601322174 87
1717343221005 0.22773772478103638 88
1717343225884 0.22755011916160583 89
1717343230951 0.2273843139410019 90
1717343236033 0.22727042436599731 91
1717343241041 0.22767260670661926 92
1717343246119 0.22746966779232025 93
1717343251056 0.2282557487487793 94
1717343256686 0.22759276628494263 95
1717343261970 0.2263130247592926 96
1717343266948 0.22655512392520905 97
1717343271967 0.22645528614521027 98
1717343277062 0.22644390165805817 99
