1717342777781 0.0 1
1717342782716 0.0 2
1717342787581 0.0 3
1717342792552 0.0 4
1717342797574 0.0 5
1717342802605 0.0 6
1717342807519 0.0 7
1717342812699 0.0 8
1717342817679 0.0 9
1717342822612 0.0 10
1717342827530 0.0 11
1717342832442 0.0 12
1717342837564 0.0 13
1717342842474 0.0 14
1717342847415 0.0 15
1717342852327 0.0 16
1717342857264 0.0 17
1717342862124 0.0 18
1717342867043 0.0 19
1717342872219 0.0 20
1717342877339 0.0 21
1717342882490 0.0 22
1717342887474 0.0 23
1717342892332 0.0 24
1717342897293 0.0 25
1717342902235 0.0 26
1717342907128 0.0 27
1717342912083 0.0 28
1717342917188 0.0 29
1717342922294 0.0 30
1717342927596 0.0 31
1717342933024 0.0 32
1717342938330 0.0 33
1717342943239 0.0 34
1717342948208 0.0 35
1717342953184 0.0 36
1717342958228 0.0 37
1717342963106 0.0 38
1717342968034 0.0 39
1717342973031 0.0 40
1717342977950 0.0 41
1717342982978 0.0 42
1717342988017 0.0 43
1717342993085 0.0 44
1717342998077 0.0 45
1717343003568 0.0 46
1717343009713 0.00027695077005773783 47
1717343014974 0.0055760350078344345 48
1717343020304 0.024817468598484993 49
1717343025862 0.06635245680809021 50
1717343031104 0.13603219389915466 51
1717343036702 0.13968801498413086 52
1717343042347 0.15760523080825806 53
1717343047675 0.15288665890693665 54
1717343052668 0.15465213358402252 55
1717343057553 0.15310749411582947 56
1717343062463 0.15759076178073883 57
1717343067367 0.16054187715053558 58
1717343072384 0.1614542305469513 59
1717343077328 0.1622520387172699 60
1717343082284 0.1642765998840332 61
1717343087399 0.16464167833328247 62
1717343092402 0.16730740666389465 63
1717343097331 0.16508381068706512 64
1717343102688 0.16872666776180267 65
1717343107749 0.16772505640983582 66
1717343112926 0.1693372130393982 67
1717343118264 0.173139750957489 68
1717343123680 0.1767122447490692 69
1717343129333 0.17775902152061462 70
1717343134491 0.17747703194618225 71
1717343139419 0.18112537264823914 72
1717343145038 0.17073914408683777 73
1717343150019 0.1737680733203888 74
1717343155116 0.17448703944683075 75
1717343160072 0.1746455729007721 76
1717343165298 0.17439834773540497 77
1717343170208 0.1749453842639923 78
1717343175420 0.17597199976444244 79
1717343180778 0.17548853158950806 80
1717343185924 0.1763613522052765 81
1717343190855 0.17772971093654633 82
1717343195897 0.17049458622932434 83
1717343200861 0.18040134012699127 84
1717343205747 0.17918603122234344 85
1717343210961 0.18081489205360413 86
1717343216079 0.18027064204216003 87
1717343221005 0.17943041026592255 88
1717343225884 0.1801602989435196 89
1717343230951 0.18076865375041962 90
1717343236033 0.18073251843452454 91
1717343241041 0.17768804728984833 92
1717343246119 0.17591752111911774 93
1717343251056 0.19415627419948578 94
1717343256686 0.16301295161247253 95
1717343261970 0.18961098790168762 96
1717343266948 0.17932361364364624 97
1717343271967 0.1869044154882431 98
1717343277062 0.1884850114583969 99
