1717442451140 22292.0 1
1717442451924 0.0 2
1717442452713 0.0 3
1717442453520 0.0 4
1717442454334 0.0 5
1717442455155 0.0 6
1717442455963 0.0 7
1717442456784 0.0 8
1717442457604 0.0 9
1717442458424 0.0 10
1717442459257 0.0 11
1717442460081 0.0 12
1717442460930 0.0 13
1717442461742 0.0 14
1717442462563 0.0 15
1717442463407 0.0 16
1717442464241 0.0 17
1717442465062 0.0 18
1717442465881 0.0 19
1717442466962 0.0 20
1717442467985 0.0 21
1717442468889 0.0 22
1717442469753 0.0 23
1717442470571 0.0 24
1717442471431 0.0 25
1717442472278 0.0 26
1717442473089 0.0 27
1717442473921 0.0 28
1717442474745 0.0 29
1717442475571 0.0 30
1717442476428 0.0 31
1717442477296 0.0 32
1717442478136 0.0 33
1717442478949 0.0 34
1717442479782 0.0 35
1717442480608 0.0 36
1717442481436 0.0 37
1717442482344 0.0 38
1717442483178 0.0 39
1717442484007 0.0 40
1717442484854 0.0 41
1717442485704 0.0 42
1717442486540 0.0 43
1717442487363 0.0 44
1717442488218 0.0 45
1717442489028 0.0 46
1717442489856 0.0 47
1717442490686 0.0 48
1717442491558 0.0 49
1717442492373 0.0 50
1717442493213 0.0 51
1717442494051 0.0 52
1717442494871 0.0 53
1717442495834 0.0 54
1717442496662 0.0 55
1717442497479 0.0 56
1717442498309 0.0 57
1717442499144 0.0 58
1717442499972 0.0 59
1717442500795 0.0 60
1717442501624 0.0 61
1717442502472 0.0 62
1717442503314 0.0 63
1717442504139 0.0 64
1717442504952 0.0 65
1717442505785 0.0 66
1717442506622 0.0 67
1717442507457 0.0 68
1717442508274 0.0 69
1717442509112 0.0 70
1717442509945 0.0 71
1717442510780 0.0 72
1717442511613 0.0 73
1717442512448 0.0 74
1717442513290 0.0 75
1717442514122 0.0 76
1717442514946 0.0 77
1717442515772 0.0 78
1717442516605 0.0 79
1717442517448 0.0 80
1717442518299 0.0 81
1717442519151 0.0 82
1717442519984 0.0 83
1717442520854 0.0 84
1717442521692 0.0 85
1717442522520 0.0 86
1717442523368 0.0 87
1717442524198 0.0 88
1717442525075 0.0 89
1717442525910 0.0 90
1717442526758 0.0 91
1717442527623 0.0 92
1717442528457 0.0 93
1717442529310 0.0 94
1717442530157 0.0 95
1717442530999 0.0 96
1717442531827 0.0 97
1717442532731 0.0 98
1717442533579 0.0 99
