1717442451140 0.2287856752731341 1
1717442451924 0.26391571543034925 2
1717442452713 0.26391571543034925 3
1717442453520 0.26391571543034925 4
1717442454334 0.26391571543034925 5
1717442455155 0.26391571543034925 6
1717442455963 0.26391571543034925 7
1717442456784 0.26391571543034925 8
1717442457604 0.26391571543034925 9
1717442458424 0.26391571543034925 10
1717442459257 0.26391571543034925 11
1717442460081 0.26391571543034925 12
1717442460930 0.26391571543034925 13
1717442461742 0.26391571543034925 14
1717442462563 0.26391571543034925 15
1717442463407 0.26391571543034925 16
1717442464241 0.26391571543034925 17
1717442465062 0.26391571543034925 18
1717442465881 0.26391571543034925 19
1717442466962 0.26391571543034925 20
1717442467985 0.26391571543034925 21
1717442468889 0.26391571543034925 22
1717442469753 0.26391571543034925 23
1717442470571 0.26391571543034925 24
1717442471431 0.26391571543034925 25
1717442472278 0.26391571543034925 26
1717442473089 0.26391571543034925 27
1717442473921 0.26391571543034925 28
1717442474745 0.26391571543034925 29
1717442475571 0.26391571543034925 30
1717442476428 0.26391571543034925 31
1717442477296 0.26391571543034925 32
1717442478136 0.26391571543034925 33
1717442478949 0.26391571543034925 34
1717442479782 0.26391571543034925 35
1717442480608 0.26391571543034925 36
1717442481436 0.26391571543034925 37
1717442482344 0.26391571543034925 38
1717442483178 0.26391571543034925 39
1717442484007 0.26391571543034925 40
1717442484854 0.26391571543034925 41
1717442485704 0.26391571543034925 42
1717442486540 0.26391571543034925 43
1717442487363 0.26391571543034925 44
1717442488218 0.26391571543034925 45
1717442489028 0.26391571543034925 46
1717442489856 0.26391571543034925 47
1717442490686 0.26391571543034925 48
1717442491558 0.26391571543034925 49
1717442492373 0.26391571543034925 50
1717442493213 0.26391571543034925 51
1717442494051 0.26391571543034925 52
1717442494871 0.26391571543034925 53
1717442495834 0.26391571543034925 54
1717442496662 0.26391571543034925 55
1717442497479 0.26391571543034925 56
1717442498309 0.26391571543034925 57
1717442499144 0.26391571543034925 58
1717442499972 0.26391571543034925 59
1717442500795 0.26391571543034925 60
1717442501624 0.26391571543034925 61
1717442502472 0.26391571543034925 62
1717442503314 0.26391571543034925 63
1717442504139 0.26391571543034925 64
1717442504952 0.26391571543034925 65
1717442505785 0.26391571543034925 66
1717442506622 0.26391571543034925 67
1717442507457 0.26391571543034925 68
1717442508274 0.26391571543034925 69
1717442509112 0.26391571543034925 70
1717442509945 0.26391571543034925 71
1717442510780 0.26391571543034925 72
1717442511613 0.26391571543034925 73
1717442512448 0.26391571543034925 74
1717442513290 0.26391571543034925 75
1717442514122 0.26391571543034925 76
1717442514946 0.26391571543034925 77
1717442515772 0.26391571543034925 78
1717442516605 0.26391571543034925 79
1717442517448 0.26391571543034925 80
1717442518299 0.26391571543034925 81
1717442519151 0.26391571543034925 82
1717442519984 0.26391571543034925 83
1717442520854 0.26391571543034925 84
1717442521692 0.26391571543034925 85
1717442522520 0.26391571543034925 86
1717442523368 0.26391571543034925 87
1717442524198 0.26391571543034925 88
1717442525075 0.26391571543034925 89
1717442525910 0.26391571543034925 90
1717442526758 0.26391571543034925 91
1717442527623 0.26391571543034925 92
1717442528457 0.26391571543034925 93
1717442529310 0.26391571543034925 94
1717442530157 0.26391571543034925 95
1717442530999 0.26391571543034925 96
1717442531827 0.26391571543034925 97
1717442532731 0.26391571543034925 98
1717442533579 0.26391571543034925 99
