1717442451140 96.28125 1
1717442451924 99.90782928466797 2
1717442452713 99.90782928466797 3
1717442453520 99.90782928466797 4
1717442454334 99.90782928466797 5
1717442455155 99.90782928466797 6
1717442455963 99.90782928466797 7
1717442456784 99.90782928466797 8
1717442457604 99.90782928466797 9
1717442458424 99.90782928466797 10
1717442459257 99.90782928466797 11
1717442460081 99.90782928466797 12
1717442460930 99.90782928466797 13
1717442461742 99.90782928466797 14
1717442462563 99.90782928466797 15
1717442463407 99.90782928466797 16
1717442464241 99.90782928466797 17
1717442465062 99.90782928466797 18
1717442465881 99.90782928466797 19
1717442466962 99.90782928466797 20
1717442467985 99.90782928466797 21
1717442468889 99.90782928466797 22
1717442469753 99.90782928466797 23
1717442470571 99.90782928466797 24
1717442471431 99.90782928466797 25
1717442472278 99.90782928466797 26
1717442473089 99.90782928466797 27
1717442473921 99.90782928466797 28
1717442474745 99.90782928466797 29
1717442475571 99.90782928466797 30
1717442476428 99.90782928466797 31
1717442477296 99.90782928466797 32
1717442478136 99.90782928466797 33
1717442478949 99.90782928466797 34
1717442479782 99.90782928466797 35
1717442480608 99.90782928466797 36
1717442481436 99.90782928466797 37
1717442482344 99.90782928466797 38
1717442483178 99.90782928466797 39
1717442484007 99.90782928466797 40
1717442484854 99.90782928466797 41
1717442485704 99.90782928466797 42
1717442486540 99.90782928466797 43
1717442487363 99.90782928466797 44
1717442488218 99.90782928466797 45
1717442489028 99.90782928466797 46
1717442489856 99.90782928466797 47
1717442490686 99.90782928466797 48
1717442491558 99.90782928466797 49
1717442492373 99.90782928466797 50
1717442493213 99.90782928466797 51
1717442494051 99.90782928466797 52
1717442494871 99.90782928466797 53
1717442495834 99.90782928466797 54
1717442496662 99.90782928466797 55
1717442497479 99.90782928466797 56
1717442498309 99.90782928466797 57
1717442499144 99.90782928466797 58
1717442499972 99.90782928466797 59
1717442500795 99.90782928466797 60
1717442501624 99.90782928466797 61
1717442502472 99.90782928466797 62
1717442503314 99.90782928466797 63
1717442504139 99.90782928466797 64
1717442504952 99.90782928466797 65
1717442505785 99.90782928466797 66
1717442506622 99.90782928466797 67
1717442507457 99.90782928466797 68
1717442508274 99.90782928466797 69
1717442509112 99.90782928466797 70
1717442509945 99.90782928466797 71
1717442510780 99.90782928466797 72
1717442511613 99.90782928466797 73
1717442512448 99.90782928466797 74
1717442513290 99.90782928466797 75
1717442514122 99.90782928466797 76
1717442514946 99.90782928466797 77
1717442515772 99.90782928466797 78
1717442516605 99.90782928466797 79
1717442517448 99.90782928466797 80
1717442518299 99.90782928466797 81
1717442519151 99.90782928466797 82
1717442519984 99.90782928466797 83
1717442520854 99.90782928466797 84
1717442521692 99.90782928466797 85
1717442522520 99.90782928466797 86
1717442523368 99.90782928466797 87
1717442524198 99.90782928466797 88
1717442525075 99.90782928466797 89
1717442525910 99.90782928466797 90
1717442526758 99.90782928466797 91
1717442527623 99.90782928466797 92
1717442528457 99.90782928466797 93
1717442529310 99.90782928466797 94
1717442530157 99.90782928466797 95
1717442530999 99.90782928466797 96
1717442531827 99.90782928466797 97
1717442532731 99.90782928466797 98
1717442533579 99.90782928466797 99
