1717446013988 0.8631632563185887 1
1717446014589 0.8965926213964259 2
1717446015165 0.8911830776470767 3
1717446015776 0.8934414791246358 4
1717446016346 0.8978081778526393 5
1717446016922 0.9005251438213219 6
1717446017501 0.9059049277814614 7
1717446018095 0.9081802271473427 8
1717446018669 0.9111057597876329 9
1717446019255 0.9134093229368953 10
1717446019836 0.9154188788931309 11
1717446020443 0.9163097090278863 12
1717446021029 0.9192774431135265 13
1717446021605 0.9229732924381091 14
1717446022206 0.9252529725409241 15
1717446022797 0.9245041570984969 16
1717446023374 0.926219497397575 17
1717446023964 0.930692209540564 18
1717446024545 0.9312377616706271 19
1717446025146 0.9303661009008887 20
1717446025730 0.9341484800093406 21
1717446026329 0.9371648069020735 22
1717446026951 0.9407650096239673 23
1717446027553 0.9511370863426433 24
1717446028151 0.9459234562822697 25
1717446028757 0.9490634749305246 26
1717446029354 0.9536811468931149 27
1717446029949 0.9570401246952558 28
1717446030524 0.9556812578159801 29
1717446031134 0.9598823344509976 30
1717446031747 0.9589517106955119 31
1717446032342 0.961972897909659 32
1717446032981 0.9610397722429859 33
1717446033575 0.9647204897177063 34
1717446034151 0.9638054791189823 35
1717446034784 0.9640080916701562 36
1717446035400 0.9662622882700802 37
1717446036001 0.9639942137817954 38
1717446036610 0.9617047666570151 39
1717446037228 0.9638372262724945 40
1717446037820 0.9671685280903483 41
1717446038449 0.9636609880730812 42
1717446039046 0.9662791628420246 43
1717446039665 0.9725163197341564 44
1717446040300 0.9698822758094676 45
1717446040853 0.9730454151963059 46
1717446041468 0.9700324269492311 47
1717446042068 0.9736454186056605 48
1717446042687 0.9730152384769549 49
1717446043314 0.9752459872159537 50
1717446043904 0.9748486767151983 51
1717446044509 0.9755177268972457 52
1717446045106 0.9753632386085259 53
1717446045698 0.97669939456721 54
1717446046306 0.9754757618211877 55
1717446046908 0.9793535706770429 56
1717446047523 0.9790721656023952 57
1717446048117 0.9825701547390938 58
1717446048722 0.9793528867723182 59
1717446049358 0.985501977133238 60
1717446049986 0.9840924709191011 61
1717446050567 0.9846850177209072 62
1717446051163 0.9793202488936686 63
1717446051778 0.9839967277883037 64
1717446052399 0.9846215466123048 65
1717446052996 0.9879653187248275 66
1717446053606 0.9848113001144155 67
1717446054201 0.9838998048391729 68
1717446054772 0.9860636708314089 69
1717446055369 0.9838907909841416 70
1717446055963 0.9818368854421714 71
1717446056588 0.9869386187300565 72
1717446057181 0.9844059647367178 73
1717446057782 0.9886609687477433 74
1717446058377 0.9871425942243012 75
1717446058976 0.9898716475109974 76
1717446059609 0.9864553885195017 77
1717446060219 0.9872581693693849 78
1717446060814 0.9827321073914626 79
1717446061417 0.9834298746027083 80
1717446062000 0.9869153622978993 81
1717446062587 0.9884395648489085 82
1717446063194 0.98583358990856 83
1717446063804 0.9850328680142374 84
1717446064384 0.985723747337631 85
1717446064981 0.9846522538322274 86
1717446065598 0.9872348631016171 87
1717446066341 0.9861767513132959 88
1717446066961 0.987747023600094 89
1717446067579 0.986762926119051 90
1717446068190 0.987279977953342 91
1717446068825 0.9873403326637619 92
1717446069446 0.9879323267341842 93
1717446070058 0.9871896689627737 94
1717446070667 0.9866873352541337 95
1717446071272 0.987723983527242 96
1717446071841 0.9872275081588031 97
1717446072474 0.9888386016321655 98
1717446073093 0.989024668216168 99
