1717446013988 15074.0 1
1717446014589 15074.0 2
1717446015165 15074.0 3
1717446015776 15074.0 4
1717446016346 15074.0 5
1717446016922 15074.0 6
1717446017501 15074.0 7
1717446018095 15074.0 8
1717446018669 15074.0 9
1717446019255 15074.0 10
1717446019836 15074.0 11
1717446020443 15074.0 12
1717446021029 15074.0 13
1717446021605 15074.0 14
1717446022206 15074.0 15
1717446022797 15074.0 16
1717446023374 15074.0 17
1717446023964 15074.0 18
1717446024545 15074.0 19
1717446025146 15074.0 20
1717446025730 15074.0 21
1717446026329 15074.0 22
1717446026951 15074.0 23
1717446027553 15074.0 24
1717446028151 15074.0 25
1717446028757 15074.0 26
1717446029354 15074.0 27
1717446029949 15074.0 28
1717446030524 15074.0 29
1717446031134 15074.0 30
1717446031747 15074.0 31
1717446032342 15074.0 32
1717446032981 15074.0 33
1717446033575 15074.0 34
1717446034151 15074.0 35
1717446034784 15074.0 36
1717446035400 15074.0 37
1717446036001 15074.0 38
1717446036610 15074.0 39
1717446037228 15074.0 40
1717446037820 15074.0 41
1717446038449 15074.0 42
1717446039046 15074.0 43
1717446039665 15074.0 44
1717446040300 15074.0 45
1717446040853 15074.0 46
1717446041468 15074.0 47
1717446042068 15074.0 48
1717446042687 15074.0 49
1717446043314 15074.0 50
1717446043904 15074.0 51
1717446044509 15074.0 52
1717446045106 15074.0 53
1717446045698 15074.0 54
1717446046306 15074.0 55
1717446046908 15074.0 56
1717446047523 15074.0 57
1717446048117 15074.0 58
1717446048722 15074.0 59
1717446049358 15074.0 60
1717446049986 15074.0 61
1717446050567 15074.0 62
1717446051163 15074.0 63
1717446051778 15074.0 64
1717446052399 15074.0 65
1717446052996 15074.0 66
1717446053606 15074.0 67
1717446054201 15074.0 68
1717446054772 15074.0 69
1717446055369 15074.0 70
1717446055963 15074.0 71
1717446056588 15074.0 72
1717446057181 15074.0 73
1717446057782 15074.0 74
1717446058377 15074.0 75
1717446058976 15074.0 76
1717446059609 15074.0 77
1717446060219 15074.0 78
1717446060814 15074.0 79
1717446061417 15074.0 80
1717446062000 15074.0 81
1717446062587 15074.0 82
1717446063194 15074.0 83
1717446063804 15074.0 84
1717446064384 15074.0 85
1717446064981 15074.0 86
1717446065598 15074.0 87
1717446066341 15074.0 88
1717446066961 15074.0 89
1717446067579 15074.0 90
1717446068190 15074.0 91
1717446068825 15074.0 92
1717446069446 15074.0 93
1717446070058 15074.0 94
1717446070667 15074.0 95
1717446071272 15074.0 96
1717446071841 15074.0 97
1717446072474 15074.0 98
1717446073093 15074.0 99
