1717326072365 22555.0 1
1717326073537 22555.0 2
1717326074737 22555.0 3
1717326075930 22555.0 4
1717326077123 22555.0 5
1717326078763 22555.0 6
1717326080078 22555.0 7
1717326081251 22555.0 8
1717326082413 22555.0 9
1717326083574 22555.0 10
1717326084959 22555.0 11
1717326086310 22555.0 12
1717326087574 22555.0 13
1717326088788 22555.0 14
1717326089968 22555.0 15
1717326091118 22555.0 16
1717326092286 22555.0 17
1717326093456 22555.0 18
1717326094634 22555.0 19
1717326095802 22555.0 20
1717326096995 22555.0 21
1717326098178 22555.0 22
1717326099351 22555.0 23
1717326100530 22555.0 24
1717326101716 22555.0 25
1717326102891 22555.0 26
1717326104070 22555.0 27
1717326105265 22555.0 28
1717326106461 22555.0 29
1717326107677 22555.0 30
1717326108906 22555.0 31
1717326110087 22555.0 32
1717326111277 22555.0 33
1717326112438 22555.0 34
1717326113623 22555.0 35
1717326114884 22555.0 36
1717326116091 22555.0 37
1717326117294 22555.0 38
1717326118474 22555.0 39
1717326119654 22555.0 40
1717326120826 22555.0 41
1717326122055 22555.0 42
1717326123251 22555.0 43
1717326124460 22555.0 44
1717326125641 22555.0 45
1717326126852 22555.0 46
1717326128048 22555.0 47
1717326129296 22555.0 48
1717326130487 22555.0 49
1717326131678 22555.0 50
1717326132872 22555.0 51
1717326134073 22555.0 52
1717326135270 22555.0 53
1717326136480 22555.0 54
1717326137682 22555.0 55
1717326138843 22555.0 56
1717326140012 22555.0 57
1717326141180 22555.0 58
1717326142384 22555.0 59
1717326143620 22555.0 60
1717326144816 22555.0 61
1717326146011 22555.0 62
1717326147248 22555.0 63
1717326148438 22555.0 64
1717326149628 22555.0 65
1717326150813 22555.0 66
1717326152044 22555.0 67
1717326153218 22555.0 68
1717326154424 22555.0 69
1717326155609 22555.0 70
1717326156797 22555.0 71
1717326157979 22555.0 72
1717326159210 22555.0 73
1717326160382 22555.0 74
1717326161560 22555.0 75
1717326162725 22555.0 76
1717326163915 22555.0 77
1717326165129 22555.0 78
1717326166361 22555.0 79
1717326167535 22555.0 80
1717326168731 22555.0 81
1717326169925 22555.0 82
1717326171117 22555.0 83
1717326172314 22555.0 84
1717326173501 22555.0 85
1717326174748 22555.0 86
1717326175941 22555.0 87
1717326177120 22555.0 88
1717326178326 22555.0 89
1717326179521 22555.0 90
1717326180730 22555.0 91
1717326181973 22555.0 92
1717326183151 22555.0 93
1717326184354 22555.0 94
1717326185530 22555.0 95
1717326186720 22555.0 96
1717326187911 22555.0 97
1717326189184 22555.0 98
1717326190374 22555.0 99
