1717326072365 0.07402214653184483 1
1717326073537 0.10528551105061293 2
1717326074737 0.12064639779377744 3
1717326075930 0.12441154026367048 4
1717326077123 0.12610524380041208 5
1717326078763 0.12714859192595904 6
1717326080078 0.12749578713736445 7
1717326081251 0.1279307260926122 8
1717326082413 0.12855044148533748 9
1717326083574 0.12885282420404534 10
1717326084959 0.1290532602524612 11
1717326086310 0.1290805305014076 12
1717326087574 0.12915871102126156 13
1717326088788 0.12931355434360586 14
1717326089968 0.1294873503638837 15
1717326091118 0.12981125819989864 16
1717326092286 0.13004243133832055 17
1717326093456 0.1301879731875958 18
1717326094634 0.13041263508321196 19
1717326095802 0.13070041430663584 20
1717326096995 0.13096187835890666 21
1717326098178 0.13100056587431194 22
1717326099351 0.13136948025613923 23
1717326100530 0.13158155404656985 24
1717326101716 0.1318636443946769 25
1717326102891 0.1327606621761957 26
1717326104070 0.13351189638120345 27
1717326105265 0.13416065525663007 28
1717326106461 0.13570813599660264 29
1717326107677 0.13732104092881195 30
1717326108906 0.13704680923926923 31
1717326110087 0.13895749263942875 32
1717326111277 0.14016383482506858 33
1717326112438 0.14066891186845626 34
1717326113623 0.141842876386731 35
1717326114884 0.1426550864608461 36
1717326116091 0.14384414402384746 37
1717326117294 0.14426250309878286 38
1717326118474 0.1452399378603791 39
1717326119654 0.1457824100158745 40
1717326120826 0.14635976495593703 41
1717326122055 0.14735870790445382 42
1717326123251 0.1481976470588931 43
1717326124460 0.1487028427806526 44
1717326125641 0.14944010355438955 45
1717326126852 0.14999139255515634 46
1717326128048 0.15064854831537483 47
1717326129296 0.15255607640587715 48
1717326130487 0.154274520737168 49
1717326131678 0.1555494550167618 50
1717326132872 0.15643339828066946 51
1717326134073 0.15838253411461917 52
1717326135270 0.1592043538052435 53
1717326136480 0.16070758299812618 54
1717326137682 0.16119369211488865 55
1717326138843 0.16302459178162976 56
1717326140012 0.16425364672106188 57
1717326141180 0.16552865862578958 58
1717326142384 0.1668544346532111 59
1717326143620 0.16769627282330682 60
1717326144816 0.16813585402981487 61
1717326146011 0.1703912929415352 62
1717326147248 0.17238983216525022 63
1717326148438 0.17470665303257898 64
1717326149628 0.17542456383728577 65
1717326150813 0.17867166325628375 66
1717326152044 0.18338529282451746 67
1717326153218 0.18310569049638015 68
1717326154424 0.18469585441358255 69
1717326155609 0.18621322822022607 70
1717326156797 0.18748712645412952 71
1717326157979 0.18927282616335014 72
1717326159210 0.19116015281757248 73
1717326160382 0.19228956684351392 74
1717326161560 0.19290216839957788 75
1717326162725 0.19548339139252133 76
1717326163915 0.19760711383846274 77
1717326165129 0.19731933666893878 78
1717326166361 0.20022575227920228 79
1717326167535 0.20019892410371995 80
1717326168731 0.20383709048452775 81
1717326169925 0.20262056239277676 82
1717326171117 0.20294161068475586 83
1717326172314 0.2055840537985416 84
1717326173501 0.2090267143787948 85
1717326174748 0.21637728474349122 86
1717326175941 0.22169699595672193 87
1717326177120 0.22610329362760928 88
1717326178326 0.22854331348113588 89
1717326179521 0.23424969563962872 90
1717326180730 0.22295795351982842 91
1717326181973 0.2350167123284001 92
1717326183151 0.23701486007680872 93
1717326184354 0.23728376743818685 94
1717326185530 0.23930396288472217 95
1717326186720 0.23766339032486875 96
1717326187911 0.23889777412053465 97
1717326189184 0.24326152751594615 98
1717326190374 0.24345033809642783 99
