1717326072365 0.3205633250148037 1
1717326073537 0.5224821878672288 2
1717326074737 0.5928481130238374 3
1717326075930 0.6045101227462542 4
1717326077123 0.6090823793890461 5
1717326078763 0.610388945893578 6
1717326080078 0.6109647845585572 7
1717326081251 0.6119126484203697 8
1717326082413 0.6119270130545905 9
1717326083574 0.6124729640219854 10
1717326084959 0.612349213289083 11
1717326086310 0.6120785919099572 12
1717326087574 0.6117919330919025 13
1717326088788 0.6117276310152219 14
1717326089968 0.611867935103767 15
1717326091118 0.6128865621338828 16
1717326092286 0.6132165081982226 17
1717326093456 0.6137575117507897 18
1717326094634 0.6143547187769278 19
1717326095802 0.6151712597506631 20
1717326096995 0.616347481815436 21
1717326098178 0.6171181956618152 22
1717326099351 0.6197930144067826 23
1717326100530 0.6224306879339018 24
1717326101716 0.6258947855343072 25
1717326102891 0.629150921611927 26
1717326104070 0.6344988872911161 27
1717326105265 0.6373208215735323 28
1717326106461 0.6446533606899892 29
1717326107677 0.6506538446670087 30
1717326108906 0.6505238152918571 31
1717326110087 0.6560625966404481 32
1717326111277 0.6595138212519829 33
1717326112438 0.6609287500363744 34
1717326113623 0.6639529820645892 35
1717326114884 0.6653672149154918 36
1717326116091 0.667528473868435 37
1717326117294 0.667922127869933 38
1717326118474 0.6695440598820624 39
1717326119654 0.6705536509045308 40
1717326120826 0.6711578889781298 41
1717326122055 0.6730617469228066 42
1717326123251 0.6738009248600938 43
1717326124460 0.6743804670344613 44
1717326125641 0.6739598799932796 45
1717326126852 0.6743654606098837 46
1717326128048 0.6733502748619573 47
1717326129296 0.6780801472042276 48
1717326130487 0.6807706456578158 49
1717326131678 0.6830463271575052 50
1717326132872 0.6847383926182964 51
1717326134073 0.687721208041196 52
1717326135270 0.6901577285272399 53
1717326136480 0.6956519689528913 54
1717326137682 0.6920122962965314 55
1717326138843 0.6963786021200404 56
1717326140012 0.6976093093931082 57
1717326141180 0.7012784978997211 58
1717326142384 0.7043302226423787 59
1717326143620 0.7070255754624997 60
1717326144816 0.7041533582070324 61
1717326146011 0.7093381419586539 62
1717326147248 0.7145907172999967 63
1717326148438 0.7196970694616367 64
1717326149628 0.7204661907166459 65
1717326150813 0.7288318009158854 66
1717326152044 0.7399198349807832 67
1717326153218 0.7382844576645187 68
1717326154424 0.7394332782887842 69
1717326155609 0.7427876390724713 70
1717326156797 0.7442320180322264 71
1717326157979 0.7479171196936146 72
1717326159210 0.7509923214344938 73
1717326160382 0.7521600219900391 74
1717326161560 0.7522294810476597 75
1717326162725 0.7563613666677528 76
1717326163915 0.7593819973795627 77
1717326165129 0.7581536432686553 78
1717326166361 0.7620981386813179 79
1717326167535 0.7606589940408351 80
1717326168731 0.7684309210537024 81
1717326169925 0.7651160987250586 82
1717326171117 0.7619692058972465 83
1717326172314 0.767257986982019 84
1717326173501 0.7716073322181327 85
1717326174748 0.7816788916909336 86
1717326175941 0.787542785526607 87
1717326177120 0.7925953327111046 88
1717326178326 0.7958121223836441 89
1717326179521 0.8027354390851995 90
1717326180730 0.7891347839371423 91
1717326181973 0.8016787123590904 92
1717326183151 0.8038530118104582 93
1717326184354 0.8036470942834877 94
1717326185530 0.8055492522654566 95
1717326186720 0.8048372748672099 96
1717326187911 0.8068119701637236 97
1717326189184 0.8111335967723565 98
1717326190374 0.8102090660046573 99
