1715018922958 0.4838633052408613 1
1715018923154 0.5562151634154776 2
1715018923352 0.6557964374125448 3
1715018923545 0.6039665211660723 4
1715018923747 0.6172684502936864 5
1715018923940 0.5945002249361111 6
1715018924128 0.6373234361392914 7
1715018924328 0.6606591686485278 8
1715018924516 0.6392821220842885 9
1715018924707 0.6604409063849894 10
1715018924897 0.6945956926811283 11
1715018925085 0.6431998701966424 12
1715018925289 0.6823560570143581 13
1715018925476 0.6610175210398089 14
1715018925664 0.6507954280341993 15
1715018925852 0.6704284391127401 16
1715018926042 0.6716488856538549 17
1715018926232 0.6405171686581931 18
1715018926420 0.6934609250584007 19
1715018926610 0.6783767261928149 20
1715018926805 0.637413130109704 21
1715018926994 0.6572161687248668 22
1715018927189 0.7027414036169423 23
1715018927377 0.6242849253553406 24
1715018927565 0.7144392921370768 25
1715018927760 0.6874813476614258 26
1715018927966 0.6796294995773693 27
1715018928163 0.6641046017845369 28
1715018928352 0.6870788704215857 29
1715018928544 0.6911586951060646 30
1715018928742 0.6858149604407093 31
1715018928964 0.6618789168164648 32
1715018929179 0.7316537796534881 33
1715018929388 0.6260185598196513 34
1715018929583 0.6875060032935972 35
1715018929783 0.6362920116203349 36
1715018929989 0.6974446987213369 37
1715018930206 0.6625799531990348 38
1715018930403 0.6832954016913187 39
1715018930592 0.6802518923820051 40
1715018930784 0.6849854490191949 41
1715018930979 0.7080201747534205 42
1715018931174 0.7168074489522095 43
1715018931372 0.7080441026688129 44
1715018931566 0.6914848370627446 45
1715018931756 0.7035696545653235 46
1715018931947 0.7247504472951848 47
1715018932138 0.7191005901795459 48
1715018932338 0.7295840993568241 49
1715018932530 0.6749135332426417 50
1715018932722 0.7106971300586725 51
1715018932915 0.7044228894582196 52
1715018933108 0.7255415607709899 53
1715018933298 0.6608774827905233 54
1715018933484 0.6577656037805174 55
1715018933673 0.6828096856200709 56
1715018933862 0.6461740876488756 57
1715018934053 0.7345426964268141 58
1715018934245 0.6472461486864035 59
1715018934432 0.7184735894176754 60
1715018934628 0.7034537607397406 61
1715018934817 0.6567203862305279 62
1715018935005 0.6437822266336531 63
1715018935209 0.667542208229712 64
1715018935401 0.6645240350585245 65
1715018935591 0.7026593598834316 66
1715018935782 0.709382150271143 67
1715018935972 0.6829605492214751 68
1715018936160 0.6569038566411995 69
1715018936349 0.6824200536302764 70
1715018936544 0.6900294911422331 71
1715018936737 0.7068111231005602 72
1715018936931 0.6757637211284937 73
1715018937121 0.6856395803568109 74
1715018937308 0.7068184783681125 75
1715018937500 0.7017284875468497 76
1715018937689 0.755548157058461 77
1715018937879 0.7476387245877356 78
1715018938072 0.6431283149796196 79
1715018938262 0.667216195611626 80
1715018938452 0.6842521649286268 81
1715018938643 0.7212158015227684 82
1715018938835 0.7086868711729835 83
1715018939023 0.717113151569025 84
1715018939212 0.7245004922358955 85
1715018939413 0.7099197970383864 86
1715018939610 0.7322382666285026 87
1715018939809 0.7139710637488629 88
1715018939999 0.6974547423471087 89
1715018940199 0.7211209437594942 90
1715018940390 0.7015189850157055 91
1715018940579 0.7326730569155329 92
1715018940769 0.7130109299237712 93
1715018940961 0.7114245964235022 94
1715018941151 0.7067528431425861 95
1715018941339 0.6435356124629408 96
1715018941527 0.7258313909910029 97
1715018941726 0.7424916487753672 98
1715018941911 0.7545836036306351 99
