1717342467839 0.9165930329097117 1
1717342468571 0.9222430260730313 2
1717342469302 0.9351152221663055 3
1717342470033 0.9369064364130686 4
1717342470763 0.9439441795360157 5
1717342471500 0.9485085216046308 6
1717342472227 0.9543301836639252 7
1717342472961 0.9556152715445986 8
1717342473711 0.9582746601409979 9
1717342474445 0.9586613705321623 10
1717342475149 0.9598973152261713 11
1717342475900 0.9605851781466764 12
1717342476626 0.9620040664645491 13
1717342477358 0.9610659757985228 14
1717342478073 0.962346677969137 15
1717342478809 0.9614371945320052 16
1717342479552 0.9619794308451678 17
1717342480272 0.963032568521126 18
1717342481002 0.9619394416358651 19
1717342481733 0.9639706347086968 20
1717342482463 0.9652669593944607 21
1717342483200 0.9641532047865818 22
1717342483934 0.9644279633286736 23
1717342484682 0.9648613478520358 24
1717342485436 0.9654874973356911 25
1717342486183 0.9662488191584171 26
1717342486928 0.9666671540980912 27
1717342487666 0.9660264968789923 28
1717342488381 0.9661514013698815 29
1717342489117 0.9666748366694743 30
1717342489847 0.9669323913504156 31
1717342490571 0.9669578143452849 32
1717342491318 0.9670447340345298 33
1717342492053 0.9672423162612288 34
1717342492786 0.9674180446862908 35
1717342493518 0.96760678017206 36
1717342494254 0.9677640398866776 37
1717342495001 0.9681899781490968 38
1717342495729 0.968349345406925 39
1717342496451 0.9683569074155084 40
1717342497178 0.968438668687772 41
1717342497918 0.9683744547523004 42
1717342498634 0.9679238356587836 43
1717342499384 0.9662119273385317 44
1717342500113 0.9657428420129361 45
1717342500862 0.9659127845966883 46
1717342501579 0.9664690294775047 47
1717342502331 0.9684875485996446 48
1717342503056 0.9688652589727802 49
1717342503811 0.9685240987516653 50
1717342504525 0.9671032821377163 51
1717342505255 0.9669193801279369 52
1717342505999 0.9661659932155108 53
1717342506737 0.9681740115221539 54
1717342507483 0.9687256759030884 55
1717342508233 0.9705956481017095 56
1717342508968 0.9701866420307177 57
1717342509696 0.969927545329205 58
1717342510411 0.9693865951715718 59
1717342511131 0.9694367030219672 60
1717342511838 0.9684565514965363 61
1717342512586 0.969863296643002 62
1717342513334 0.9694670732204653 63
1717342514065 0.9698780932677201 64
1717342514786 0.9703778234935605 65
1717342515525 0.9699325877512966 66
1717342516278 0.9691148680072452 67
1717342517068 0.9687742662195743 68
1717342517820 0.970029340878168 69
1717342518584 0.9705730158954784 70
1717342519355 0.9717132686879968 71
1717342520103 0.9710671463383236 72
1717342520856 0.970484700707709 73
1717342521597 0.9699951935447736 74
1717342522330 0.9696674437872242 75
1717342523094 0.970993508947746 76
1717342523870 0.9712930134237867 77
1717342524599 0.9714720284952427 78
1717342525321 0.9713404560272327 79
1717342526060 0.9710866478426142 80
1717342526774 0.9711498514195578 81
1717342527506 0.9716968629530405 82
1717342528248 0.9711633068701649 83
1717342528996 0.9710399605595441 84
1717342529731 0.9710962612379062 85
1717342530462 0.9707724178886574 86
1717342531184 0.9697589197260665 87
1717342531919 0.9704041493294729 88
1717342532650 0.9705744959323326 89
1717342533384 0.970581088163363 90
1717342534108 0.9712295849304927 91
1717342534859 0.9708786648423463 92
1717342535581 0.9706375016594373 93
1717342536302 0.9710681976422701 94
1717342537031 0.9707849945436917 95
1717342537754 0.9721793269792697 96
1717342538496 0.9717994357907769 97
1717342539230 0.9724773467604005 98
1717342539959 0.9718515990507346 99
