1717242229152 0.41021186113357544 1
1717242229817 0.13259445130825043 2
1717242230483 0.09430614113807678 3
1717242231168 0.07311588525772095 4
1717242231856 0.06315453350543976 5
1717242232525 0.052595436573028564 6
1717242233153 0.04547715559601784 7
1717242233798 0.0398726761341095 8
1717242234446 0.035322535783052444 9
1717242235114 0.03154931217432022 10
1717242235793 0.028363436460494995 11
1717242236458 0.02562825009226799 12
1717242237119 0.02325557917356491 13
1717242237794 0.02116234228014946 14
1717242238468 0.019269179552793503 15
1717242239144 0.01760123297572136 16
1717242239816 0.016127225011587143 17
1717242240487 0.014815832488238811 18
1717242241184 0.013647745363414288 19
1717242241847 0.01259869895875454 20
1717242242571 0.011655012145638466 21
1717242243277 0.01080100703984499 22
1717242243956 0.010026882402598858 23
1717242244625 0.009321557357907295 24
1717242245298 0.008676393888890743 25
1717242245987 0.008084039203822613 26
1717242246641 0.007539024110883474 27
1717242247330 0.007038682699203491 28
1717242247992 0.006577653344720602 29
1717242248639 0.006152142770588398 30
1717242249288 0.005758459214121103 31
1717242249950 0.005393645726144314 32
1717242250611 0.005055068992078304 33
1717242251282 0.004740909673273563 34
1717242251946 0.004448136780411005 35
1717242252607 0.004175588022917509 36
1717242253279 0.003922017756849527 37
1717242253940 0.003685878124088049 38
1717242254600 0.00346558284945786 39
1717242255257 0.00325963506475091 40
1717242255939 0.003067434299737215 41
1717242256609 0.002887747948989272 42
1717242257268 0.0027194712311029434 43
1717242257949 0.002561877015978098 44
1717242258625 0.0024122223258018494 45
1717242259287 0.0022554039023816586 46
1717242259970 0.0021251956932246685 47
1717242260639 0.002004398498684168 48
1717242261310 0.0018910221988335252 49
1717242261979 0.001784622436389327 50
1717242262644 0.001684636459685862 51
1717242263291 0.0015906583284959197 52
1717242263970 0.0015022408915683627 53
1717242264633 0.0014190527144819498 54
1717242265287 0.0013406816869974136 55
1717242265942 0.0012669144198298454 56
1717242266608 0.0011973249493166804 57
1717242267271 0.0011317988391965628 58
1717242267939 0.0010699622798711061 59
1717242268610 0.0010116944322362542 60
1717242269284 0.0009567088563926518 61
1717242269943 0.0009095490095205605 62
1717242270595 0.0009720108355395496 63
1717242271265 0.0008030383032746613 64
1717242271925 0.0007463502115570009 65
1717242272591 0.0007027048850432038 66
1717242273278 0.0006661765510216355 67
1717242273941 0.0006302634137682617 68
1717242274763 0.0005955967353656888 69
1717242275535 0.0005634340923279524 70
1717242276318 0.0005333564477041364 71
1717242277093 0.0005050787003710866 72
1717242277867 0.0004784030024893582 73
1717242278642 0.0004531193117145449 74
1717242279528 0.00042936429963447154 75
1717242280298 0.0004069519345648587 76
1717242280971 0.0003856150433421135 77
1717242281636 0.0003653845633380115 78
1717242282298 0.0003461976593825966 79
1717242282970 0.0003281235112808645 80
1717242283629 0.00031103636138141155 81
1717242284291 0.0002948793990071863 82
1717242284937 0.0002795731124933809 83
1717242285600 0.0002650181413628161 84
1717242286271 0.00025122141232714057 85
1717242286927 0.00023817448527552187 86
1717242287627 0.00022580828226637095 87
1717242288311 0.00021408734028227627 88
1717242289012 0.00020297817536629736 89
1717242289698 0.00019245824660174549 90
1717242290362 0.00018248728883918375 91
1717242291046 0.0001730174117255956 92
1717242291719 0.00016405957285314798 93
1717242292396 0.00015547913790214807 94
1717242293069 0.00014740647748112679 95
1717242293739 0.00013979813957121223 96
1717242294399 0.00013259649858810008 97
1717242295057 0.00012575177242979407 98
1717242295765 0.00011926321167265996 99
