1717088789869 329906.0 1
1717088794220 329906.0 2
1717088798345 329906.0 3
1717088802409 329906.0 4
1717088806383 329906.0 5
1717088810364 329906.0 6
1717088814248 329906.0 7
1717088818185 329906.0 8
1717088822413 329906.0 9
1717088826344 329906.0 10
1717088830284 329906.0 11
1717088834306 329906.0 12
1717088838314 329906.0 13
1717088842340 329906.0 14
1717088846423 329906.0 15
1717088850575 329906.0 16
1717088854578 329906.0 17
1717088858600 329906.0 18
1717088862680 329906.0 19
1717088866726 329906.0 20
1717088870775 329906.0 21
1717088874850 329906.0 22
1717088878945 329906.0 23
1717088883066 329906.0 24
1717088887115 329906.0 25
1717088891167 329906.0 26
1717088895323 329906.0 27
1717088899363 329906.0 28
1717088903526 329906.0 29
1717088907626 329906.0 30
1717088911836 329906.0 31
1717088915932 329906.0 32
1717088920029 329906.0 33
1717088924628 329906.0 34
1717088928878 329906.0 35
1717088933045 329906.0 36
1717088937338 329906.0 37
1717088941508 329906.0 38
1717088945640 329906.0 39
1717088949775 329906.0 40
1717088953899 329906.0 41
1717088958013 329906.0 42
1717088962103 329906.0 43
1717088966215 329906.0 44
1717088970314 329906.0 45
1717088974481 329906.0 46
1717088978673 329906.0 47
1717088982780 329906.0 48
1717088986879 329906.0 49
1717088991020 329906.0 50
1717088995163 329906.0 51
1717088999295 329906.0 52
1717089003792 329906.0 53
1717089008052 329906.0 54
1717089012174 329906.0 55
1717089016373 329906.0 56
1717089020565 329906.0 57
1717089024817 329906.0 58
1717089028980 329906.0 59
1717089033090 329906.0 60
1717089037271 329906.0 61
1717089041337 329906.0 62
1717089045479 329906.0 63
1717089049620 329906.0 64
1717089053712 329906.0 65
1717089057892 329906.0 66
1717089062066 329906.0 67
1717089066312 329906.0 68
1717089070479 329906.0 69
1717089074629 329906.0 70
1717089078825 329906.0 71
1717089082919 329906.0 72
1717089087120 329906.0 73
1717089091328 329906.0 74
1717089095460 329906.0 75
1717089099653 329906.0 76
1717089103780 329906.0 77
1717089108678 329906.0 78
1717089113199 329906.0 79
1717089117674 329906.0 80
1717089121952 329906.0 81
1717089126334 329906.0 82
1717089130570 329906.0 83
1717089134745 329906.0 84
1717089138944 329906.0 85
1717089143114 329906.0 86
1717089147269 329906.0 87
1717089151434 329906.0 88
1717089155614 329906.0 89
1717089159871 329906.0 90
1717089164130 329906.0 91
1717089168315 329906.0 92
1717089172670 329906.0 93
1717089176984 329906.0 94
1717089181214 329906.0 95
1717089185403 329906.0 96
1717089189623 329906.0 97
1717089193924 329906.0 98
1717089198151 329906.0 99
