1717097649679 0.876857491501588 1
1717097650875 0.924895003144347 2
1717097651998 0.9307428265161791 3
1717097653125 0.9327079267249563 4
1717097654257 0.935213308161736 5
1717097655388 0.9365885034379763 6
1717097656501 0.9357782715717078 7
1717097657628 0.9368114296160042 8
1717097658756 0.9371717236716711 9
1717097659888 0.9379801869087621 10
1717097661031 0.9379580897949918 11
1717097662172 0.9381716639193888 12
1717097663317 0.938610785978242 13
1717097664445 0.9382453881123614 14
1717097665609 0.938692298012297 15
1717097666768 0.9386399726834438 16
1717097667866 0.9391894444516918 17
1717097668972 0.9392445015788249 18
1717097670088 0.9396629545153108 19
1717097671205 0.9399588504618024 20
1717097672363 0.9399615502866124 21
1717097673466 0.9405176111929457 22
1717097674590 0.9406947042431483 23
1717097675698 0.9402034804436039 24
1717097676818 0.9407125891946774 25
1717097677937 0.9409811299986026 26
1717097679045 0.9415416729954837 27
1717097680185 0.9418457124546765 28
1717097681299 0.941583513394607 29
1717097682420 0.9418717644192248 30
1717097683566 0.9420250322245504 31
1717097684716 0.9418703267719635 32
1717097685848 0.9420129690569253 33
1717097686970 0.942361293986059 34
1717097688095 0.9425749794048834 35
1717097689227 0.9424874078455879 36
1717097690344 0.9420926694696701 37
1717097691464 0.9419351204848099 38
1717097692571 0.9420043369518016 39
1717097693698 0.942486546616648 40
1717097694851 0.9425305777958826 41
1717097696001 0.9429569718789588 42
1717097697131 0.9428610230765955 43
1717097698248 0.9429347670179756 44
1717097699373 0.9427666614079103 45
1717097700503 0.9429141506168915 46
1717097701952 0.9430490743415845 47
1717097703079 0.942213538993121 48
1717097704201 0.9430751420870244 49
1717097705306 0.9427312067421604 50
1717097706428 0.9434113967704325 51
1717097707564 0.9436246373337159 52
1717097708664 0.9433862231860158 53
1717097709759 0.9428084564665636 54
1717097710885 0.9438401428724432 55
1717097712006 0.9434394235324602 56
1717097713125 0.9429050112194769 57
1717097714253 0.9432712716440581 58
1717097715360 0.9434401269017855 59
1717097716482 0.9437832262212095 60
1717097717629 0.9430555072257706 61
1717097718745 0.9422611178046434 62
1717097719882 0.9437674220916982 63
1717097720999 0.9436561015550564 64
1717097722122 0.9439874557729788 65
1717097723230 0.9439077145780057 66
1717097724373 0.944366996405788 67
1717097725536 0.9436645694051042 68
1717097726728 0.9440868725748452 69
1717097727905 0.9438800172790339 70
1717097729108 0.9432015046432656 71
1717097730271 0.9440511031488198 72
1717097731435 0.944289037350932 73
1717097732606 0.9444992744013357 74
1717097733781 0.9442407169260082 75
1717097734948 0.944201842410888 76
1717097736129 0.944461450355618 77
1717097737301 0.9421303224612968 78
1717097738489 0.9434726985552706 79
1717097739681 0.9445208360421619 80
1717097740861 0.9445382803157101 81
1717097742026 0.9443167901283459 82
1717097743170 0.9447777185329597 83
1717097744362 0.9448172808530437 84
1717097745525 0.9448819796161205 85
1717097746729 0.9446762344444048 86
1717097747904 0.9446606016142073 87
1717097749086 0.9447226396131329 88
1717097750243 0.9450931523813004 89
1717097751435 0.9442916069245351 90
1717097752617 0.9450468736251513 91
1717097753780 0.9450101904378378 92
1717097755076 0.944440099505463 93
1717097756388 0.9446092629272599 94
1717097757641 0.945230336511171 95
1717097758886 0.9451949314040567 96
1717097760130 0.9450714319087916 97
1717097761506 0.945234045460113 98
1717097762730 0.9451009123248011 99
