1717625732382 0.5368694976297265 1
1717625747786 0.6233807858847615 2
1717625764237 0.6361141115038805 3
1717625780289 0.6394140874016372 4
1717625797845 0.6464585285590752 5
1717625814638 0.6571610559329834 6
1717625832628 0.6687839850111885 7
1717625849844 0.6783303854530826 8
1717625868993 0.6859171028629468 9
1717625887152 0.6904293109670687 10
1717625904124 0.6969113122254098 11
1717625922232 0.7010615168509434 12
1717625938238 0.7029614330514318 13
1717625956682 0.7041334814441208 14
1717625973530 0.705025251147082 15
1717625991976 0.7060064684605293 16
