1717002647895 21709.0 1
1717002649671 21709.0 2
1717002651489 21709.0 3
1717002653211 21709.0 4
1717002654999 21709.0 5
1717002656779 21709.0 6
1717002658607 21709.0 7
1717002660391 21709.0 8
1717002662228 21709.0 9
1717002664042 21709.0 10
1717002665865 21709.0 11
1717002667650 21709.0 12
1717002669454 21709.0 13
1717002671236 21709.0 14
1717002673001 21709.0 15
1717002674800 21709.0 16
1717002676623 21709.0 17
1717002678465 21709.0 18
1717002680347 21709.0 19
1717002682162 21709.0 20
1717002683986 21709.0 21
1717002685773 21709.0 22
1717002687595 21709.0 23
1717002689401 21709.0 24
1717002691199 21709.0 25
1717002693020 21709.0 26
1717002694933 21709.0 27
1717002697004 21709.0 28
1717002698791 21709.0 29
1717002700631 21709.0 30
1717002702469 21709.0 31
1717002704267 21709.0 32
1717002706059 21709.0 33
1717002707875 21709.0 34
1717002709677 21709.0 35
1717002711484 21709.0 36
1717002713296 21709.0 37
1717002715095 21709.0 38
1717002716924 21709.0 39
1717002718727 21709.0 40
1717002720556 21709.0 41
1717002722406 21709.0 42
1717002724205 21709.0 43
1717002726045 21709.0 44
1717002727871 21709.0 45
1717002729678 21709.0 46
1717002731511 21709.0 47
1717002733329 21709.0 48
1717002735120 21709.0 49
1717002736924 21709.0 50
1717002738724 21709.0 51
1717002740546 21709.0 52
1717002742365 21709.0 53
1717002744153 21709.0 54
1717002745988 21709.0 55
1717002747912 21709.0 56
1717002749915 21709.0 57
1717002751754 21709.0 58
1717002753578 21709.0 59
1717002755408 21709.0 60
1717002757375 21709.0 61
1717002759262 21709.0 62
1717002761043 21709.0 63
1717002762873 21709.0 64
1717002764708 21709.0 65
1717002766599 21709.0 66
1717002768565 21709.0 67
1717002770382 21709.0 68
1717002772208 21709.0 69
1717002774011 21709.0 70
1717002775857 21709.0 71
1717002777747 21709.0 72
1717002779588 21709.0 73
1717002781433 21709.0 74
1717002783263 21709.0 75
1717002785084 21709.0 76
1717002786926 21709.0 77
1717002788750 21709.0 78
1717002790615 21709.0 79
1717002792424 21709.0 80
1717002794246 21709.0 81
1717002796043 21709.0 82
1717002797845 21709.0 83
1717002799667 21709.0 84
1717002801521 21709.0 85
1717002803371 21709.0 86
1717002805313 21709.0 87
1717002807142 21709.0 88
1717002808969 21709.0 89
1717002810744 21709.0 90
1717002812589 21709.0 91
1717002814361 21709.0 92
1717002816182 21709.0 93
1717002818028 21709.0 94
1717002819873 21709.0 95
1717002821715 21709.0 96
1717002823580 21709.0 97
1717002825374 21709.0 98
1717002827193 21709.0 99
