1717002647895 0.519280022523519 1
1717002649671 0.5466782409857271 2
1717002651489 0.5676956472175606 3
1717002653211 0.6002628112643197 4
1717002654999 0.6173050343031955 5
1717002656779 0.6224162330788447 6
1717002658607 0.626156405416106 7
1717002660391 0.6281708814443944 8
1717002662228 0.6312822443259735 9
1717002664042 0.6344559909755269 10
1717002665865 0.6367858958913557 11
1717002667650 0.638799207844477 12
1717002669454 0.6429739697590412 13
1717002671236 0.6450450294429698 14
1717002673001 0.647283607722152 15
1717002674800 0.6500004134064647 16
1717002676623 0.6518921340537054 17
1717002678465 0.654613883346016 18
1717002680347 0.6570950354508527 19
1717002682162 0.6599988051775003 20
1717002683986 0.6627170223669525 21
1717002685773 0.665531250574819 22
1717002687595 0.6680483895021243 23
1717002689401 0.6699503755821747 24
1717002691199 0.6727131841238815 25
1717002693020 0.6745353988306102 26
1717002694933 0.6777007647743348 27
1717002697004 0.6809042252627562 28
1717002698791 0.6855115393005968 29
1717002700631 0.6897797263629493 30
1717002702469 0.6937136921862018 31
1717002704267 0.6972833109953147 32
1717002706059 0.699945981941992 33
1717002707875 0.7029096326298608 34
1717002709677 0.7056476464124588 35
1717002711484 0.7088945914490484 36
1717002713296 0.712552470946541 37
1717002715095 0.7159279802092067 38
1717002716924 0.719510155069031 39
1717002718727 0.7223313078875929 40
1717002720556 0.7247910566847028 41
1717002722406 0.7279568543128667 42
1717002724205 0.7296650386107937 43
1717002726045 0.7316757058097828 44
1717002727871 0.7325634850714684 45
1717002729678 0.7349632539057704 46
1717002731511 0.7364233363342724 47
1717002733329 0.7378744687135237 48
1717002735120 0.7389639359663602 49
1717002736924 0.7399976270708964 50
1717002738724 0.7401093908244759 51
1717002740546 0.7427531593637102 52
1717002742365 0.7426905150651301 53
1717002744153 0.7444754580420646 54
1717002745988 0.7473193983649601 55
1717002747912 0.7488407620437435 56
1717002749915 0.7533513185054815 57
1717002751754 0.7537696736441 58
1717002753578 0.7568875468171052 59
1717002755408 0.7606775070184465 60
1717002757375 0.7582238107613646 61
1717002759262 0.7642376923021917 62
1717002761043 0.7666694014443854 63
1717002762873 0.7699350127438075 64
1717002764708 0.7725424069289857 65
1717002766599 0.7747865085316381 66
1717002768565 0.7786699955084039 67
1717002770382 0.7813667937311939 68
1717002772208 0.7846022267738757 69
1717002774011 0.7887536586477799 70
1717002775857 0.7913834807742648 71
1717002777747 0.7936833050194458 72
1717002779588 0.795229547668333 73
1717002781433 0.797114291184073 74
1717002783263 0.8020421701599771 75
1717002785084 0.8041534817178885 76
1717002786926 0.8081407364003553 77
1717002788750 0.8115457388581525 78
1717002790615 0.8141889265354134 79
1717002792424 0.8182857119629368 80
1717002794246 0.8204164617059517 81
1717002796043 0.8222095778997349 82
1717002797845 0.825040433004703 83
1717002799667 0.8288568934751288 84
1717002801521 0.8325009132503467 85
1717002803371 0.8347364921062208 86
1717002805313 0.8360262659205155 87
1717002807142 0.8377173966819008 88
1717002808969 0.84116218418638 89
1717002810744 0.8425861376467816 90
1717002812589 0.844929713231916 91
1717002814361 0.8465607847962866 92
1717002816182 0.8479509875387784 93
1717002818028 0.8500619033414146 94
1717002819873 0.8508016225112707 95
1717002821715 0.8543717337491019 96
1717002823580 0.8543540210284073 97
1717002825374 0.8572001711524088 98
1717002827193 0.8594349266413221 99
