1718304092302 0.5895020476246484 1
1718304104379 0.4053013697165403 2
1718304116068 0.6280701004031094 3
1718304127420 0.6321493108647072 4
1718304139146 0.6377040941800413 5
1718304150778 0.6411631363407932 6
1718304162764 0.642670786865263 7
1718304176740 0.6390673951862109 8
1718304189392 0.6428579066112079 9
1718304202370 0.6406231622167808 10
1718304215099 0.6377896346353303 11
1718304228450 0.6374474728141741 12
1718304241264 0.6381745666841312 13
1718304254062 0.6380516022796532 14
1718304267051 0.6383082236455204 15
1718304280071 0.6381959517979534 16
1718304293464 0.6395164825764785 17
1718304306063 0.6404360424708361 18
1718304319334 0.6404093110785583 19
1718304332274 0.6407247415074366 20
1718304345468 0.641398372592838 21
1718304360204 0.6398319130053569 22
1718304373425 0.6433069940014755 23
1718304386316 0.6423767415502069 24
1718304399259 0.6433283791152978 25
1718304412631 0.6498829165018231 26
1718304425531 0.6489312789367321 27
1718304438189 0.645932016723159 28
1718304450949 0.645573816066636 29
1718304464290 0.6468355377821499 30
1718304477615 0.6456540102434696 31
1718304490590 0.645932016723159 32
1718304503428 0.6462581397089486 33
1718304516476 0.6465682238593715 34
