1718304092302 532583.0 1
1718304104379 525866.0 2
1718304116068 621035.0 3
1718304127420 623588.0 4
1718304139146 623928.0 5
1718304150778 635415.0 6
1718304162764 638260.0 7
1718304176740 640212.0 8
1718304189392 639480.0 9
1718304202370 639635.0 10
1718304215099 639396.0 11
1718304228450 639007.0 12
1718304241264 638527.0 13
1718304254062 639299.0 14
1718304267051 639581.0 15
1718304280071 638991.0 16
1718304293464 636156.0 17
1718304306063 635952.0 18
1718304319334 636780.0 19
1718304332274 637982.0 20
1718304345468 639097.0 21
1718304360204 639741.0 22
1718304373425 639155.0 23
1718304386316 640162.0 24
1718304399259 640220.0 25
1718304412631 640133.0 26
1718304425531 640108.0 27
1718304438189 640322.0 28
1718304450949 640119.0 29
1718304464290 640144.0 30
1718304477615 640479.0 31
1718304490590 640028.0 32
1718304503428 639870.0 33
1718304516476 639696.0 34
