1717580180691 0.36806242868661887 1
1717580186191 0.403414483661416 2
1717580191750 0.42081429551249583 3
1717580197235 0.433532057738049 4
1717580202816 0.4446596152076763 5
1717580208297 0.45438888506684033 6
1717580213693 0.462284421673728 7
1717580220345 0.4698368479812818 8
1717580226172 0.47486463798671846 9
1717580231764 0.47871924356166806 10
1717580237808 0.48088346189667497 11
1717580243808 0.4833514455685817 12
1717580249267 0.4868602218043656 13
1717580255133 0.4913817256585308 14
1717580261502 0.49465847014379766 15
1717580267209 0.4967938486453873 16
1717580273828 0.4988106920940456 17
1717580280494 0.5004677260443496 18
1717580287001 0.5019019327107505 19
1717580293816 0.5034254100160118 20
1717580300039 0.5048665093282009 21
1717580306448 0.5058300571557831 22
1717580312853 0.5067370437060107 23
1717580318712 0.507856046449633 24
1717580324866 0.5086260301575746 25
1717580330661 0.5093565829934771 26
1717580336796 0.5100110968974048 27
1717580343321 0.5107842099972602 28
1717580349137 0.5113331646979709 29
1717580355073 0.511736900991173 30
