1717328598036 0.9749164994028192 1
1717328598794 0.9936272638139577 2
1717328599587 0.9963025538339654 3
1717328600404 1.0 4
1717328601206 1.0 5
1717328602001 1.0 6
1717328602800 1.0 7
1717328603590 1.0 8
1717328604408 1.0 9
1717328605212 1.0 10
1717328606033 1.0 11
1717328606856 1.0 12
1717328607690 1.0 13
1717328608491 1.0 14
1717328609286 1.0 15
1717328610088 1.0 16
1717328610911 1.0 17
1717328611735 1.0 18
1717328612541 1.0 19
1717328613376 1.0 20
1717328614188 1.0 21
1717328615008 1.0 22
1717328615819 1.0 23
1717328616654 1.0 24
1717328617508 1.0 25
1717328618331 0.9999473656691832 26
1717328619165 0.9999094283177197 27
1717328619982 0.9998994295232417 28
1717328620796 0.9998331222629572 29
1717328621597 0.9998247595655319 30
1717328622437 0.9998743733209527 31
1717328623268 0.9998441532286707 32
1717328624088 0.9998351734790478 33
1717328624898 0.9997895272081208 34
1717328625714 0.999748210257455 35
1717328626513 0.9996889052736281 36
1717328627334 0.9995227696770905 37
1717328628141 0.9995004422855758 38
1717328628940 0.9993444479196512 39
1717328629747 0.9993628939011667 40
1717328630544 0.999372685136937 41
1717328631358 0.9992941184521527 42
1717328632188 0.9991284946520762 43
1717328633015 0.9992818496255573 44
1717328633819 0.9991804621085929 45
1717328634634 0.9991724249431989 46
1717328635434 0.9991258121124759 47
1717328636224 0.9991364966257322 48
1717328637020 0.9991132021603178 49
1717328637825 0.9990222737951158 50
1717328638645 0.998917043183275 51
1717328639469 0.9989005413885346 52
1717328640261 0.9989706011099566 53
1717328641066 0.9990553665889784 54
1717328641863 0.9989636387971418 55
1717328642649 0.999100209474323 56
1717328643464 0.9991572263105907 57
1717328644272 0.999140219915408 58
1717328645079 0.9991192867323294 59
1717328645890 0.9991278694705787 60
1717328646721 0.999176723930519 61
1717328647580 0.9989630507806991 62
1717328648390 0.9989440833204977 63
1717328649216 0.9988473849411184 64
1717328650002 0.9988168844360669 65
1717328650792 0.9987110099967431 66
1717328651582 0.9988284512727675 67
1717328652395 0.9988119628458278 68
1717328653193 0.998886106132451 69
1717328654003 0.9986135050139531 70
1717328654796 0.9987306918111363 71
1717328655605 0.9987198791521015 72
1717328656418 0.9984872274255009 73
1717328657246 0.9982334966407244 74
1717328658064 0.9981455980108047 75
1717328658869 0.99786399157677 76
1717328659691 0.9977486595199929 77
1717328660493 0.9966028118768003 78
1717328661285 0.9954604615567639 79
1717328662088 0.9959417742833834 80
1717328662918 0.9945242894625537 81
1717328663711 0.9943392585064685 82
1717328664515 0.9933477213216276 83
1717328665311 0.9921585233017666 84
1717328666116 0.9925453791399061 85
1717328666926 0.9923288767232054 86
1717328667713 0.9916304325834149 87
1717328668528 0.9899431993173108 88
1717328669334 0.9905129322203023 89
1717328670147 0.9914542472164092 90
1717328670941 0.9904385679188863 91
1717328671738 0.9906625297788215 92
1717328672546 0.9908713274377121 93
1717328673339 0.991889125452112 94
1717328674112 0.9898558071965325 95
1717328674900 0.9906001820760352 96
1717328675703 0.9884263723188639 97
1717328676471 0.9886007217832316 98
1717328677290 0.9901550512213391 99
