1717328598036 11099.0 1
1717328598794 931.0 2
1717328599587 1452.0 3
1717328600404 0.0 4
1717328601206 0.0 5
1717328602001 0.0 6
1717328602800 0.0 7
1717328603590 0.0 8
1717328604408 0.0 9
1717328605212 0.0 10
1717328606033 0.0 11
1717328606856 0.0 12
1717328607690 0.0 13
1717328608491 0.0 14
1717328609286 0.0 15
1717328610088 0.0 16
1717328610911 0.0 17
1717328611735 0.0 18
1717328612541 0.0 19
1717328613376 0.0 20
1717328614188 0.0 21
1717328615008 0.0 22
1717328615819 0.0 23
1717328616654 0.0 24
1717328617508 0.0 25
1717328618331 14.0 26
1717328619165 74.0 27
1717328619982 176.0 28
1717328620796 241.0 29
1717328621597 329.0 30
1717328622437 420.0 31
1717328623268 588.0 32
1717328624088 592.0 33
1717328624898 670.0 34
1717328625714 695.0 35
1717328626513 742.0 36
1717328627334 807.0 37
1717328628141 839.0 38
1717328628940 904.0 39
1717328629747 899.0 40
1717328630544 908.0 41
1717328631358 925.0 42
1717328632188 998.0 43
1717328633015 970.0 44
1717328633819 1031.0 45
1717328634634 1038.0 46
1717328635434 1070.0 47
1717328636224 1068.0 48
1717328637020 1097.0 49
1717328637825 1127.0 50
1717328638645 1174.0 51
1717328639469 1190.0 52
1717328640261 1163.0 53
1717328641066 1135.0 54
1717328641863 1172.0 55
1717328642649 1116.0 56
1717328643464 1094.0 57
1717328644272 1084.0 58
1717328645079 1081.0 59
1717328645890 1081.0 60
1717328646721 1061.0 61
1717328647580 1156.0 62
1717328648390 1179.0 63
1717328649216 1195.0 64
1717328650002 1253.0 65
1717328650792 1343.0 66
1717328651582 1336.0 67
1717328652395 1367.0 68
1717328653193 1341.0 69
1717328654003 1504.0 70
1717328654796 1523.0 71
1717328655605 1551.0 72
1717328656418 1760.0 73
1717328657246 1944.0 74
1717328658064 1995.0 75
1717328658869 2254.0 76
1717328659691 2394.0 77
1717328660493 3031.0 78
1717328661285 3653.0 79
1717328662088 3585.0 80
1717328662918 4524.0 81
1717328663711 4473.0 82
1717328664515 5337.0 83
1717328665311 5731.0 84
1717328666116 5917.0 85
1717328666926 5754.0 86
1717328667713 6559.0 87
1717328668528 7203.0 88
1717328669334 7044.0 89
1717328670147 6635.0 90
1717328670941 7129.0 91
1717328671738 6926.0 92
1717328672546 6710.0 93
1717328673339 6474.0 94
1717328674112 7732.0 95
1717328674900 7276.0 96
1717328675703 8099.0 97
1717328676471 8101.0 98
1717328677290 7592.0 99
