1717194242087 22555.0 1
1717194246628 22555.0 2
1717194251250 22555.0 3
1717194255983 22555.0 4
1717194260504 22555.0 5
1717194265266 22555.0 6
1717194269944 22555.0 7
1717194274629 22555.0 8
1717194279413 22555.0 9
1717194284125 22555.0 10
1717194288878 22555.0 11
1717194293542 22555.0 12
1717194298163 22555.0 13
1717194302943 22555.0 14
1717194307600 22555.0 15
1717194312209 22555.0 16
1717194316791 22555.0 17
1717194321526 22555.0 18
1717194326124 22555.0 19
1717194330629 22555.0 20
1717194335355 22555.0 21
1717194339970 22555.0 22
1717194344699 22555.0 23
1717194349382 22555.0 24
1717194354036 22555.0 25
1717194358718 22555.0 26
1717194363302 22555.0 27
1717194367914 22555.0 28
1717194372732 22555.0 29
1717194377376 22555.0 30
1717194382141 22555.0 31
1717194386929 22555.0 32
1717194391610 22555.0 33
1717194396158 22555.0 34
1717194400857 22555.0 35
1717194405520 22555.0 36
1717194410225 22555.0 37
1717194414805 22555.0 38
1717194419527 22555.0 39
1717194424181 22555.0 40
1717194428922 22555.0 41
1717194433482 22555.0 42
1717194438046 22555.0 43
1717194442696 22555.0 44
1717194447291 22555.0 45
1717194452006 22555.0 46
1717194456693 22555.0 47
1717194461284 22555.0 48
1717194465822 22555.0 49
1717194470491 22555.0 50
1717194475091 22555.0 51
1717194479762 22555.0 52
1717194484398 22555.0 53
1717194488995 22555.0 54
1717194493504 22555.0 55
1717194498171 22555.0 56
1717194502962 22555.0 57
1717194507673 22555.0 58
1717194512256 22555.0 59
1717194517018 22555.0 60
1717194521668 22555.0 61
1717194526259 22555.0 62
1717194530881 22555.0 63
1717194535559 22555.0 64
1717194540212 22555.0 65
1717194544775 22555.0 66
1717194549761 22555.0 67
1717194554468 22555.0 68
1717194559141 22555.0 69
1717194563758 22555.0 70
1717194568268 22555.0 71
1717194572936 22555.0 72
1717194577654 22555.0 73
1717194582472 22555.0 74
1717194587218 22555.0 75
1717194591989 22555.0 76
1717194596613 22555.0 77
1717194601278 22555.0 78
1717194605818 22555.0 79
1717194610399 22555.0 80
1717194615055 22555.0 81
1717194619883 22555.0 82
1717194624586 22555.0 83
1717194629188 22555.0 84
1717194633879 22555.0 85
1717194638441 22555.0 86
1717194643069 22555.0 87
1717194647789 22555.0 88
1717194652466 22555.0 89
1717194657065 22555.0 90
1717194661653 22555.0 91
1717194666278 22555.0 92
1717194671171 22555.0 93
1717194675864 22555.0 94
1717194680460 22555.0 95
1717194685264 22555.0 96
1717194689956 22555.0 97
1717194694605 22555.0 98
1717194699228 22555.0 99
