1717194242087 0.6484152103427586 1
1717194246628 0.698758544038942 2
1717194251250 0.7158696209591171 3
1717194255983 0.7346581725805239 4
1717194260504 0.7550305961802515 5
1717194265266 0.7676707557829939 6
1717194269944 0.7839034927272717 7
1717194274629 0.8032882724072152 8
1717194279413 0.8176752055156529 9
1717194284125 0.8327315972736035 10
1717194288878 0.843686635722625 11
1717194293542 0.8517291432309642 12
1717194298163 0.8553718298832289 13
1717194302943 0.8604958669907794 14
1717194307600 0.865768396608936 15
1717194312209 0.8719743392938168 16
1717194316791 0.8774062426016573 17
1717194321526 0.8829241788052604 18
1717194326124 0.8873075439049086 19
1717194330629 0.8908764011805972 20
1717194335355 0.8935300205681598 21
1717194339970 0.8967148591098779 22
1717194344699 0.8996714806695271 23
1717194349382 0.901233111564147 24
1717194354036 0.9041129928318433 25
1717194358718 0.9079218129276518 26
1717194363302 0.9101330727364744 27
1717194367914 0.9119975188204533 28
1717194372732 0.9144466113603725 29
1717194377376 0.916206150799599 30
1717194382141 0.9180201448002064 31
1717194386929 0.9199663409482784 32
1717194391610 0.9217932368223284 33
1717194396158 0.9235340018905187 34
1717194400857 0.9250050517120773 35
1717194405520 0.9264761790356248 36
1717194410225 0.9274444693433044 37
1717194414805 0.9278989634619265 38
1717194419527 0.9290328413818387 39
1717194424181 0.9303092133467011 40
1717194428922 0.9306624995308512 41
1717194433482 0.9294946417351521 42
1717194438046 0.9318417886716114 43
1717194442696 0.9329213738064673 44
1717194447291 0.9331537163432087 45
1717194452006 0.9341579463940491 46
1717194456693 0.9346882002305215 47
1717194461284 0.9350432930900572 48
1717194465822 0.9353168980375961 49
1717194470491 0.9361390273589858 50
1717194475091 0.936440340835654 51
1717194479762 0.9372636868110731 52
1717194484398 0.9376817288489692 53
1717194488995 0.9381845128032636 54
1717194493504 0.939281908002435 55
1717194498171 0.9395361440387442 56
1717194502962 0.9399096028408733 57
1717194507673 0.9410718048595625 58
1717194512256 0.9400436385871913 59
1717194517018 0.9420460879219453 60
1717194521668 0.9428089769790905 61
1717194526259 0.9435261884406334 62
1717194530881 0.9239024260397182 63
1717194535559 0.9410575379521312 64
1717194540212 0.9439926825361254 65
1717194544775 0.9449985432742288 66
1717194549761 0.9455629341595457 67
1717194554468 0.9458243852320428 68
1717194559141 0.9463765980808132 69
1717194563758 0.9467444370204818 70
1717194568268 0.9470901128772676 71
1717194572936 0.9475016960226765 72
1717194577654 0.94757250786767 73
1717194582472 0.9473028892988257 74
1717194587218 0.9480622973158784 75
1717194591989 0.9487238451110305 76
1717194596613 0.9478943335885823 77
1717194601278 0.9496289594936191 78
1717194605818 0.9503796283713569 79
1717194610399 0.9506300077248033 80
1717194615055 0.9510351999856465 81
1717194619883 0.9512222827352191 82
1717194624586 0.9509052700529292 83
1717194629188 0.9521546979657437 84
1717194633879 0.9408542290089472 85
1717194638441 0.9477114381544339 86
1717194643069 0.952273533828266 87
1717194647789 0.9531739975250095 88
1717194652466 0.9533524444191375 89
1717194657065 0.9533715885691345 90
1717194661653 0.9538983944212321 91
1717194666278 0.9538382357288422 92
1717194671171 0.954166438449799 93
1717194675864 0.9543623584740597 94
1717194680460 0.954378942549071 95
1717194685264 0.9542349017730586 96
1717194689956 0.9547968990008944 97
1717194694605 0.9551014302589521 98
1717194699228 0.9556724443635973 99
