1717194242087 220135.0 1
1717194246628 235379.0 2
1717194251250 240277.0 3
1717194255983 246426.0 4
1717194260504 253151.0 5
1717194265266 257571.0 6
1717194269944 262393.0 7
1717194274629 268177.0 8
1717194279413 272635.0 9
1717194284125 277332.0 10
1717194288878 280841.0 11
1717194293542 283177.0 12
1717194298163 284147.0 13
1717194302943 285315.0 14
1717194307600 286806.0 15
1717194312209 288635.0 16
1717194316791 290284.0 17
1717194321526 291944.0 18
1717194326124 293342.0 19
1717194330629 294467.0 20
1717194335355 295306.0 21
1717194339970 296303.0 22
1717194344699 297254.0 23
1717194349382 297709.0 24
1717194354036 298689.0 25
1717194358718 299909.0 26
1717194363302 300637.0 27
1717194367914 301226.0 28
1717194372732 301983.0 29
1717194377376 302586.0 30
1717194382141 303187.0 31
1717194386929 303796.0 32
1717194391610 304382.0 33
1717194396158 304938.0 34
1717194400857 305441.0 35
1717194405520 305951.0 36
1717194410225 306221.0 37
1717194414805 306340.0 38
1717194419527 306714.0 39
1717194424181 307106.0 40
1717194428922 307281.0 41
1717194433482 306803.0 42
1717194438046 307589.0 43
1717194442696 307954.0 44
1717194447291 308002.0 45
1717194452006 308328.0 46
1717194456693 308504.0 47
1717194461284 308605.0 48
1717194465822 308706.0 49
1717194470491 308955.0 50
1717194475091 309023.0 51
1717194479762 309291.0 52
1717194484398 309435.0 53
1717194488995 309600.0 54
1717194493504 309945.0 55
1717194498171 310070.0 56
1717194502962 310168.0 57
1717194507673 310527.0 58
1717194512256 310227.0 59
1717194517018 310853.0 60
1717194521668 311112.0 61
1717194526259 311306.0 62
1717194530881 305707.0 63
1717194535559 310568.0 64
1717194540212 311520.0 65
1717194544775 311849.0 66
1717194549761 312037.0 67
1717194554468 312113.0 68
1717194559141 312288.0 69
1717194563758 312396.0 70
1717194568268 312488.0 71
1717194572936 312631.0 72
1717194577654 312657.0 73
1717194582472 312565.0 74
1717194587218 312826.0 75
1717194591989 313051.0 76
1717194596613 312784.0 77
1717194601278 313327.0 78
1717194605818 313560.0 79
1717194610399 313659.0 80
1717194615055 313777.0 81
1717194619883 313853.0 82
1717194624586 313747.0 83
1717194629188 314152.0 84
1717194633879 310966.0 85
1717194638441 312696.0 86
1717194643069 314179.0 87
1717194647789 314467.0 88
1717194652466 314536.0 89
1717194657065 314542.0 90
1717194661653 314713.0 91
1717194666278 314698.0 92
1717194671171 314784.0 93
1717194675864 314861.0 94
1717194680460 314873.0 95
1717194685264 314877.0 96
1717194689956 314995.0 97
1717194694605 315108.0 98
1717194699228 315299.0 99
