1716227240802 0.904919723364249 1
1716227251604 0.926450501640029 2
1716227263053 0.9299723998108778 3
1716227275403 0.9364482242867109 4
1716227288005 0.9432548107830246 5
1716227300876 0.9464808816589172 6
1716227312976 0.9438710263217295 7
1716227324472 0.9439362307989185 8
1716227336224 0.9519121781774816 9
1716227348033 0.9542431046718051 10
1716227360661 0.9555791631904649 11
1716227373401 0.9560170058713832 12
1716227386852 0.9571973872623265 13
1716227399055 0.9560587622584106 14
1716227411509 0.9568113952333694 15
1716227423533 0.9565314290927378 16
1716227435604 0.9576131183522039 17
1716227448306 0.9578928890902771 18
1716227460276 0.9581664858522461 19
1716227473201 0.9577264507947643 20
1716227485004 0.9582818313472703 21
1716227496430 0.9578480882058474 22
1716227508136 0.9591528226309146 23
1716227520208 0.9431071784796528 24
1716227532401 0.9429166137999097 25
1716227545150 0.9454965635910595 26
1716227557765 0.9450386016549113 27
1716227569616 0.9458317999707676 28
1716227581525 0.9484157213639274 29
1716227593899 0.9511623247986801 30
1716227607658 0.9535959703235144 31
1716227622261 0.9539889344055368 32
1716227634899 0.9555508308476869 33
1716227646866 0.9548669574889099 34
1716227658718 0.9569045970945331 35
1716227670177 0.957676070209673 36
1716227681550 0.9566475071254295 37
1716227692790 0.9575203036071094 38
1716227705904 0.9585356167863534 39
1716227718389 0.9584101997553152 40
1716227730533 0.958641174823729 41
1716227742863 0.9580745305635655 42
1716227754706 0.9590785719303379 43
1716227766388 0.9588828568532376 44
1716227778803 0.9583901232651831 45
1716227791657 0.9592003441577225 46
1716227802845 0.9588081566191757 47
