1716227240802 125751.0 1
1716227251604 125751.0 2
1716227263053 125751.0 3
1716227275403 125751.0 4
1716227288005 125751.0 5
1716227300876 125751.0 6
1716227312976 125751.0 7
1716227324472 125751.0 8
1716227336224 125751.0 9
1716227348033 125751.0 10
1716227360661 125751.0 11
1716227373401 125751.0 12
1716227386852 125751.0 13
1716227399055 125751.0 14
1716227411509 125751.0 15
1716227423533 125751.0 16
1716227435604 125751.0 17
1716227448306 125751.0 18
1716227460276 125751.0 19
1716227473201 125751.0 20
1716227485004 125751.0 21
1716227496430 125751.0 22
1716227508136 125751.0 23
1716227520208 125751.0 24
1716227532401 125751.0 25
1716227545150 125751.0 26
1716227557765 125751.0 27
1716227569616 125751.0 28
1716227581525 125751.0 29
1716227593899 125751.0 30
1716227607658 125751.0 31
1716227622261 125751.0 32
1716227634899 125751.0 33
1716227646866 125751.0 34
1716227658718 125751.0 35
1716227670177 125751.0 36
1716227681550 125751.0 37
1716227692790 125751.0 38
1716227705904 125751.0 39
1716227718389 125751.0 40
1716227730533 125751.0 41
1716227742863 125751.0 42
1716227754706 125751.0 43
1716227766388 125751.0 44
1716227778803 125751.0 45
1716227791657 125751.0 46
1716227802845 125751.0 47
