1716227240802 0.30824507020014275 1
1716227251604 0.45646980417853505 2
1716227263053 0.49335727863022755 3
1716227275403 0.5498014320960707 4
1716227288005 0.6037297498112602 5
1716227300876 0.6216282952759876 6
1716227312976 0.6013181477328352 7
1716227324472 0.611334890644329 8
1716227336224 0.6629084412107095 9
1716227348033 0.6810358824230582 10
1716227360661 0.6944819281337259 11
1716227373401 0.6967254429241811 12
1716227386852 0.7035561969500052 13
1716227399055 0.6969390374520573 14
1716227411509 0.7007172487564228 15
1716227423533 0.698303031618002 16
1716227435604 0.7050647842134936 17
1716227448306 0.7073365409539409 18
1716227460276 0.7119166188596494 19
1716227473201 0.7064833802998678 20
1716227485004 0.7089761788771985 21
1716227496430 0.7082183164217158 22
1716227508136 0.7150834158012911 23
1716227520208 0.5764508818359256 24
1716227532401 0.6014627665788468 25
1716227545150 0.617812143967948 26
1716227557765 0.6221495052110863 27
1716227569616 0.6275440162189344 28
1716227581525 0.641086497798103 29
1716227593899 0.6629146952660536 30
1716227607658 0.6770908627819527 31
1716227622261 0.6786723335979697 32
1716227634899 0.6880658741381086 33
1716227646866 0.6817081889174398 34
1716227658718 0.6922499093319813 35
1716227670177 0.699867268829637 36
1716227681550 0.6951738328679206 37
1716227692790 0.7021821672033529 38
1716227705904 0.7066108570215589 39
1716227718389 0.7090005210379314 40
1716227730533 0.7107717384109431 41
1716227742863 0.7090785209229488 42
1716227754706 0.7116562308786987 43
1716227766388 0.7118170290251381 44
1716227778803 0.7047051191966309 45
1716227791657 0.7167023418935428 46
1716227802845 0.7115732209041158 47
