1717084638752 42005.0 1
1717084641753 30008.0 2
1717084644467 2972.0 3
1717084647210 1034.0 4
1717084649887 432.0 5
1717084652709 544.0 6
1717084655416 838.0 7
1717084658085 980.0 8
1717084660780 1278.0 9
1717084663537 1590.0 10
1717084666498 1692.0 11
1717084669510 1868.0 12
1717084672345 1944.0 13
1717084675188 2150.0 14
1717084678035 2090.0 15
1717084680889 2048.0 16
1717084683755 1992.0 17
1717084686561 2208.0 18
1717084689360 2082.0 19
1717084692169 2490.0 20
1717084695055 2382.0 21
1717084697871 2342.0 22
1717084700668 2850.0 23
1717084703616 2986.0 24
1717084706502 2988.0 25
1717084709292 3180.0 26
1717084712138 3034.0 27
1717084715002 3068.0 28
1717084717842 3202.0 29
1717084720653 3016.0 30
1717084723473 2988.0 31
1717084726303 2830.0 32
1717084729128 2698.0 33
1717084731960 2896.0 34
1717084734797 2646.0 35
1717084737630 2648.0 36
1717084740645 2812.0 37
1717084743471 2754.0 38
1717084746320 2896.0 39
1717084749159 2964.0 40
1717084752047 3022.0 41
1717084754922 3044.0 42
1717084757774 3112.0 43
1717084760624 2338.0 44
1717084763498 3140.0 45
1717084766453 13432.0 46
1717084769350 2690.0 47
1717084772216 9708.0 48
1717084775133 3854.0 49
1717084778002 3304.0 50
1717084780890 5626.0 51
1717084783765 16632.0 52
1717084786680 1348.0 53
1717084789555 2178.0 54
1717084792485 1558.0 55
1717084795428 1982.0 56
1717084798339 1748.0 57
1717084801284 1094.0 58
1717084804146 1868.0 59
1717084807029 3092.0 60
1717084809910 2550.0 61
1717084812768 3476.0 62
1717084815655 1772.0 63
1717084818529 2870.0 64
1717084821401 4378.0 65
1717084824381 3182.0 66
1717084827352 5144.0 67
1717084830399 3038.0 68
1717084833394 1660.0 69
1717084836238 1368.0 70
1717084839166 1918.0 71
1717084842033 2846.0 72
1717084844934 2842.0 73
1717084847887 3458.0 74
1717084851460 3632.0 75
1717084854416 4280.0 76
1717084857359 4658.0 77
1717084860283 4240.0 78
1717084863274 4260.0 79
1717084866135 4034.0 80
1717084869111 3046.0 81
1717084871972 2942.0 82
1717084874857 3140.0 83
1717084877828 2764.0 84
1717084880729 3032.0 85
1717084883638 3726.0 86
1717084886591 3412.0 87
1717084889513 2834.0 88
1717084892391 3068.0 89
1717084895257 3130.0 90
1717084898177 2668.0 91
1717084901075 3518.0 92
1717084904009 3194.0 93
1717084906933 3064.0 94
1717084909884 3200.0 95
1717084912884 3444.0 96
1717084915834 3148.0 97
1717084918743 2964.0 98
1717084921686 3250.0 99
