1715018853655 2218.0 1
1715018853733 2218.0 2
1715018853810 2218.0 3
1715018853891 2218.0 4
1715018853972 2218.0 5
1715018854049 2218.0 6
1715018854124 2218.0 7
1715018854211 2218.0 8
1715018854286 2218.0 9
1715018854362 2218.0 10
1715018854438 2218.0 11
1715018854514 2218.0 12
1715018854588 2218.0 13
1715018854669 2218.0 14
1715018854743 2218.0 15
1715018854817 2218.0 16
1715018854894 2218.0 17
1715018854971 2218.0 18
1715018855054 2218.0 19
1715018855138 2218.0 20
1715018855219 2218.0 21
1715018855307 2218.0 22
1715018855395 2218.0 23
1715018855478 2218.0 24
1715018855557 2218.0 25
1715018855636 2218.0 26
1715018855717 2218.0 27
1715018855799 2218.0 28
1715018855877 2218.0 29
1715018855954 2218.0 30
1715018856031 2218.0 31
1715018856110 2218.0 32
1715018856205 2218.0 33
1715018856280 2218.0 34
1715018856357 2218.0 35
1715018856432 2218.0 36
1715018856510 2218.0 37
1715018856585 2218.0 38
1715018856660 2218.0 39
1715018856738 2218.0 40
1715018856812 2218.0 41
1715018856887 2218.0 42
1715018856962 2218.0 43
1715018857037 2218.0 44
1715018857113 2218.0 45
1715018857190 2218.0 46
1715018857265 2218.0 47
1715018857343 2218.0 48
1715018857417 2218.0 49
1715018857495 2218.0 50
1715018857569 2218.0 51
1715018857645 2218.0 52
1715018857730 2218.0 53
1715018857814 2218.0 54
1715018857891 2218.0 55
1715018857968 2218.0 56
1715018858043 2218.0 57
1715018858121 2218.0 58
1715018858199 2218.0 59
1715018858275 2218.0 60
1715018858353 2218.0 61
1715018858427 2218.0 62
1715018858506 2218.0 63
1715018858583 2218.0 64
1715018858659 2218.0 65
1715018858735 2218.0 66
1715018858809 2218.0 67
1715018858885 2218.0 68
1715018858960 2218.0 69
1715018859037 2218.0 70
1715018859116 2218.0 71
1715018859199 2218.0 72
1715018859274 2218.0 73
1715018859352 2218.0 74
1715018859428 2218.0 75
1715018859506 2218.0 76
1715018859581 2218.0 77
1715018859678 2218.0 78
1715018859760 2218.0 79
1715018859836 2218.0 80
1715018859919 2218.0 81
1715018859994 2218.0 82
1715018860068 2218.0 83
1715018860156 2218.0 84
1715018860234 2218.0 85
1715018860326 2218.0 86
1715018860400 2218.0 87
1715018860475 2218.0 88
1715018860550 2218.0 89
1715018860626 2218.0 90
1715018860701 2218.0 91
1715018860778 2218.0 92
1715018860857 2218.0 93
1715018860936 2218.0 94
1715018861012 2218.0 95
1715018861087 2218.0 96
1715018861166 2218.0 97
1715018861255 2218.0 98
1715018861333 2218.0 99
