1715018853655 24954.0 1
1715018853733 24954.0 2
1715018853810 24954.0 3
1715018853891 24954.0 4
1715018853972 24954.0 5
1715018854049 24954.0 6
1715018854124 24954.0 7
1715018854211 24954.0 8
1715018854286 24954.0 9
1715018854362 24954.0 10
1715018854438 24954.0 11
1715018854514 24954.0 12
1715018854588 24954.0 13
1715018854669 24954.0 14
1715018854743 24954.0 15
1715018854817 24954.0 16
1715018854894 24954.0 17
1715018854971 24954.0 18
1715018855054 24954.0 19
1715018855138 24954.0 20
1715018855219 24954.0 21
1715018855307 24954.0 22
1715018855395 24954.0 23
1715018855478 24954.0 24
1715018855557 24954.0 25
1715018855636 24954.0 26
1715018855717 24954.0 27
1715018855799 24954.0 28
1715018855877 24954.0 29
1715018855954 24954.0 30
1715018856031 24954.0 31
1715018856110 24954.0 32
1715018856205 24954.0 33
1715018856280 24954.0 34
1715018856357 24954.0 35
1715018856432 24954.0 36
1715018856510 24954.0 37
1715018856585 24954.0 38
1715018856660 24954.0 39
1715018856738 24954.0 40
1715018856812 24954.0 41
1715018856887 24954.0 42
1715018856962 24954.0 43
1715018857037 24954.0 44
1715018857113 24954.0 45
1715018857190 24954.0 46
1715018857265 24954.0 47
1715018857343 24954.0 48
1715018857417 24954.0 49
1715018857495 24954.0 50
1715018857569 24954.0 51
1715018857645 24954.0 52
1715018857730 24954.0 53
1715018857814 24954.0 54
1715018857891 24954.0 55
1715018857968 24954.0 56
1715018858043 24954.0 57
1715018858121 24954.0 58
1715018858199 24954.0 59
1715018858275 24954.0 60
1715018858353 24954.0 61
1715018858427 24954.0 62
1715018858506 24954.0 63
1715018858583 24954.0 64
1715018858659 24954.0 65
1715018858735 24954.0 66
1715018858809 24954.0 67
1715018858885 24954.0 68
1715018858960 24954.0 69
1715018859037 24954.0 70
1715018859116 24954.0 71
1715018859199 24954.0 72
1715018859274 24954.0 73
1715018859352 24954.0 74
1715018859428 24954.0 75
1715018859506 24954.0 76
1715018859581 24954.0 77
1715018859678 24954.0 78
1715018859760 24954.0 79
1715018859836 24954.0 80
1715018859919 24954.0 81
1715018859994 24954.0 82
1715018860068 24954.0 83
1715018860156 24954.0 84
1715018860234 24954.0 85
1715018860326 24954.0 86
1715018860400 24954.0 87
1715018860475 24954.0 88
1715018860550 24954.0 89
1715018860626 24954.0 90
1715018860701 24954.0 91
1715018860778 24954.0 92
1715018860857 24954.0 93
1715018860936 24954.0 94
1715018861012 24954.0 95
1715018861087 24954.0 96
1715018861166 24954.0 97
1715018861255 24954.0 98
1715018861333 24954.0 99
