1717532547502 329906.0 1
1717532552485 329906.0 2
1717532557403 329906.0 3
1717532562401 329906.0 4
1717532567402 329906.0 5
1717532572246 329906.0 6
1717532577142 329906.0 7
1717532582215 329906.0 8
1717532587147 329906.0 9
1717532592278 329906.0 10
1717532597483 329906.0 11
1717532602469 329906.0 12
1717532607791 329906.0 13
1717532612873 329906.0 14
1717532618113 329906.0 15
1717532623048 329906.0 16
1717532628103 329906.0 17
1717532633198 329906.0 18
1717532638277 329906.0 19
1717532643399 329906.0 20
1717532648467 329906.0 21
1717532653420 329906.0 22
1717532658633 329906.0 23
1717532663632 329906.0 24
1717532668582 329906.0 25
1717532673720 329906.0 26
1717532678957 329906.0 27
1717532684072 329906.0 28
1717532689136 329906.0 29
1717532694131 329906.0 30
1717532699127 329906.0 31
1717532704124 329906.0 32
1717532709189 329906.0 33
1717532714102 329906.0 34
1717532719073 329906.0 35
1717532723949 329906.0 36
1717532729350 329906.0 37
1717532734464 329906.0 38
1717532739553 329906.0 39
1717532744630 329906.0 40
1717532749849 329906.0 41
1717532754756 329906.0 42
1717532759816 329906.0 43
1717532764843 329906.0 44
1717532769763 329906.0 45
1717532774808 329906.0 46
1717532779710 329906.0 47
1717532784612 329906.0 48
1717532789592 329906.0 49
1717532794587 329906.0 50
1717532799637 329906.0 51
1717532804710 329906.0 52
1717532809704 329906.0 53
1717532814788 329906.0 54
1717532819804 329906.0 55
1717532824915 329906.0 56
1717532829866 329906.0 57
1717532834859 329906.0 58
1717532839948 329906.0 59
1717532844875 329906.0 60
1717532850054 329906.0 61
1717532855155 329906.0 62
1717532860177 329906.0 63
1717532865216 329906.0 64
1717532870564 329906.0 65
1717532875593 329906.0 66
1717532880606 329906.0 67
1717532885692 329906.0 68
1717532890708 329906.0 69
1717532895749 329906.0 70
1717532900842 329906.0 71
1717532905970 329906.0 72
1717532910983 329906.0 73
1717532916125 329906.0 74
1717532921039 329906.0 75
1717532926103 329906.0 76
1717532931285 329906.0 77
1717532936330 329906.0 78
1717532941252 329906.0 79
1717532946284 329906.0 80
1717532951278 329906.0 81
1717532956394 329906.0 82
1717532961417 329906.0 83
1717532966292 329906.0 84
1717532971271 329906.0 85
1717532976261 329906.0 86
1717532981543 329906.0 87
1717532986705 329906.0 88
1717532991828 329906.0 89
1717532996717 329906.0 90
1717533001820 329906.0 91
1717533006851 329906.0 92
1717533011939 329906.0 93
1717533016880 329906.0 94
1717533021900 329906.0 95
1717533027112 329906.0 96
1717533032208 329906.0 97
1717533037190 329906.0 98
1717533042142 329906.0 99
