1717532547502 0.8918918918918919 1
1717532552485 1.0 2
1717532557403 1.0 3
1717532562401 1.0 4
1717532567402 1.0 5
1717532572246 1.0 6
1717532577142 1.0 7
1717532582215 1.0 8
1717532587147 1.0 9
1717532592278 1.0 10
1717532597483 1.0 11
1717532602469 1.0 12
1717532607791 1.0 13
1717532612873 1.0 14
1717532618113 1.0 15
1717532623048 1.0 16
1717532628103 1.0 17
1717532633198 1.0 18
1717532638277 1.0 19
1717532643399 1.0 20
1717532648467 1.0 21
1717532653420 1.0 22
1717532658633 1.0 23
1717532663632 1.0 24
1717532668582 1.0 25
1717532673720 1.0 26
1717532678957 1.0 27
1717532684072 1.0 28
1717532689136 1.0 29
1717532694131 1.0 30
1717532699127 1.0 31
1717532704124 1.0 32
1717532709189 1.0 33
1717532714102 1.0 34
1717532719073 1.0 35
1717532723949 1.0 36
1717532729350 1.0 37
1717532734464 1.0 38
1717532739553 1.0 39
1717532744630 1.0 40
1717532749849 1.0 41
1717532754756 1.0 42
1717532759816 1.0 43
1717532764843 1.0 44
1717532769763 1.0 45
1717532774808 1.0 46
1717532779710 1.0 47
1717532784612 1.0 48
1717532789592 1.0 49
1717532794587 1.0 50
1717532799637 1.0 51
1717532804710 1.0 52
1717532809704 1.0 53
1717532814788 1.0 54
1717532819804 1.0 55
1717532824915 1.0 56
1717532829866 1.0 57
1717532834859 1.0 58
1717532839948 1.0 59
1717532844875 1.0 60
1717532850054 1.0 61
1717532855155 1.0 62
1717532860177 1.0 63
1717532865216 1.0 64
1717532870564 1.0 65
1717532875593 1.0 66
1717532880606 1.0 67
1717532885692 1.0 68
1717532890708 1.0 69
1717532895749 1.0 70
1717532900842 1.0 71
1717532905970 1.0 72
1717532910983 1.0 73
1717532916125 1.0 74
1717532921039 1.0 75
1717532926103 1.0 76
1717532931285 1.0 77
1717532936330 1.0 78
1717532941252 1.0 79
1717532946284 1.0 80
1717532951278 1.0 81
1717532956394 1.0 82
1717532961417 1.0 83
1717532966292 1.0 84
1717532971271 1.0 85
1717532976261 1.0 86
1717532981543 1.0 87
1717532986705 1.0 88
1717532991828 1.0 89
1717532996717 1.0 90
1717533001820 1.0 91
1717533006851 1.0 92
1717533011939 1.0 93
1717533016880 1.0 94
1717533021900 1.0 95
1717533027112 1.0 96
1717533032208 1.0 97
1717533037190 1.0 98
1717533042142 1.0 99
