1717529918505 0.9299451299214896 1
1717529921352 0.9669685724601625 2
1717529924173 0.9673972992112324 3
1717529927189 0.9684511368379344 4
1717529930151 0.9696177552800738 5
1717529933085 0.969860422942392 6
1717529936042 0.9705621490530305 7
1717529938948 0.9710284647190589 8
1717529941892 0.9716660819304037 9
1717529944815 0.9721480962566477 10
1717529947717 0.972801666661218 11
1717529950483 0.9729927601313179 12
1717529953430 0.97374177523224 13
1717529956284 0.9738216729076661 14
1717529959228 0.9740105593151693 15
1717529962173 0.9745287085154617 16
1717529965598 0.9742111485291158 17
1717529968747 0.9751389187878751 18
1717529971608 0.9749817692451147 19
1717529974469 0.9755910215719024 20
1717529977367 0.9756243827177918 21
1717529980206 0.9754935368037356 22
1717529983156 0.9758888861907508 23
1717529986261 0.9760479095892505 24
1717529989129 0.9760997026079211 25
1717529991940 0.9765960379877395 26
1717529994855 0.9762300536608575 27
1717529997760 0.9765638792324266 28
1717530000544 0.9767641602621847 29
1717530003410 0.9769184116950482 30
1717530006311 0.9768290575067712 31
1717530009245 0.9767330570097839 32
1717530012178 0.9769632747590835 33
1717530014992 0.9770295829438905 34
1717530017936 0.9772497112065875 35
1717530020847 0.9773112287650643 36
1717530023703 0.9774702694301812 37
1717530026547 0.9775987766380115 38
1717530029419 0.977575454141661 39
1717530032343 0.9774444247559192 40
1717530035281 0.9778312381768132 41
1717530038224 0.9781717604047763 42
1717530041117 0.9778493742443851 43
1717530044008 0.9774115581775714 44
1717530047175 0.977904729047507 45
1717530050048 0.978285803235447 46
1717530052967 0.9781260522150639 47
1717530055951 0.9781864181543016 48
1717530058810 0.9781900881002352 49
1717530061707 0.9776958327437981 50
1717530064755 0.9779914763343759 51
1717530067656 0.9783563274803637 52
1717530070645 0.9781874615989593 53
1717530073604 0.9782961413650666 54
1717530076532 0.9784012046892364 55
1717530079491 0.9784049428752674 56
1717530082388 0.9785225877527214 57
1717530085374 0.9784292339838163 58
1717530088552 0.9785446553372441 59
1717530092065 0.9785447069362749 60
1717530095573 0.9783922665807289 61
1717530098479 0.9785789381765848 62
1717530101323 0.97835951559817 63
1717530104122 0.9784664814648251 64
1717530107081 0.9787623329112958 65
1717530109913 0.978632942019367 66
1717530112791 0.9787051056119146 67
1717530115749 0.9788164787777007 68
1717530118611 0.9787622098805193 69
1717530121507 0.9787163677336518 70
1717530124423 0.9789290836385431 71
1717530127313 0.9788205018246637 72
1717530130158 0.9789288157452044 73
1717530133084 0.9788336305221843 74
1717530136247 0.9787433271854905 75
1717530139106 0.9789197515513559 76
1717530141955 0.9789221794289126 77
1717530144794 0.9791313578239131 78
1717530147712 0.9788814900149317 79
1717530150577 0.979043622572452 80
1717530153439 0.9792543827989622 81
1717530156300 0.9790513907811076 82
1717530159202 0.9792919562279394 83
1717530162139 0.9794680951411999 84
1717530165055 0.9793116917057259 85
1717530168072 0.9795195631754448 86
1717530171005 0.9791645897930691 87
1717530173902 0.979308026280156 88
1717530176795 0.9793779871102654 89
1717530179630 0.9793119246927455 90
1717530182558 0.9795340179989358 91
1717530185467 0.9797913404113064 92
1717530188327 0.9796947042650378 93
1717530191336 0.9797541670794175 94
1717530194297 0.9798828848340406 95
1717530197140 0.9794221271745546 96
1717530200037 0.9797725610739975 97
1717530202982 0.979722701634395 98
1717530205890 0.9794009526739886 99
