1717529918505 0.11359186980401634 1
1717529921352 0.0054817013533879095 2
1717529924173 0.019895116260622406 3
1717529927189 0.06263199449071466 4
1717529930151 0.11562522211467102 5
1717529933085 0.13537241298484307 6
1717529936042 0.16750186845046233 7
1717529938948 0.19276084982894048 8
1717529941892 0.2202241199040857 9
1717529944815 0.24723711418300146 10
1717529947717 0.26984062211334786 11
1717529950483 0.28240664874447247 12
1717529953430 0.3040361397397063 13
1717529956284 0.30594049728215056 14
1717529959228 0.3138419216344683 15
1717529962173 0.3298377694453708 16
1717529965598 0.3381682704681086 17
1717529968747 0.34816013983606475 18
1717529971608 0.3465931199626914 19
1717529974469 0.3559690980296801 20
1717529977367 0.3639133345662061 21
1717529980206 0.3648386441620217 22
1717529983156 0.3734966352563574 23
1717529986261 0.3765658967157525 24
1717529989129 0.38741015503066645 25
1717529991940 0.39237717844212766 26
1717529994855 0.3995761127627289 27
1717529997760 0.39751655727871893 28
1717530000544 0.4122527155828529 29
1717530003410 0.40436580121159976 30
1717530006311 0.41426254309220417 31
1717530009245 0.41851116851477527 32
1717530012178 0.42135321345212967 33
1717530014992 0.42291681292094413 34
1717530017936 0.4247974005492266 35
1717530020847 0.4294550864098971 36
1717530023703 0.43303537665763203 37
1717530026547 0.43592426720139943 38
1717530029419 0.43841943083699136 39
1717530032343 0.43992279682338203 40
1717530035281 0.445047150648094 41
1717530038224 0.44824493099833423 42
1717530041117 0.4500402749734423 43
1717530044008 0.44000881261770325 44
1717530047175 0.4456226675889924 45
1717530050048 0.4535661213888501 46
1717530052967 0.4561552990868791 47
1717530055951 0.4588368413321437 48
1717530058810 0.4600116150772606 49
1717530061707 0.4452809392332709 50
1717530064755 0.45542284220624735 51
1717530067656 0.46328277822527386 52
1717530070645 0.46569942784633045 53
1717530073604 0.4658495863458592 54
1717530076532 0.46459571795486465 55
1717530079491 0.45766973767066416 56
1717530082388 0.47058626216661337 57
1717530085374 0.47286594569990453 58
1717530088552 0.46968104148216344 59
1717530092065 0.4799125849012894 60
1717530095573 0.47657187654578503 61
1717530098479 0.46990089120374473 62
1717530101323 0.4789247122086817 63
1717530104122 0.47693339702831833 64
1717530107081 0.4756879613412844 65
1717530109913 0.4715245948185 66
1717530112791 0.48759616030413805 67
1717530115749 0.47693920171161186 68
1717530118611 0.48821535676279604 69
1717530121507 0.4884378156380129 70
1717530124423 0.47990114005869866 71
1717530127313 0.4868362624366768 72
1717530130158 0.48971204614945746 73
1717530133084 0.48268871844213895 74
1717530136247 0.4775993511782241 75
1717530139106 0.48143698184851813 76
1717530141955 0.4886364080692081 77
1717530144794 0.48953491105544805 78
1717530147712 0.4875724512956779 79
1717530150577 0.4952632262857188 80
1717530153439 0.49338443165690543 81
1717530156300 0.4882737299016142 82
1717530159202 0.50537275231947 83
1717530162139 0.5057409736762468 84
1717530165055 0.5050954922078961 85
1717530168072 0.5100235647099779 86
1717530171005 0.4963758971201042 87
1717530173902 0.4968560362334682 88
1717530176795 0.50017640945812 89
1717530179630 0.4998964453445049 90
1717530182558 0.5056838702945685 91
1717530185467 0.5076660028324109 92
1717530188327 0.5101839530525433 93
1717530191336 0.513502300585474 94
1717530194297 0.5086384128019589 95
1717530197140 0.5115834108859529 96
1717530200037 0.5119543992530733 97
1717530202982 0.5103885600421693 98
1717530205890 0.5121565417164089 99
