1717255387303 0.2919403910636902 1
1717255388042 0.32256653904914856 2
1717255388789 0.32256653904914856 3
1717255389528 0.32256653904914856 4
1717255390296 0.32256653904914856 5
1717255391053 0.32256653904914856 6
1717255391807 0.32256653904914856 7
1717255392547 0.32256653904914856 8
1717255393336 0.32256653904914856 9
1717255394192 0.32256653904914856 10
1717255394946 0.32256653904914856 11
1717255395690 0.32256653904914856 12
1717255396438 0.32256653904914856 13
1717255397173 0.32256653904914856 14
1717255397953 0.32256653904914856 15
1717255398686 0.32256653904914856 16
1717255399413 0.32256653904914856 17
1717255400157 0.32256653904914856 18
1717255400893 0.32256653904914856 19
1717255401785 0.32256653904914856 20
1717255402641 0.32256653904914856 21
1717255403472 0.32256653904914856 22
1717255404285 0.32256653904914856 23
1717255405061 0.32256653904914856 24
1717255405804 0.32256653904914856 25
1717255406570 0.32256653904914856 26
1717255407332 0.32256653904914856 27
1717255408091 0.32256653904914856 28
1717255408863 0.32256653904914856 29
1717255409617 0.32256653904914856 30
1717255410402 0.32256653904914856 31
1717255411196 0.32256653904914856 32
1717255412104 0.32256653904914856 33
1717255412967 0.32256653904914856 34
1717255413799 0.32256653904914856 35
1717255414535 0.32256653904914856 36
1717255415280 0.32256653904914856 37
1717255416026 0.32256653904914856 38
1717255416761 0.32256653904914856 39
1717255417502 0.32256653904914856 40
1717255418236 0.32256653904914856 41
1717255418974 0.32256653904914856 42
1717255419856 0.32256653904914856 43
1717255421002 0.32256653904914856 44
1717255421816 0.32256653904914856 45
1717255422599 0.32256653904914856 46
1717255423372 0.32256653904914856 47
1717255424146 0.32256653904914856 48
1717255425021 0.32256653904914856 49
1717255426142 0.32256653904914856 50
1717255427124 0.32256653904914856 51
1717255427871 0.32256653904914856 52
1717255428612 0.32256653904914856 53
1717255429356 0.32256653904914856 54
1717255430103 0.32256653904914856 55
1717255430855 0.32256653904914856 56
1717255431601 0.32256653904914856 57
1717255432342 0.32256653904914856 58
1717255433084 0.32256653904914856 59
1717255433833 0.32256653904914856 60
1717255434577 0.32256653904914856 61
1717255435323 0.32256653904914856 62
1717255436064 0.32256653904914856 63
1717255436805 0.32256653904914856 64
1717255437622 0.32256653904914856 65
1717255438365 0.32256653904914856 66
1717255439126 0.32256653904914856 67
1717255439879 0.32256653904914856 68
1717255440626 0.32256653904914856 69
1717255441413 0.32256653904914856 70
1717255442191 0.32256653904914856 71
1717255442941 0.32256653904914856 72
1717255443685 0.32256653904914856 73
1717255444429 0.32256653904914856 74
1717255445170 0.32256653904914856 75
1717255445917 0.32256653904914856 76
1717255446698 0.32256653904914856 77
1717255447442 0.32256653904914856 78
1717255448181 0.32256653904914856 79
1717255448959 0.32256653904914856 80
1717255449700 0.32256653904914856 81
1717255450484 0.32256653904914856 82
1717255451233 0.32256653904914856 83
1717255452008 0.32256653904914856 84
1717255452765 0.32256653904914856 85
1717255453517 0.32256653904914856 86
1717255454270 0.32256653904914856 87
1717255455034 0.32256653904914856 88
1717255455830 0.32256653904914856 89
1717255456577 0.32256653904914856 90
1717255457392 0.32256653904914856 91
1717255458164 0.32256653904914856 92
1717255458912 0.32256653904914856 93
1717255459731 0.32256653904914856 94
1717255460507 0.32256653904914856 95
1717255461273 0.32256653904914856 96
1717255462026 0.32256653904914856 97
1717255462770 0.32256653904914856 98
1717255463509 0.32256653904914856 99
