1717255387303 98.53141021728516 1
1717255388042 99.9336929321289 2
1717255388789 99.9336929321289 3
1717255389528 99.9336929321289 4
1717255390296 99.9336929321289 5
1717255391053 99.9336929321289 6
1717255391807 99.9336929321289 7
1717255392547 99.9336929321289 8
1717255393336 99.9336929321289 9
1717255394192 99.9336929321289 10
1717255394946 99.9336929321289 11
1717255395690 99.9336929321289 12
1717255396438 99.9336929321289 13
1717255397173 99.9336929321289 14
1717255397953 99.9336929321289 15
1717255398686 99.9336929321289 16
1717255399413 99.9336929321289 17
1717255400157 99.9336929321289 18
1717255400893 99.9336929321289 19
1717255401785 99.9336929321289 20
1717255402641 99.9336929321289 21
1717255403472 99.9336929321289 22
1717255404285 99.9336929321289 23
1717255405061 99.9336929321289 24
1717255405804 99.9336929321289 25
1717255406570 99.9336929321289 26
1717255407332 99.9336929321289 27
1717255408091 99.9336929321289 28
1717255408863 99.9336929321289 29
1717255409617 99.9336929321289 30
1717255410402 99.9336929321289 31
1717255411196 99.9336929321289 32
1717255412104 99.9336929321289 33
1717255412967 99.9336929321289 34
1717255413799 99.9336929321289 35
1717255414535 99.9336929321289 36
1717255415280 99.9336929321289 37
1717255416026 99.9336929321289 38
1717255416761 99.9336929321289 39
1717255417502 99.9336929321289 40
1717255418236 99.9336929321289 41
1717255418974 99.9336929321289 42
1717255419856 99.9336929321289 43
1717255421002 99.9336929321289 44
1717255421816 99.9336929321289 45
1717255422599 99.9336929321289 46
1717255423372 99.9336929321289 47
1717255424146 99.9336929321289 48
1717255425021 99.9336929321289 49
1717255426142 99.9336929321289 50
1717255427124 99.9336929321289 51
1717255427871 99.9336929321289 52
1717255428612 99.9336929321289 53
1717255429356 99.9336929321289 54
1717255430103 99.9336929321289 55
1717255430855 99.9336929321289 56
1717255431601 99.9336929321289 57
1717255432342 99.9336929321289 58
1717255433084 99.9336929321289 59
1717255433833 99.9336929321289 60
1717255434577 99.9336929321289 61
1717255435323 99.9336929321289 62
1717255436064 99.9336929321289 63
1717255436805 99.9336929321289 64
1717255437622 99.9336929321289 65
1717255438365 99.9336929321289 66
1717255439126 99.9336929321289 67
1717255439879 99.9336929321289 68
1717255440626 99.9336929321289 69
1717255441413 99.9336929321289 70
1717255442191 99.9336929321289 71
1717255442941 99.9336929321289 72
1717255443685 99.9336929321289 73
1717255444429 99.9336929321289 74
1717255445170 99.9336929321289 75
1717255445917 99.9336929321289 76
1717255446698 99.9336929321289 77
1717255447442 99.9336929321289 78
1717255448181 99.9336929321289 79
1717255448959 99.9336929321289 80
1717255449700 99.9336929321289 81
1717255450484 99.9336929321289 82
1717255451233 99.9336929321289 83
1717255452008 99.9336929321289 84
1717255452765 99.9336929321289 85
1717255453517 99.9336929321289 86
1717255454270 99.9336929321289 87
1717255455034 99.9336929321289 88
1717255455830 99.9336929321289 89
1717255456577 99.9336929321289 90
1717255457392 99.9336929321289 91
1717255458164 99.9336929321289 92
1717255458912 99.9336929321289 93
1717255459731 99.9336929321289 94
1717255460507 99.9336929321289 95
1717255461273 99.9336929321289 96
1717255462026 99.9336929321289 97
1717255462770 99.9336929321289 98
1717255463509 99.9336929321289 99
