1717255387303 0.11008196607899606 1
1717255388042 0.0 2
1717255388789 0.0 3
1717255389528 0.0 4
1717255390296 0.0 5
1717255391053 0.0 6
1717255391807 0.0 7
1717255392547 0.0 8
1717255393336 0.0 9
1717255394192 0.0 10
1717255394946 0.0 11
1717255395690 0.0 12
1717255396438 0.0 13
1717255397173 0.0 14
1717255397953 0.0 15
1717255398686 0.0 16
1717255399413 0.0 17
1717255400157 0.0 18
1717255400893 0.0 19
1717255401785 0.0 20
1717255402641 0.0 21
1717255403472 0.0 22
1717255404285 0.0 23
1717255405061 0.0 24
1717255405804 0.0 25
1717255406570 0.0 26
1717255407332 0.0 27
1717255408091 0.0 28
1717255408863 0.0 29
1717255409617 0.0 30
1717255410402 0.0 31
1717255411196 0.0 32
1717255412104 0.0 33
1717255412967 0.0 34
1717255413799 0.0 35
1717255414535 0.0 36
1717255415280 0.0 37
1717255416026 0.0 38
1717255416761 0.0 39
1717255417502 0.0 40
1717255418236 0.0 41
1717255418974 0.0 42
1717255419856 0.0 43
1717255421002 0.0 44
1717255421816 0.0 45
1717255422599 0.0 46
1717255423372 0.0 47
1717255424146 0.0 48
1717255425021 0.0 49
1717255426142 0.0 50
1717255427124 0.0 51
1717255427871 0.0 52
1717255428612 0.0 53
1717255429356 0.0 54
1717255430103 0.0 55
1717255430855 0.0 56
1717255431601 0.0 57
1717255432342 0.0 58
1717255433084 0.0 59
1717255433833 0.0 60
1717255434577 0.0 61
1717255435323 0.0 62
1717255436064 0.0 63
1717255436805 0.0 64
1717255437622 0.0 65
1717255438365 0.0 66
1717255439126 0.0 67
1717255439879 0.0 68
1717255440626 0.0 69
1717255441413 0.0 70
1717255442191 0.0 71
1717255442941 0.0 72
1717255443685 0.0 73
1717255444429 0.0 74
1717255445170 0.0 75
1717255445917 0.0 76
1717255446698 0.0 77
1717255447442 0.0 78
1717255448181 0.0 79
1717255448959 0.0 80
1717255449700 0.0 81
1717255450484 0.0 82
1717255451233 0.0 83
1717255452008 0.0 84
1717255452765 0.0 85
1717255453517 0.0 86
1717255454270 0.0 87
1717255455034 0.0 88
1717255455830 0.0 89
1717255456577 0.0 90
1717255457392 0.0 91
1717255458164 0.0 92
1717255458912 0.0 93
1717255459731 0.0 94
1717255460507 0.0 95
1717255461273 0.0 96
1717255462026 0.0 97
1717255462770 0.0 98
1717255463509 0.0 99
