1717255641655 90810.0 1
1717255643095 90810.0 2
1717255644531 90810.0 3
1717255645967 90810.0 4
1717255647425 90810.0 5
1717255648852 90810.0 6
1717255650290 90810.0 7
1717255651749 90810.0 8
1717255653240 90810.0 9
1717255654698 90810.0 10
1717255656202 90810.0 11
1717255657861 90810.0 12
1717255659635 90810.0 13
1717255661223 90810.0 14
1717255662897 90810.0 15
1717255664472 90810.0 16
1717255665896 90810.0 17
1717255667477 90810.0 18
1717255669022 90810.0 19
1717255670462 90810.0 20
1717255671878 90810.0 21
1717255673363 90810.0 22
1717255674787 90810.0 23
1717255676309 90810.0 24
1717255677782 90810.0 25
1717255679326 90810.0 26
1717255680957 90810.0 27
1717255682403 90810.0 28
1717255683909 90810.0 29
1717255685376 90810.0 30
1717255686823 90810.0 31
1717255688267 90810.0 32
1717255689714 90810.0 33
1717255691133 90810.0 34
1717255692551 90810.0 35
1717255693982 90810.0 36
1717255695415 90810.0 37
1717255696847 90810.0 38
1717255698336 90810.0 39
1717255699762 90810.0 40
1717255701204 90810.0 41
1717255702681 90810.0 42
1717255704111 90810.0 43
1717255705536 90810.0 44
1717255706963 90810.0 45
1717255708415 90810.0 46
1717255709859 90810.0 47
1717255711317 90810.0 48
1717255712820 90810.0 49
1717255714274 90810.0 50
1717255715738 90810.0 51
1717255717195 90810.0 52
1717255718622 90810.0 53
1717255720048 90810.0 54
1717255721473 90810.0 55
1717255722898 90810.0 56
1717255724323 90810.0 57
1717255725755 90810.0 58
1717255727208 90810.0 59
1717255728666 90810.0 60
1717255730109 90810.0 61
1717255731541 90810.0 62
1717255732999 90810.0 63
1717255734464 90810.0 64
1717255735920 90810.0 65
1717255737360 90810.0 66
1717255738845 90810.0 67
1717255740274 90810.0 68
1717255741702 90810.0 69
1717255743121 90810.0 70
1717255744588 90810.0 71
1717255746020 90810.0 72
1717255747509 90810.0 73
1717255748999 90810.0 74
1717255750432 90810.0 75
1717255751883 90810.0 76
1717255753365 90810.0 77
1717255754789 90810.0 78
1717255756254 90810.0 79
1717255757799 90810.0 80
1717255759253 90810.0 81
1717255760861 90810.0 82
1717255762360 90810.0 83
1717255763809 90810.0 84
1717255765402 90810.0 85
1717255766859 90810.0 86
1717255768310 90810.0 87
1717255769777 90810.0 88
1717255771229 90810.0 89
1717255772678 90810.0 90
1717255774140 90810.0 91
1717255775635 90810.0 92
1717255777123 90810.0 93
1717255778549 90810.0 94
1717255780019 90810.0 95
1717255781460 90810.0 96
1717255782907 90810.0 97
1717255784336 90810.0 98
1717255785765 90810.0 99
