1717255641655 0.893296464899665 1
1717255643095 0.893296464899665 2
1717255644531 0.893296464899665 3
1717255645967 0.893296464899665 4
1717255647425 0.893296464899665 5
1717255648852 0.893296464899665 6
1717255650290 0.893296464899665 7
1717255651749 0.893296464899665 8
1717255653240 0.893296464899665 9
1717255654698 0.893296464899665 10
1717255656202 0.893296464899665 11
1717255657861 0.893296464899665 12
1717255659635 0.893296464899665 13
1717255661223 0.893296464899665 14
1717255662897 0.893296464899665 15
1717255664472 0.893296464899665 16
1717255665896 0.893296464899665 17
1717255667477 0.893296464899665 18
1717255669022 0.893296464899665 19
1717255670462 0.893296464899665 20
1717255671878 0.893296464899665 21
1717255673363 0.893296464899665 22
1717255674787 0.893296464899665 23
1717255676309 0.893296464899665 24
1717255677782 0.893296464899665 25
1717255679326 0.893296464899665 26
1717255680957 0.893296464899665 27
1717255682403 0.893296464899665 28
1717255683909 0.893296464899665 29
1717255685376 0.893296464899665 30
1717255686823 0.893296464899665 31
1717255688267 0.893296464899665 32
1717255689714 0.893296464899665 33
1717255691133 0.893296464899665 34
1717255692551 0.893296464899665 35
1717255693982 0.893296464899665 36
1717255695415 0.893296464899665 37
1717255696847 0.893296464899665 38
1717255698336 0.893296464899665 39
1717255699762 0.893296464899665 40
1717255701204 0.893296464899665 41
1717255702681 0.893296464899665 42
1717255704111 0.893296464899665 43
1717255705536 0.893296464899665 44
1717255706963 0.893296464899665 45
1717255708415 0.893296464899665 46
1717255709859 0.893296464899665 47
1717255711317 0.893296464899665 48
1717255712820 0.893296464899665 49
1717255714274 0.893296464899665 50
1717255715738 0.893296464899665 51
1717255717195 0.893296464899665 52
1717255718622 0.893296464899665 53
1717255720048 0.893296464899665 54
1717255721473 0.893296464899665 55
1717255722898 0.893296464899665 56
1717255724323 0.893296464899665 57
1717255725755 0.893296464899665 58
1717255727208 0.893296464899665 59
1717255728666 0.893296464899665 60
1717255730109 0.893296464899665 61
1717255731541 0.893296464899665 62
1717255732999 0.893296464899665 63
1717255734464 0.893296464899665 64
1717255735920 0.893296464899665 65
1717255737360 0.893296464899665 66
1717255738845 0.893296464899665 67
1717255740274 0.893296464899665 68
1717255741702 0.893296464899665 69
1717255743121 0.893296464899665 70
1717255744588 0.893296464899665 71
1717255746020 0.893296464899665 72
1717255747509 0.893296464899665 73
1717255748999 0.893296464899665 74
1717255750432 0.893296464899665 75
1717255751883 0.893296464899665 76
1717255753365 0.893296464899665 77
1717255754789 0.893296464899665 78
1717255756254 0.893296464899665 79
1717255757799 0.893296464899665 80
1717255759253 0.893296464899665 81
1717255760861 0.893296464899665 82
1717255762360 0.893296464899665 83
1717255763809 0.893296464899665 84
1717255765402 0.893296464899665 85
1717255766859 0.893296464899665 86
1717255768310 0.893296464899665 87
1717255769777 0.893296464899665 88
1717255771229 0.893296464899665 89
1717255772678 0.893296464899665 90
1717255774140 0.893296464899665 91
1717255775635 0.893296464899665 92
1717255777123 0.893296464899665 93
1717255778549 0.893296464899665 94
1717255780019 0.893296464899665 95
1717255781460 0.893296464899665 96
1717255782907 0.893296464899665 97
1717255784336 0.893296464899665 98
1717255785765 0.893296464899665 99
