1717445283883 85068.0 1
1717445285724 75474.0 2
1717445287613 69568.0 3
1717445289474 70424.0 4
1717445291440 70222.0 5
1717445293282 69120.0 6
1717445295140 68748.0 7
1717445296974 72014.0 8
1717445298799 72322.0 9
1717445300640 71206.0 10
1717445302519 73228.0 11
1717445304382 72928.0 12
1717445306227 73418.0 13
1717445308045 74010.0 14
1717445309822 74160.0 15
1717445311736 74510.0 16
1717445313567 75134.0 17
1717445315423 75168.0 18
1717445317439 74114.0 19
1717445319295 75286.0 20
1717445321105 75686.0 21
1717445322920 76762.0 22
1717445324833 75970.0 23
1717445326733 76700.0 24
1717445328579 76494.0 25
1717445330486 77942.0 26
1717445332371 77778.0 27
1717445334193 78332.0 28
1717445336062 78672.0 29
1717445337850 78076.0 30
1717445339699 78710.0 31
1717445341584 78856.0 32
1717445343426 77518.0 33
1717445345507 77944.0 34
1717445347667 77428.0 35
1717445349547 78372.0 36
1717445351487 77166.0 37
1717445353352 78198.0 38
1717445355195 79110.0 39
1717445357042 78928.0 40
1717445358880 79212.0 41
1717445360741 77538.0 42
1717445362577 78882.0 43
1717445364425 79682.0 44
1717445366371 79750.0 45
1717445368284 79288.0 46
1717445370123 78850.0 47
1717445372002 80228.0 48
1717445373901 80146.0 49
1717445375724 79994.0 50
1717445377661 79830.0 51
1717445379483 80008.0 52
1717445381321 79940.0 53
1717445383177 79886.0 54
1717445384996 80188.0 55
1717445386819 79588.0 56
1717445388636 79177.0 57
1717445390473 79710.0 58
1717445392287 79726.0 59
1717445394121 79642.0 60
1717445395923 78774.0 61
1717445397749 79414.0 62
1717445399613 79324.0 63
1717445401482 79994.0 64
1717445403298 79378.0 65
1717445405136 80490.0 66
1717445407269 80376.0 67
1717445409119 79220.0 68
1717445410970 80430.0 69
1717445412772 80668.0 70
1717445414647 81138.0 71
1717445416540 80952.0 72
1717445418363 80876.0 73
1717445420173 79906.0 74
1717445422010 81248.0 75
1717445423861 80356.0 76
1717445425667 80428.0 77
1717445427527 81204.0 78
1717445429371 81244.0 79
1717445431223 81394.0 80
1717445433159 81488.0 81
1717445435020 81616.0 82
1717445436922 80809.0 83
1717445438758 79942.0 84
1717445440625 80454.0 85
1717445442481 81040.0 86
1717445444289 79834.0 87
1717445446158 80778.0 88
1717445448000 80830.0 89
1717445449839 81310.0 90
1717445451666 80948.0 91
1717445453488 80658.0 92
1717445455341 80682.0 93
1717445457131 81394.0 94
1717445458979 80846.0 95
1717445460853 80644.0 96
1717445462720 80570.0 97
1717445464542 80956.0 98
1717445466401 81128.0 99
