1717174387963 0.915389009126273 1
1717174389682 0.9671504592229818 2
1717174391433 0.9672254606662443 3
1717174393138 0.9676669176630032 4
1717174394958 0.9688188140688957 5
1717174396722 0.9701596456963002 6
1717174398434 0.9717353491631041 7
1717174400087 0.9730410606789137 8
1717174401708 0.9735961610650542 9
1717174403290 0.9737674822229011 10
1717174404976 0.9740423212487749 11
1717174406633 0.9741875577607674 12
1717174408241 0.9744624664144759 13
1717174409821 0.9745442745302392 14
1717174411428 0.9745348882133698 15
1717174413069 0.9748512839646474 16
1717174414754 0.9753075062237316 17
1717174416381 0.9752830059063585 18
1717174418079 0.9757223829024171 19
1717174419967 0.9758060211311643 20
1717174421697 0.9761628362564341 21
1717174423396 0.9762452252052207 22
1717174425089 0.9765283907339171 23
1717174426769 0.9763744979475945 24
1717174428454 0.9769883392892619 25
1717174430152 0.97690986613376 26
1717174431822 0.9769826983476217 27
1717174433671 0.9773935944837411 28
1717174435313 0.9775416532338617 29
1717174436958 0.9773391965483719 30
1717174438555 0.9777988133384056 31
1717174440229 0.9773556590365866 32
1717174441897 0.977845008482852 33
1717174443732 0.9777068239612925 34
1717174445438 0.9777843614873185 35
1717174447115 0.9775988157639259 36
1717174448764 0.9778431861434926 37
1717174450402 0.9778078125380548 38
1717174452445 0.9778150398445979 39
1717174454234 0.97808776703136 40
1717174455884 0.9781636006213243 41
1717174457573 0.978363229199141 42
1717174459261 0.9779634109386219 43
1717174460973 0.9785608346708287 44
1717174462702 0.9785045832186104 45
1717174464621 0.9785111072632899 46
1717174466277 0.9786174115830456 47
1717174467949 0.978657994858537 48
1717174469802 0.978487789944757 49
1717174471542 0.9786555476097648 50
1717174473357 0.9788211320612783 51
1717174475240 0.9788762167689062 52
1717174476923 0.978972905477368 53
1717174478653 0.9788448897302604 54
1717174480353 0.9787103322962055 55
1717174482099 0.9789918763383068 56
1717174484089 0.978807612420369 57
1717174485779 0.9789014087868901 58
1717174487524 0.978875900029362 59
1717174489351 0.9789531986741543 60
1717174491616 0.9789701819942721 61
1717174493344 0.9790518922303842 62
1717174495239 0.9790257977879887 63
1717174496973 0.9793164057425173 64
1717174498721 0.9790168803990552 65
1717174500654 0.979168095905426 66
1717174502350 0.9792409981510989 67
1717174503994 0.9791656481970968 68
1717174505690 0.9792089285730665 69
1717174507779 0.9793974331092116 70
1717174509521 0.9793641843437456 71
1717174511355 0.9793247519259033 72
1717174513100 0.9793089385557083 73
1717174514839 0.9793842885503453 74
1717174516708 0.9793903730175137 75
1717174518378 0.9793065268750322 76
1717174520105 0.9795110823786711 77
1717174522008 0.9795286252254444 78
1717174523703 0.9795456468921505 79
1717174525834 0.9795506419767421 80
1717174527671 0.9797155071327232 81
1717174529567 0.9795050978892414 82
1717174531386 0.9797201724387081 83
1717174533533 0.979768707586811 84
1717174535387 0.9797898719631187 85
1717174537356 0.9795968368150728 86
1717174539129 0.9798504268429941 87
1717174540951 0.9799782394588746 88
1717174542758 0.9798380350546738 89
1717174544481 0.9800506234807197 90
1717174546256 0.979969757626441 91
1717174548051 0.9800716719255964 92
1717174549862 0.980055387518469 93
1717174551531 0.9800312225979046 94
1717174553304 0.980205487755167 95
1717174555044 0.9798472316773765 96
1717174556953 0.9800187526801463 97
1717174558864 0.9802190841212209 98
1717174560622 0.9803309659481384 99
