1717174387963 0.13401588461622058 1
1717174389682 0.007115415143584494 2
1717174391433 0.008046373960433876 3
1717174393138 0.027928971789627867 4
1717174394958 0.08320344479245519 5
1717174396722 0.14160987001713343 6
1717174398434 0.20024456002781568 7
1717174400087 0.24645733835289663 8
1717174401708 0.2658035156867678 9
1717174403290 0.2716834773614263 10
1717174404976 0.2799639785721362 11
1717174406633 0.28431500800778287 12
1717174408241 0.296030207492064 13
1717174409821 0.30821290812979857 14
1717174411428 0.32111827366975265 15
1717174413069 0.3346787450684738 16
1717174414754 0.34490453666829374 17
1717174416381 0.34809673927862017 18
1717174418079 0.358680460355139 19
1717174419967 0.36356279854602325 20
1717174421697 0.3743580182690917 21
1717174423396 0.3760401359192462 22
1717174425089 0.3819547579605529 23
1717174426769 0.38315936564375425 24
1717174428454 0.3929080718699737 25
1717174430152 0.39945572799040585 26
1717174431822 0.40069003064675046 27
1717174433671 0.40769086963222767 28
1717174435313 0.4151860756070796 29
1717174436958 0.4101283075193242 30
1717174438555 0.4227927851817962 31
1717174440229 0.4086908175619548 32
1717174441897 0.42382756959232104 33
1717174443732 0.4262060470061173 34
1717174445438 0.4201606887513167 35
1717174447115 0.4188061250084537 36
1717174448764 0.42571666169595557 37
1717174450402 0.4187239614483889 38
1717174452445 0.4255918066644026 39
1717174454234 0.4304985501563956 40
1717174455884 0.43476696055388797 41
1717174457573 0.43419281408768573 42
1717174459261 0.42743181948228814 43
1717174460973 0.44204693549298923 44
1717174462702 0.44022687227711094 45
1717174464621 0.4400477256607419 46
1717174466277 0.44136997565722724 47
1717174467949 0.44711149387539884 48
1717174469802 0.4486043895530898 49
1717174471542 0.4468612082087785 50
1717174473357 0.44984755338096266 51
1717174475240 0.4515036289824405 52
1717174476923 0.4564496781556426 53
1717174478653 0.45268210995986524 54
1717174480353 0.4541682650807541 55
1717174482099 0.45289054681477764 56
1717174484089 0.4558199816217823 57
1717174485779 0.45790984514653654 58
1717174487524 0.4565340938139606 59
1717174489351 0.45568156321434733 60
1717174491616 0.46112814556490017 61
1717174493344 0.4652857238009739 62
1717174495239 0.46695363886069047 63
1717174496973 0.46918820147057017 64
1717174498721 0.46824032468560234 65
1717174500654 0.46343656306103564 66
1717174502350 0.47195401215202004 67
1717174503994 0.4684307705619894 68
1717174505690 0.474503450244715 69
1717174507779 0.47202010792918764 70
1717174509521 0.4781882291445821 71
1717174511355 0.4647967396112385 72
1717174513100 0.4789328320640708 73
1717174514839 0.4752022722119575 74
1717174516708 0.4724549961028783 75
1717174518378 0.4711905214815869 76
1717174520105 0.4856145557351194 77
1717174522008 0.4866138370375604 78
1717174523703 0.4808986511752332 79
1717174525834 0.48486686676701246 80
1717174527671 0.49123341404051485 81
1717174529567 0.47378770603243514 82
1717174531386 0.48717879939485975 83
1717174533533 0.49431835435486826 84
1717174535387 0.49443017942887874 85
1717174537356 0.5023977343769881 86
1717174539129 0.4964208773881316 87
1717174540951 0.49919374792369997 88
1717174542758 0.4973948087100024 89
1717174544481 0.4943420410870254 90
1717174546256 0.5009803493437767 91
1717174548051 0.5057194567294402 92
1717174549862 0.5084581647688432 93
1717174551531 0.5076466499263348 94
1717174553304 0.5095906066915518 95
1717174555044 0.5168812494381464 96
1717174556953 0.5005968384344732 97
1717174558864 0.5085114373538561 98
1717174560622 0.5117038643695333 99
