1717174387963 22555.0 1
1717174389682 22555.0 2
1717174391433 22555.0 3
1717174393138 22555.0 4
1717174394958 22555.0 5
1717174396722 22555.0 6
1717174398434 22555.0 7
1717174400087 22555.0 8
1717174401708 22555.0 9
1717174403290 22555.0 10
1717174404976 22555.0 11
1717174406633 22555.0 12
1717174408241 22555.0 13
1717174409821 22555.0 14
1717174411428 22555.0 15
1717174413069 22555.0 16
1717174414754 22555.0 17
1717174416381 22555.0 18
1717174418079 22555.0 19
1717174419967 22555.0 20
1717174421697 22555.0 21
1717174423396 22555.0 22
1717174425089 22555.0 23
1717174426769 22555.0 24
1717174428454 22555.0 25
1717174430152 22555.0 26
1717174431822 22555.0 27
1717174433671 22555.0 28
1717174435313 22555.0 29
1717174436958 22555.0 30
1717174438555 22555.0 31
1717174440229 22555.0 32
1717174441897 22555.0 33
1717174443732 22555.0 34
1717174445438 22555.0 35
1717174447115 22555.0 36
1717174448764 22555.0 37
1717174450402 22555.0 38
1717174452445 22555.0 39
1717174454234 22555.0 40
1717174455884 22555.0 41
1717174457573 22555.0 42
1717174459261 22555.0 43
1717174460973 22555.0 44
1717174462702 22555.0 45
1717174464621 22555.0 46
1717174466277 22555.0 47
1717174467949 22555.0 48
1717174469802 22555.0 49
1717174471542 22555.0 50
1717174473357 22555.0 51
1717174475240 22555.0 52
1717174476923 22555.0 53
1717174478653 22555.0 54
1717174480353 22555.0 55
1717174482099 22555.0 56
1717174484089 22555.0 57
1717174485779 22555.0 58
1717174487524 22555.0 59
1717174489351 22555.0 60
1717174491616 22555.0 61
1717174493344 22555.0 62
1717174495239 22555.0 63
1717174496973 22555.0 64
1717174498721 22555.0 65
1717174500654 22555.0 66
1717174502350 22555.0 67
1717174503994 22555.0 68
1717174505690 22555.0 69
1717174507779 22555.0 70
1717174509521 22555.0 71
1717174511355 22555.0 72
1717174513100 22555.0 73
1717174514839 22555.0 74
1717174516708 22555.0 75
1717174518378 22555.0 76
1717174520105 22555.0 77
1717174522008 22555.0 78
1717174523703 22555.0 79
1717174525834 22555.0 80
1717174527671 22555.0 81
1717174529567 22555.0 82
1717174531386 22555.0 83
1717174533533 22555.0 84
1717174535387 22555.0 85
1717174537356 22555.0 86
1717174539129 22555.0 87
1717174540951 22555.0 88
1717174542758 22555.0 89
1717174544481 22555.0 90
1717174546256 22555.0 91
1717174548051 22555.0 92
1717174549862 22555.0 93
1717174551531 22555.0 94
1717174553304 22555.0 95
1717174555044 22555.0 96
1717174556953 22555.0 97
1717174558864 22555.0 98
1717174560622 22555.0 99
