1717174387963 0.3928815424442291 1
1717174389682 0.1920328140258789 2
1717174391433 0.1803653985261917 3
1717174393138 0.17171676456928253 4
1717174394958 0.16437716782093048 5
1717174396722 0.15760672092437744 6
1717174398434 0.14997494220733643 7
1717174400087 0.14237403869628906 8
1717174401708 0.13783761858940125 9
1717174403290 0.13500209152698517 10
1717174404976 0.13196559250354767 11
1717174406633 0.12903277575969696 12
1717174408241 0.1252920776605606 13
1717174409821 0.12194257229566574 14
1717174411428 0.12079387158155441 15
1717174413069 0.11904841661453247 16
1717174414754 0.11593816429376602 17
1717174416381 0.115977942943573 18
1717174418079 0.11273776739835739 19
1717174419967 0.11270042508840561 20
1717174421697 0.11097772419452667 21
1717174423396 0.10995063930749893 22
1717174425089 0.10866699367761612 23
1717174426769 0.1107880175113678 24
1717174428454 0.10706651955842972 25
1717174430152 0.10750538110733032 26
1717174431822 0.10680606216192245 27
1717174433671 0.10457484424114227 28
1717174435313 0.10436800867319107 29
1717174436958 0.10455381125211716 30
1717174438555 0.10236293822526932 31
1717174440229 0.10668151080608368 32
1717174441897 0.10111816227436066 33
1717174443732 0.10100378841161728 34
1717174445438 0.10115083307027817 35
1717174447115 0.10172394663095474 36
1717174448764 0.09992753714323044 37
1717174450402 0.09900560975074768 38
1717174452445 0.09810847043991089 39
1717174454234 0.09669193625450134 40
1717174455884 0.09678779542446136 41
1717174457573 0.09493409842252731 42
1717174459261 0.09642250090837479 43
1717174460973 0.09399006515741348 44
1717174462702 0.09364467114210129 45
1717174464621 0.09351836889982224 46
1717174466277 0.0930984690785408 47
1717174467949 0.09284252673387527 48
1717174469802 0.09426437318325043 49
1717174471542 0.09175001829862595 50
1717174473357 0.09082962572574615 51
1717174475240 0.09063924103975296 52
1717174476923 0.09018544852733612 53
1717174478653 0.0899839997291565 54
1717174480353 0.09069196879863739 55
1717174482099 0.08932948857545853 56
1717174484089 0.08897673338651657 57
1717174485779 0.08855438232421875 58
1717174487524 0.08859733492136002 59
1717174489351 0.08896738290786743 60
1717174491616 0.08758189529180527 61
1717174493344 0.08704692125320435 62
1717174495239 0.08835234493017197 63
1717174496973 0.08648946136236191 64
1717174498721 0.08721542358398438 65
1717174500654 0.08676562458276749 66
1717174502350 0.0860508382320404 67
1717174503994 0.08674749732017517 68
1717174505690 0.08636730909347534 69
1717174507779 0.08551856130361557 70
1717174509521 0.08551950752735138 71
1717174511355 0.0854695588350296 72
1717174513100 0.08545486629009247 73
1717174514839 0.08520924299955368 74
1717174516708 0.08503416925668716 75
1717174518378 0.08496873825788498 76
1717174520105 0.08449308574199677 77
1717174522008 0.08412185311317444 78
1717174523703 0.08365250378847122 79
1717174525834 0.08520151674747467 80
1717174527671 0.08418619632720947 81
1717174529567 0.08449145406484604 82
1717174531386 0.08320567011833191 83
1717174533533 0.08344224095344543 84
1717174535387 0.08295809477567673 85
1717174537356 0.08332131057977676 86
1717174539129 0.08393212407827377 87
1717174540951 0.08204859495162964 88
1717174542758 0.08291827142238617 89
1717174544481 0.08238103985786438 90
1717174546256 0.08281976729631424 91
1717174548051 0.08172255754470825 92
1717174549862 0.08228173851966858 93
1717174551531 0.08263673633337021 94
1717174553304 0.08167258650064468 95
1717174555044 0.08193795382976532 96
1717174556953 0.08298572897911072 97
1717174558864 0.08146311342716217 98
1717174560622 0.08084063231945038 99
