1717195175554 22719.0 1
1717195183938 0.0 2
1717195192098 0.0 3
1717195200413 0.0 4
1717195208730 0.0 5
1717195217213 0.0 6
1717195225794 0.0 7
1717195233963 0.0 8
1717195242302 0.0 9
1717195250930 0.0 10
1717195259436 2359.0 11
1717195268192 3790.0 12
1717195276527 6177.0 13
1717195285099 4395.0 14
1717195293313 4871.0 15
1717195301745 5622.0 16
1717195310160 6.0 17
1717195318539 0.0 18
1717195326866 742.0 19
1717195335406 3502.0 20
1717195343929 6202.0 21
1717195352376 9356.0 22
1717195360887 12710.0 23
1717195369412 13502.0 24
1717195377790 12461.0 25
1717195386266 11543.0 26
1717195394679 12538.0 27
1717195403302 13075.0 28
1717195411924 12256.0 29
1717195420333 12551.0 30
1717195428725 12752.0 31
1717195437253 12967.0 32
1717195445807 12361.0 33
1717195454709 5343.0 34
1717195463115 5970.0 35
1717195471741 7197.0 36
1717195480393 6246.0 37
1717195488974 10051.0 38
1717195497535 11019.0 39
1717195506107 11670.0 40
1717195514579 11685.0 41
1717195522980 12356.0 42
1717195531427 11935.0 43
1717195540124 12238.0 44
1717195548491 12350.0 45
1717195557050 12066.0 46
1717195565556 11426.0 47
1717195574262 12381.0 48
1717195582836 12668.0 49
1717195591283 12911.0 50
1717195599918 11826.0 51
1717195608407 8259.0 52
1717195616975 11320.0 53
1717195625484 12090.0 54
1717195634071 12869.0 55
1717195642275 12330.0 56
1717195650833 13635.0 57
1717195659524 12730.0 58
1717195668090 13319.0 59
1717195676704 13309.0 60
1717195685012 12421.0 61
1717195693640 3854.0 62
1717195701911 3131.0 63
1717195710247 8521.0 64
1717195718745 10172.0 65
1717195727297 11394.0 66
1717195735579 11960.0 67
1717195744102 11614.0 68
1717195752611 11580.0 69
1717195761132 11908.0 70
1717195769703 12342.0 71
1717195778098 12076.0 72
1717195786629 12211.0 73
1717195795136 12770.0 74
1717195803672 12200.0 75
1717195812040 12765.0 76
1717195820584 12943.0 77
1717195829091 13194.0 78
1717195837531 12645.0 79
1717195845910 12799.0 80
1717195854586 12926.0 81
1717195863211 12985.0 82
1717195871687 4593.0 83
1717195880252 5460.0 84
1717195888742 10727.0 85
1717195897433 9299.0 86
1717195905918 10193.0 87
1717195914531 10993.0 88
1717195922982 11430.0 89
1717195931457 11019.0 90
1717195939815 11819.0 91
1717195948519 11848.0 92
1717195956910 12470.0 93
1717195965340 12111.0 94
1717195973868 12681.0 95
1717195982132 12779.0 96
1717195990644 12741.0 97
1717195999048 12418.0 98
1717196007622 11181.0 99
