1717630510514 290954.0 1
1717630511405 290954.0 2
1717630512318 290954.0 3
1717630513314 290954.0 4
1717630514232 290954.0 5
1717630515187 290954.0 6
1717630516097 290954.0 7
1717630517122 290954.0 8
1717630518132 290954.0 9
1717630519128 290954.0 10
1717630520139 290954.0 11
1717630521124 290954.0 12
1717630522195 290954.0 13
1717630523252 290954.0 14
1717630524299 290954.0 15
1717630525320 290954.0 16
1717630526317 290954.0 17
1717630527370 290954.0 18
1717630528452 290954.0 19
1717630529464 290954.0 20
1717630530462 290954.0 21
1717630531472 290954.0 22
1717630532514 290954.0 23
1717630533514 290954.0 24
1717630534526 290954.0 25
1717630535501 290954.0 26
1717630536487 290954.0 27
1717630537459 290954.0 28
1717630538398 290954.0 29
1717630539312 290954.0 30
1717630540233 290954.0 31
1717630541167 290954.0 32
1717630542103 290954.0 33
1717630543010 290954.0 34
1717630543947 290954.0 35
1717630544913 290954.0 36
1717630545923 290954.0 37
1717630546916 290954.0 38
1717630547893 290954.0 39
1717630548864 290954.0 40
1717630549793 290954.0 41
1717630550698 290954.0 42
1717630551625 290954.0 43
1717630552546 290954.0 44
1717630553427 290954.0 45
1717630554383 290954.0 46
1717630555314 290954.0 47
1717630556235 290954.0 48
1717630557126 290954.0 49
1717630558041 290954.0 50
1717630558934 290954.0 51
1717630559867 290954.0 52
1717630560750 290954.0 53
1717630561631 290954.0 54
1717630562547 290954.0 55
1717630563452 290954.0 56
1717630564346 290954.0 57
1717630565307 290954.0 58
1717630566271 290954.0 59
1717630567229 290954.0 60
1717630568209 290954.0 61
1717630569193 290954.0 62
1717630570184 290954.0 63
1717630571159 290954.0 64
1717630572109 290954.0 65
1717630573016 290954.0 66
1717630573961 290954.0 67
1717630574868 290954.0 68
1717630575816 290954.0 69
1717630576805 290954.0 70
1717630577795 290954.0 71
1717630578772 290954.0 72
1717630579755 290954.0 73
1717630580774 290954.0 74
1717630581845 290954.0 75
