1717630510514 0.8790881901925913 1
1717630511405 0.8604736179616056 2
1717630512318 0.862869898725968 3
1717630513314 0.8634916399670723 4
1717630514232 0.8657297798536133 5
1717630515187 0.8690563385244044 6
1717630516097 0.873692913137618 7
1717630517122 0.8777724666017727 8
1717630518132 0.8832774496764344 9
1717630519128 0.8873018175796944 10
1717630520139 0.8922601169023855 11
1717630521124 0.897667755952383 12
1717630522195 0.8996403436676508 13
1717630523252 0.902774701963434 14
1717630524299 0.9055924103608542 15
1717630525320 0.9069536561327681 16
1717630526317 0.9101483596148714 17
1717630527370 0.9113134103590966 18
1717630528452 0.9120011078834083 19
1717630529464 0.9128204299952956 20
1717630530462 0.9136300171506923 21
1717630531472 0.9139067682779844 22
1717630532514 0.9139875409677359 23
1717630533514 0.9156271090370857 24
1717630534526 0.9157656158543261 25
1717630535501 0.9166097554967505 26
1717630536487 0.9169827505547107 27
1717630537459 0.9174743349473717 28
1717630538398 0.9181354463404081 29
1717630539312 0.9190902586635578 30
1717630540233 0.9193211251343665 31
1717630541167 0.919827660876378 32
1717630542103 0.920165199800289 33
1717630543010 0.9204178795494956 34
1717630543947 0.9211016194918812 35
1717630544913 0.9209103858619551 36
1717630545923 0.9211703155803465 37
1717630546916 0.9212355068658548 38
1717630547893 0.9220225816829966 39
1717630548864 0.9222122983974987 40
1717630549793 0.9228310830498068 41
1717630550698 0.9229147637820572 42
1717630551625 0.9233617191764049 43
1717630552546 0.9237566065865573 44
1717630553427 0.9239153166215164 45
1717630554383 0.924425560033093 46
1717630555314 0.9244473412716444 47
1717630556235 0.9248464689952777 48
1717630557126 0.9248088571349895 49
1717630558041 0.9247707896289673 50
1717630558934 0.9251353043107696 51
1717630559867 0.9253903402032265 52
1717630560750 0.9259152676505332 53
1717630561631 0.9257812941245506 54
1717630562547 0.9259560470892403 55
1717630563452 0.9258247333957718 56
1717630564346 0.9261315223532247 57
1717630565307 0.9264565828051216 58
1717630566271 0.9269114445438232 59
1717630567229 0.9271059609511719 60
1717630568209 0.9270962722686444 61
1717630569193 0.9268945092652573 62
1717630570184 0.927467335193473 63
1717630571159 0.9275303292086599 64
1717630572109 0.9277156081151254 65
1717630573016 0.9278266544591267 66
1717630573961 0.9280583955503995 67
1717630574868 0.9282239244454501 68
1717630575816 0.928354819040337 69
1717630576805 0.9285537220820506 70
1717630577795 0.9287404680885006 71
1717630578772 0.9287308492787895 72
1717630579755 0.9288639435681899 73
1717630580774 0.929148494046995 74
1717630581845 0.9292087664992021 75
