1717630510514 0.9593220387597357 1
1717630511405 0.9828901160984113 2
1717630512318 0.9855158866958811 3
1717630513314 0.9864283398428169 4
1717630514232 0.9869968899618993 5
1717630515187 0.9876271759267017 6
1717630516097 0.9879466701879056 7
1717630517122 0.988059461290294 8
1717630518132 0.9878682940751636 9
1717630519128 0.9881231198921984 10
1717630520139 0.9881766458928912 11
1717630521124 0.9882226400287029 12
1717630522195 0.9885260567794736 13
1717630523252 0.9886434071379805 14
1717630524299 0.9890097291500185 15
1717630525320 0.9889656160454763 16
1717630526317 0.9892167301168834 17
1717630527370 0.9892611119365811 18
1717630528452 0.9890430386021618 19
1717630529464 0.9890433730279928 20
1717630530462 0.9890349269500771 21
1717630531472 0.9888224941757743 22
1717630532514 0.9890836985710656 23
1717630533514 0.9890606402162221 24
1717630534526 0.9891534460691351 25
1717630535501 0.989148860541684 26
1717630536487 0.9893127023601733 27
1717630537459 0.9892945941552121 28
1717630538398 0.9893639843346947 29
1717630539312 0.9894359490913092 30
1717630540233 0.9894998344776192 31
1717630541167 0.9894148721527627 32
1717630542103 0.9895221295304074 33
1717630543010 0.9895771278820461 34
1717630543947 0.9897780587123943 35
1717630544913 0.9897738230226211 36
1717630545923 0.9897554226204589 37
1717630546916 0.9897701723235812 38
1717630547893 0.989880489015371 39
1717630548864 0.9900100065616264 40
1717630549793 0.9900403082867508 41
1717630550698 0.9900965837231868 42
1717630551625 0.9900972494280975 43
1717630552546 0.9902694723748845 44
1717630553427 0.9902436885238727 45
1717630554383 0.99026208845795 46
1717630555314 0.9902993912748949 47
1717630556235 0.9903441376989683 48
1717630557126 0.9904175397365312 49
1717630558041 0.9903658936751791 50
1717630558934 0.9904915354333822 51
1717630559867 0.9906651141773289 52
1717630560750 0.9906558906846062 53
1717630561631 0.9907219424769894 54
1717630562547 0.9907552746712694 55
1717630563452 0.9907779282047836 56
1717630564346 0.9908570676838373 57
1717630565307 0.9909015337576064 58
1717630566271 0.9907063316509104 59
1717630567229 0.9908340774805815 60
1717630568209 0.9909247670250695 61
1717630569193 0.9909851970588037 62
1717630570184 0.9909564342292498 63
1717630571159 0.9909840719465918 64
1717630572109 0.9909906606253513 65
1717630573016 0.9910207091135413 66
1717630573961 0.9910924028562759 67
1717630574868 0.9911553600985429 68
1717630575816 0.9911635249335251 69
1717630576805 0.9912323325879353 70
1717630577795 0.9912260375202772 71
1717630578772 0.9911620912047057 72
1717630579755 0.9912166507179095 73
1717630580774 0.9912013554586456 74
1717630581845 0.9912708481451354 75
