1717174574411 0.6266061768484028 1
1717174580289 0.6885914905768864 2
1717174586364 0.7262919942429825 3
1717174592266 0.7528959013573138 4
1717174598331 0.751729899728122 5
1717174604742 0.7574799465182539 6
1717174611280 0.7629021099868962 7
1717174617572 0.7574692364722196 8
1717174623518 0.7609898934525825 9
1717174629383 0.7591510938189471 10
1717174636180 0.7511743043441621 11
1717174642065 0.751442537545466 12
1717174648130 0.7523040897067147 13
1717174654157 0.7542394228470144 14
1717174660971 0.7501495044948593 15
1717174666883 0.7513094376578914 16
1717174672732 0.751232278086961 17
1717174678449 0.747847941570786 18
1717174684364 0.7524703181898045 19
1717174690203 0.7524854209554558 20
1717174696283 0.7498377382503273 21
1717174702217 0.7552028473861438 22
1717174708208 0.7517061328188529 23
1717174714391 0.7524998773779249 24
1717174720815 0.7529236418199966 25
1717174727305 0.7591800283156228 26
1717174733289 0.7565367189984111 27
1717174739701 0.7594003363785347 28
1717174745838 0.7586258901420081 29
1717174752081 0.7665418406321018 30
1717174758318 0.7675472498492962 31
1717174764454 0.7708129932094204 32
1717174771236 0.7731072246185025 33
1717174777534 0.7730694574868373 34
1717174784247 0.7854323503562101 35
1717174792068 0.7852881832923285 36
1717174799292 0.7911073547295572 37
1717174805757 0.7968027171872837 38
1717174812210 0.8008281699398412 39
1717174818877 0.8020261683471045 40
1717174825438 0.8003173250741051 41
1717174832161 0.8011483366804092 42
1717174839131 0.802347633163594 43
1717174846076 0.8039980810090918 44
1717174853249 0.7967030928155993 45
1717174861223 0.7999587062354206 46
1717174868074 0.8206461218963862 47
1717174874678 0.8207579280003061 48
1717174881763 0.8225809452118762 49
1717174889483 0.8288061280441119 50
1717174896141 0.8358928933879299 51
1717174903303 0.8429468588516463 52
1717174910062 0.8510646627747788 53
1717174916747 0.8602726951963034 54
1717174923699 0.8571505311772082 55
1717174930373 0.8599738528829317 56
1717174936893 0.8586654958007147 57
1717174944925 0.8536067654376732 58
1717174952050 0.8548700135956897 59
1717174958659 0.8572184244783877 60
1717174965270 0.8551292778500389 61
1717174972004 0.8614685546070318 62
1717174979546 0.8622895651648183 63
1717174986237 0.8653815468995856 64
1717174992953 0.8632452610945784 65
1717175000457 0.8671021608067729 66
1717175007297 0.8677778419867983 67
1717175014332 0.8688536106446924 68
1717175021699 0.868972595408241 69
1717175029496 0.8701067937944161 70
1717175038366 0.8704729564479112 71
1717175045679 0.8740092251031049 72
1717175052696 0.873528598713626 73
1717175059214 0.8729143755732403 74
1717175066161 0.8698623061448993 75
1717175073195 0.8762648229623209 76
1717175080204 0.8762487248375362 77
1717175087473 0.8801843927799018 78
1717175096502 0.8782076643927134 79
1717175103376 0.8726938701463974 80
1717175110231 0.876775597706293 81
1717175117332 0.8763032440556655 82
1717175124542 0.879393297202764 83
1717175132242 0.8820332544353147 84
1717175139508 0.8848263737867438 85
1717175146890 0.8865615129922921 86
1717175154227 0.8874195235987834 87
1717175161173 0.8839721154723001 88
1717175168168 0.8839717673927076 89
1717175175542 0.8873899818953757 90
1717175182258 0.8893857547081764 91
1717175190022 0.8936835686303187 92
1717175197099 0.8946099819641432 93
1717175204270 0.8916400745360986 94
1717175212160 0.8991544325528644 95
1717175221752 0.8988317765393902 96
1717175228928 0.9027608477967832 97
1717175236022 0.9035315230934836 98
1717175243058 0.9043284187687285 99
