1715018945442 21510.0 1
1715018945843 23665.0 2
1715018946252 23645.0 3
1715018946697 23573.0 4
1715018947114 23521.0 5
1715018947511 23450.0 6
1715018947915 23422.0 7
1715018948313 23407.0 8
1715018948715 23381.0 9
1715018949131 23377.0 10
1715018949551 23347.0 11
1715018949968 23330.0 12
1715018950406 23311.0 13
1715018950867 23305.0 14
1715018951344 23290.0 15
1715018951954 23291.0 16
1715018952452 23257.0 17
1715018952864 23232.0 18
1715018953298 23198.0 19
1715018953756 23171.0 20
1715018954199 23139.0 21
1715018954623 23125.0 22
1715018955062 23113.0 23
1715018955503 23100.0 24
1715018955922 23082.0 25
1715018956361 23111.0 26
1715018956805 23057.0 27
1715018957232 23080.0 28
1715018957921 23065.0 29
1715018958402 23041.0 30
1715018958838 23009.0 31
1715018959304 23061.0 32
1715018959871 23014.0 33
1715018960503 23021.0 34
1715018960943 22959.0 35
1715018961374 22995.0 36
1715018961785 22953.0 37
1715018962190 22946.0 38
1715018962606 22865.0 39
1715018963077 22939.0 40
1715018963560 22827.0 41
1715018964066 22946.0 42
1715018964485 22786.0 43
1715018964915 22898.0 44
1715018965354 22795.0 45
1715018965763 22867.0 46
1715018966172 22781.0 47
1715018966575 22844.0 48
1715018966985 22749.0 49
1715018967412 22825.0 50
1715018967834 22756.0 51
1715018968314 22812.0 52
1715018968726 22756.0 53
1715018969141 22787.0 54
1715018969552 22734.0 55
1715018969954 22721.0 56
1715018970437 22673.0 57
1715018970867 22692.0 58
1715018971291 22645.0 59
1715018971695 22683.0 60
1715018972117 22671.0 61
1715018972555 22603.0 62
1715018972959 22634.0 63
1715018973385 22598.0 64
1715018973793 22657.0 65
1715018974297 22654.0 66
1715018974869 22591.0 67
1715018975422 22550.0 68
1715018975832 22596.0 69
1715018976265 22570.0 70
1715018976738 22669.0 71
1715018977146 22615.0 72
1715018977635 22615.0 73
1715018978112 22530.0 74
1715018978519 22603.0 75
1715018978932 22530.0 76
1715018979460 22516.0 77
1715018979877 22556.0 78
1715018980410 22543.0 79
1715018980819 22504.0 80
1715018981228 22522.0 81
1715018981680 22505.0 82
1715018982094 22493.0 83
1715018982499 22455.0 84
1715018983048 22436.0 85
1715018983512 22477.0 86
1715018983930 22414.0 87
1715018984356 22561.0 88
1715018984767 22437.0 89
1715018985217 22457.0 90
1715018985631 22442.0 91
1715018986072 22465.0 92
1715018986494 22374.0 93
1715018986930 22455.0 94
1715018987390 22354.0 95
1715018987794 22475.0 96
1715018988194 22363.0 97
1715018988591 22416.0 98
1715018988984 22386.0 99
