1715018945442 0.21921075880527496 1
1715018945843 0.17990030348300934 2
1715018946252 0.2385321855545044 3
1715018946697 0.27738097310066223 4
1715018947114 0.30696266889572144 5
1715018947511 0.3382592499256134 6
1715018947915 0.35863324999809265 7
1715018948313 0.37225618958473206 8
1715018948715 0.3867482542991638 9
1715018949131 0.39460036158561707 10
1715018949551 0.3993426561355591 11
1715018949968 0.4117964804172516 12
1715018950406 0.42036470770835876 13
1715018950867 0.43096238374710083 14
1715018951344 0.43178805708885193 15
1715018951954 0.4375223219394684 16
1715018952452 0.4523475170135498 17
1715018952864 0.4606190323829651 18
1715018953298 0.47055110335350037 19
1715018953756 0.4745457172393799 20
1715018954199 0.48594367504119873 21
1715018954623 0.4849989712238312 22
1715018955062 0.48822543025016785 23
1715018955503 0.5010924339294434 24
1715018955922 0.503890335559845 25
1715018956361 0.517738938331604 26
1715018956805 0.528296709060669 27
1715018957232 0.5273025631904602 28
1715018957921 0.5149663090705872 29
1715018958402 0.527457058429718 30
1715018958838 0.5377244353294373 31
1715018959304 0.5483392477035522 32
1715018959871 0.5504034161567688 33
1715018960503 0.5478678941726685 34
1715018960943 0.5697182416915894 35
1715018961374 0.5742870569229126 36
1715018961785 0.5729094743728638 37
1715018962190 0.5815114378929138 38
1715018962606 0.6019624471664429 39
1715018963077 0.5835534334182739 40
1715018963560 0.6167714595794678 41
1715018964066 0.5859907865524292 42
1715018964485 0.6210002899169922 43
1715018964915 0.6068519353866577 44
1715018965354 0.6232581734657288 45
1715018965763 0.6166768074035645 46
1715018966172 0.6301911473274231 47
1715018966575 0.6210700869560242 48
1715018966985 0.6418288946151733 49
1715018967412 0.6320080757141113 50
1715018967834 0.6396197080612183 51
1715018968314 0.6273607015609741 52
1715018968726 0.6426109075546265 53
1715018969141 0.6391965746879578 54
1715018969552 0.6435683369636536 55
1715018969954 0.6607851386070251 56
1715018970437 0.657554566860199 57
1715018970867 0.6631572246551514 58
1715018971291 0.6670816540718079 59
1715018971695 0.6598964333534241 60
1715018972117 0.6529249548912048 61
1715018972555 0.6625258326530457 62
1715018972959 0.6748376488685608 63
1715018973385 0.6527700424194336 64
1715018973793 0.6675731539726257 65
1715018974297 0.6662565469741821 66
1715018974869 0.6969898343086243 67
1715018975422 0.6946945786476135 68
1715018975832 0.6828060150146484 69
1715018976265 0.6908772587776184 70
1715018976738 0.6805877089500427 71
1715018977146 0.7007003426551819 72
1715018977635 0.6916612386703491 73
1715018978112 0.713744044303894 74
1715018978519 0.7094495296478271 75
1715018978932 0.718316912651062 76
1715018979460 0.7246183753013611 77
1715018979877 0.7196810841560364 78
1715018980410 0.7171316742897034 79
1715018980819 0.7089542746543884 80
1715018981228 0.714297354221344 81
1715018981680 0.7304416298866272 82
1715018982094 0.7265183925628662 83
1715018982499 0.7398797273635864 84
1715018983048 0.7552757263183594 85
1715018983512 0.7180390954017639 86
1715018983930 0.7320500612258911 87
1715018984356 0.7133063673973083 88
1715018984767 0.7046467065811157 89
1715018985217 0.7420375943183899 90
1715018985631 0.7428576946258545 91
1715018986072 0.7481062412261963 92
1715018986494 0.7605258822441101 93
1715018986930 0.759310245513916 94
1715018987390 0.7595524787902832 95
1715018987794 0.7555924654006958 96
1715018988194 0.7681190371513367 97
1715018988591 0.7683624029159546 98
1715018988984 0.7630171775817871 99
