1715018945442 0.31333086215609246 1
1715018945843 0.5581590570994944 2
1715018946252 0.6475270760500754 3
1715018946697 0.6588587686425597 4
1715018947114 0.6826394252972077 5
1715018947511 0.7001753995063194 6
1715018947915 0.7110156155606987 7
1715018948313 0.7170031012070868 8
1715018948715 0.705435151958129 9
1715018949131 0.71589576984078 10
1715018949551 0.7073303421443091 11
1715018949968 0.7192929076886694 12
1715018950406 0.7173915970046976 13
1715018950867 0.720141217202479 14
1715018951344 0.7122462668622185 15
1715018951954 0.7188002898919847 16
1715018952452 0.7213751428410654 17
1715018952864 0.7203193306656159 18
1715018953298 0.7193186743485761 19
1715018953756 0.7135192692894151 20
1715018954199 0.7155917860022416 21
1715018954623 0.710068142486638 22
1715018955062 0.7107775333093177 23
1715018955503 0.7218934833382672 24
1715018955922 0.722343631094371 25
1715018956361 0.7352559729061838 26
1715018956805 0.7335489948258661 27
1715018957232 0.7320107720467328 28
1715018957921 0.7189127676602137 29
1715018958402 0.7208886200043688 30
1715018958838 0.7197196903428912 31
1715018959304 0.7457645265504729 32
1715018959871 0.7352386729692856 33
1715018960503 0.7329992264928586 34
1715018960943 0.7415873730154595 35
1715018961374 0.7570456438099634 36
1715018961785 0.7448310774218451 37
1715018962190 0.7528109289620746 38
1715018962606 0.7546026532077255 39
1715018963077 0.7486052550225777 40
1715018963560 0.761556700462037 41
1715018964066 0.7577713130859136 42
1715018964485 0.7543148023594358 43
1715018964915 0.7691606101209215 44
1715018965354 0.761335672114149 45
1715018965763 0.7736070183235424 46
1715018966172 0.7659488113360551 47
1715018966575 0.7722716057077729 48
1715018966985 0.7705965176509234 49
1715018967412 0.7825889303989768 50
1715018967834 0.7662384922414469 51
1715018968314 0.7751492361417379 52
1715018968726 0.7742436890245505 53
1715018969141 0.7772106175331079 54
1715018969552 0.7694006246608759 55
1715018969954 0.78376624139736 56
1715018970437 0.7707252027025783 57
1715018970867 0.783108669201133 58
1715018971291 0.7774725720792085 59
1715018971695 0.7869168290321029 60
1715018972117 0.7636315029199656 61
1715018972555 0.7673943434416554 62
1715018972959 0.7843926822423771 63
1715018973385 0.7641529679047504 64
1715018973793 0.7729889546779382 65
1715018974297 0.8006060650678478 66
1715018974869 0.7941612510969723 67
1715018975422 0.784318526424495 68
1715018975832 0.7814249166414573 69
1715018976265 0.7902576821933774 70
1715018976738 0.7934004555816445 71
1715018977146 0.802800017238335 72
1715018977635 0.7913470185879603 73
1715018978112 0.7985612948650079 74
1715018978519 0.8099428612376836 75
1715018978932 0.8034096009182471 76
1715018979460 0.8085059357567834 77
1715018979877 0.8095238465833476 78
1715018980410 0.8068376455874702 79
1715018980819 0.794553325178974 80
1715018981228 0.8030632590597563 81
1715018981680 0.8176181945300989 82
1715018982094 0.8094429407747813 83
1715018982499 0.8121416862870916 84
1715018983048 0.8253233884327978 85
1715018983512 0.8027635274841882 86
1715018983930 0.8029716992890362 87
1715018984356 0.8044083400416326 88
1715018984767 0.779043391680944 89
1715018985217 0.8163875608386738 90
1715018985631 0.813120641052496 91
1715018986072 0.8244681045010156 92
1715018986494 0.8216235247142537 93
1715018986930 0.8333825656978288 94
1715018987390 0.8190799219151418 95
1715018987794 0.8309838288441372 96
1715018988194 0.8274935608277361 97
1715018988591 0.832035492750863 98
1715018988984 0.8322078131151869 99
