1715018945442 2139.0 1
1715018945843 2139.0 2
1715018946252 2139.0 3
1715018946697 2139.0 4
1715018947114 2139.0 5
1715018947511 2139.0 6
1715018947915 2139.0 7
1715018948313 2139.0 8
1715018948715 2139.0 9
1715018949131 2139.0 10
1715018949551 2139.0 11
1715018949968 2139.0 12
1715018950406 2139.0 13
1715018950867 2139.0 14
1715018951344 2139.0 15
1715018951954 2139.0 16
1715018952452 2139.0 17
1715018952864 2139.0 18
1715018953298 2139.0 19
1715018953756 2139.0 20
1715018954199 2139.0 21
1715018954623 2139.0 22
1715018955062 2139.0 23
1715018955503 2139.0 24
1715018955922 2139.0 25
1715018956361 2139.0 26
1715018956805 2139.0 27
1715018957232 2139.0 28
1715018957921 2139.0 29
1715018958402 2139.0 30
1715018958838 2139.0 31
1715018959304 2139.0 32
1715018959871 2139.0 33
1715018960503 2139.0 34
1715018960943 2139.0 35
1715018961374 2139.0 36
1715018961785 2139.0 37
1715018962190 2139.0 38
1715018962606 2139.0 39
1715018963077 2139.0 40
1715018963560 2139.0 41
1715018964066 2139.0 42
1715018964485 2139.0 43
1715018964915 2139.0 44
1715018965354 2139.0 45
1715018965763 2139.0 46
1715018966172 2139.0 47
1715018966575 2139.0 48
1715018966985 2139.0 49
1715018967412 2139.0 50
1715018967834 2139.0 51
1715018968314 2139.0 52
1715018968726 2139.0 53
1715018969141 2139.0 54
1715018969552 2139.0 55
1715018969954 2139.0 56
1715018970437 2139.0 57
1715018970867 2139.0 58
1715018971291 2139.0 59
1715018971695 2139.0 60
1715018972117 2139.0 61
1715018972555 2139.0 62
1715018972959 2139.0 63
1715018973385 2139.0 64
1715018973793 2139.0 65
1715018974297 2139.0 66
1715018974869 2139.0 67
1715018975422 2139.0 68
1715018975832 2139.0 69
1715018976265 2139.0 70
1715018976738 2139.0 71
1715018977146 2139.0 72
1715018977635 2139.0 73
1715018978112 2139.0 74
1715018978519 2139.0 75
1715018978932 2139.0 76
1715018979460 2139.0 77
1715018979877 2139.0 78
1715018980410 2139.0 79
1715018980819 2139.0 80
1715018981228 2139.0 81
1715018981680 2139.0 82
1715018982094 2139.0 83
1715018982499 2139.0 84
1715018983048 2139.0 85
1715018983512 2139.0 86
1715018983930 2139.0 87
1715018984356 2139.0 88
1715018984767 2139.0 89
1715018985217 2139.0 90
1715018985631 2139.0 91
1715018986072 2139.0 92
1715018986494 2139.0 93
1715018986930 2139.0 94
1715018987390 2139.0 95
1715018987794 2139.0 96
1715018988194 2139.0 97
1715018988591 2139.0 98
1715018988984 2139.0 99
