1717223683343 0.10303296893835068 1
1717223684550 0.18346771597862244 2
1717223685818 0.18948552012443542 3
1717223687047 0.21072545647621155 4
1717223688333 0.22092890739440918 5
1717223689595 0.22967037558555603 6
1717223690843 0.2369118481874466 7
1717223692127 0.24421456456184387 8
1717223693411 0.2470582276582718 9
1717223694719 0.2503013610839844 10
1717223696004 0.2532721161842346 11
1717223697237 0.2593483030796051 12
1717223698503 0.2674323320388794 13
1717223699765 0.2753463387489319 14
1717223701026 0.2827754318714142 15
1717223702270 0.2861591577529907 16
1717223703489 0.28589144349098206 17
1717223704709 0.2881971299648285 18
1717223705917 0.2909782826900482 19
1717223707225 0.2964234948158264 20
1717223708518 0.30088716745376587 21
1717223709816 0.3050679564476013 22
1717223711053 0.3095635771751404 23
1717223712320 0.31574445962905884 24
1717223713611 0.31851282715797424 25
1717223714871 0.3191460371017456 26
1717223716161 0.3209676444530487 27
1717223717486 0.32222744822502136 28
1717223718756 0.32417017221450806 29
1717223720040 0.32485249638557434 30
1717223721242 0.3270142376422882 31
1717223722540 0.3265421986579895 32
1717223723797 0.3304939866065979 33
1717223724977 0.3312891721725464 34
1717223726261 0.33329740166664124 35
1717223727537 0.3329395353794098 36
1717223728775 0.3338856101036072 37
1717223730051 0.3368392884731293 38
1717223731335 0.3355603814125061 39
1717223732602 0.3391279876232147 40
1717223733880 0.337497353553772 41
1717223735121 0.3429579734802246 42
1717223736323 0.3403664827346802 43
1717223737542 0.3434448838233948 44
1717223738760 0.3472013473510742 45
1717223740002 0.3404528498649597 46
1717223741287 0.34210771322250366 47
1717223742553 0.3500167727470398 48
1717223743815 0.3436150550842285 49
1717223745088 0.35033512115478516 50
1717223746299 0.34954914450645447 51
1717223747577 0.35319769382476807 52
1717223748831 0.34873220324516296 53
1717223750095 0.35391634702682495 54
1717223751304 0.35228249430656433 55
1717223752585 0.35209381580352783 56
1717223753799 0.3570634722709656 57
1717223755034 0.3567177355289459 58
1717223756290 0.3627634644508362 59
1717223757514 0.3513640761375427 60
1717223758776 0.3633476495742798 61
1717223760081 0.36476781964302063 62
1717223761333 0.3653010129928589 63
1717223762606 0.3659713864326477 64
1717223763840 0.35874322056770325 65
1717223765090 0.3731444776058197 66
1717223766386 0.37276527285575867 67
1717223767693 0.3610021471977234 68
1717223768946 0.37107178568840027 69
1717223770224 0.373214453458786 70
1717223771483 0.374144583940506 71
1717223772776 0.3669397830963135 72
1717223773993 0.378012090921402 73
1717223775281 0.38081228733062744 74
1717223776580 0.3772051930427551 75
1717223777847 0.37014955282211304 76
1717223779146 0.3763924539089203 77
1717223780462 0.3791453540325165 78
1717223781728 0.3783770799636841 79
1717223782976 0.3809306025505066 80
1717223784213 0.3858899474143982 81
1717223785481 0.3775166869163513 82
1717223786749 0.3755215108394623 83
1717223788036 0.3814452290534973 84
1717223789312 0.3818357288837433 85
1717223790571 0.379584938287735 86
1717223791866 0.3889768719673157 87
1717223793167 0.3833795189857483 88
1717223794426 0.3835892677307129 89
1717223795711 0.3848875164985657 90
1717223796972 0.3856697678565979 91
1717223798197 0.37635499238967896 92
1717223799388 0.3915708363056183 93
1717223800675 0.3886656165122986 94
1717223801911 0.3883344233036041 95
1717223803193 0.389388769865036 96
1717223804452 0.3878859281539917 97
1717223805726 0.3834953308105469 98
1717223806973 0.3906143307685852 99
