1717223683343 293979.0 1
1717223684550 190845.0 2
1717223685818 196207.0 3
1717223687047 215485.0 4
1717223688333 229852.0 5
1717223689595 240230.0 6
1717223690843 245423.0 7
1717223692127 251480.0 8
1717223693411 252936.0 9
1717223694719 254543.0 10
1717223696004 255796.0 11
1717223697237 255560.0 12
1717223698503 253709.0 13
1717223699765 253116.0 14
1717223701026 251676.0 15
1717223702270 249778.0 16
1717223703489 247081.0 17
1717223704709 245150.0 18
1717223705917 242682.0 19
1717223707225 241661.0 20
1717223708518 240454.0 21
1717223709816 240331.0 22
1717223711053 240690.0 23
1717223712320 242170.0 24
1717223713611 242440.0 25
1717223714871 242727.0 26
1717223716161 243332.0 27
1717223717486 243810.0 28
1717223718756 244375.0 29
1717223720040 244749.0 30
1717223721242 245152.0 31
1717223722540 245252.0 32
1717223723797 246283.0 33
1717223724977 246268.0 34
1717223726261 247277.0 35
1717223727537 247032.0 36
1717223728775 247715.0 37
1717223730051 248343.0 38
1717223731335 248773.0 39
1717223732602 249325.0 40
1717223733880 249195.0 41
1717223735121 251083.0 42
1717223736323 250126.0 43
1717223737542 251264.0 44
1717223738760 251964.0 45
1717223740002 249765.0 46
1717223741287 250766.0 47
1717223742553 253036.0 48
1717223743815 250973.0 49
1717223745088 253085.0 50
1717223746299 252989.0 51
1717223747577 253921.0 52
1717223748831 252118.0 53
1717223750095 254757.0 54
1717223751304 253135.0 55
1717223752585 254104.0 56
1717223753799 255284.0 57
1717223755034 254416.0 58
1717223756290 257375.0 59
1717223757514 254199.0 60
1717223758776 256898.0 61
1717223760081 256711.0 62
1717223761333 256854.0 63
1717223762606 257344.0 64
1717223763840 255918.0 65
1717223765090 259522.0 66
1717223766386 259550.0 67
1717223767693 255936.0 68
1717223768946 258435.0 69
1717223770224 259355.0 70
1717223771483 259341.0 71
1717223772776 257277.0 72
1717223773993 260925.0 73
1717223775281 261501.0 74
1717223776580 260503.0 75
1717223777847 258359.0 76
1717223779146 260316.0 77
1717223780462 260609.0 78
1717223781728 260828.0 79
1717223782976 261663.0 80
1717223784213 262948.0 81
1717223785481 260273.0 82
1717223786749 259763.0 83
1717223788036 261452.0 84
1717223789312 261734.0 85
1717223790571 260758.0 86
1717223791866 263597.0 87
1717223793167 261997.0 88
1717223794426 262078.0 89
1717223795711 262318.0 90
1717223796972 262718.0 91
1717223798197 260233.0 92
1717223799388 264246.0 93
1717223800675 263634.0 94
1717223801911 263224.0 95
1717223803193 263763.0 96
1717223804452 263478.0 97
1717223805726 261920.0 98
1717223806973 264023.0 99
