1717223683343 0.9520555433386312 1
1717223684550 0.9711397575562133 2
1717223685818 0.9717093985174122 3
1717223687047 0.9728289645908765 4
1717223688333 0.971371744723627 5
1717223689595 0.9714711190943734 6
1717223690843 0.9714113797295362 7
1717223692127 0.9708442529319367 8
1717223693411 0.9709756709456293 9
1717223694719 0.971118620836917 10
1717223696004 0.971317492090899 11
1717223697237 0.9729794476646765 12
1717223698503 0.97594953965462 13
1717223699765 0.9780490194590474 14
1717223701026 0.9804602558982843 15
1717223702270 0.9821787033665579 16
1717223703489 0.9835601491430529 17
1717223704709 0.9849995096270515 18
1717223705917 0.9871439093566121 19
1717223707225 0.9893989225111364 20
1717223708518 0.9909492025558722 21
1717223709816 0.9921189490301577 22
1717223711053 0.9930688694357436 23
1717223712320 0.9936565948024182 24
1717223713611 0.9942612929588706 25
1717223714871 0.994501999389564 26
1717223716161 0.9946138460338843 27
1717223717486 0.994665929662158 28
1717223718756 0.9947802146288742 29
1717223720040 0.9947796842898373 30
1717223721242 0.99487586397857 31
1717223722540 0.9949135555422565 32
1717223723797 0.9952632604411571 33
1717223724977 0.9953175286317559 34
1717223726261 0.9953228403833055 35
1717223727537 0.9954501592556186 36
1717223728775 0.9954260617049574 37
1717223730051 0.995408611593569 38
1717223731335 0.9951047287685532 39
1717223732602 0.9955817026917668 40
1717223733880 0.9951931807948459 41
1717223735121 0.9958115719970548 42
1717223736323 0.9952080926215103 43
1717223737542 0.9954655506636698 44
1717223738760 0.9961638601413728 45
1717223740002 0.9952472057551516 46
1717223741287 0.9949364506508516 47
1717223742553 0.9962188767689447 48
1717223743815 0.9951254121098284 49
1717223745088 0.9959779888703361 50
1717223746299 0.9957926830822981 51
1717223747577 0.996424707649745 52
1717223748831 0.9952090857128539 53
1717223750095 0.9963604356153916 54
1717223751304 0.9959034474228871 55
1717223752585 0.9958214926534044 56
1717223753799 0.9960412878552599 57
1717223755034 0.9962770485740308 58
1717223756290 0.9963045594748989 59
1717223757514 0.9957050678446953 60
1717223758776 0.9964945374139283 61
1717223760081 0.9967099937274962 62
1717223761333 0.9966209553291525 63
1717223762606 0.9967032959837283 64
1717223763840 0.9958078348170766 65
1717223765090 0.9970333435973163 66
1717223766386 0.9970420485468952 67
1717223767693 0.9964168198065273 68
1717223768946 0.9968015297242001 69
1717223770224 0.9970774047444596 70
1717223771483 0.997048510365525 71
1717223772776 0.9965856787788712 72
1717223773993 0.9969763647385005 73
1717223775281 0.9973616515133162 74
1717223776580 0.997250489503265 75
1717223777847 0.9966615779157901 76
1717223779146 0.9971414391615643 77
1717223780462 0.9972072360700711 78
1717223781728 0.9972118122316738 79
1717223782976 0.9971908013533719 80
1717223784213 0.9975522765209203 81
1717223785481 0.997166858904879 82
1717223786749 0.9971190597618556 83
1717223788036 0.9974191302420576 84
1717223789312 0.997348903135315 85
1717223790571 0.9973491092294899 86
1717223791866 0.9978291296404886 87
1717223793167 0.9974496546140934 88
1717223794426 0.9974265909261397 89
1717223795711 0.9975286864806577 90
1717223796972 0.9975680985033497 91
1717223798197 0.9970675006928506 92
1717223799388 0.9978365669404923 93
1717223800675 0.9976810194377496 94
1717223801911 0.9977201556287995 95
1717223803193 0.9976810817388817 96
1717223804452 0.9975944243429529 97
1717223805726 0.9975610564406205 98
1717223806973 0.9976843070256832 99
