1717223683343 0.06966280153110785 1
1717223684550 0.10464204259063428 2
1717223685818 0.10875530925691215 3
1717223687047 0.12348522216136845 4
1717223688333 0.1316357247134659 5
1717223689595 0.13788958117526745 6
1717223690843 0.14370238502181032 7
1717223692127 0.15051825342340464 8
1717223693411 0.15270090570951203 9
1717223694719 0.15523347750277283 10
1717223696004 0.15761087394886789 11
1717223697237 0.16105020602366765 12
1717223698503 0.1655171842179294 13
1717223699765 0.17036887869512402 14
1717223701026 0.17437575025449217 15
1717223702270 0.1757676767940906 16
1717223703489 0.1744298962596115 17
1717223704709 0.17516494007233346 18
1717223705917 0.1760612048618922 19
1717223707225 0.1789725744435136 20
1717223708518 0.18167562815655355 21
1717223709816 0.18418714481082274 22
1717223711053 0.18704093721005427 23
1717223712320 0.19118935992225922 24
1717223713611 0.1928882402765929 25
1717223714871 0.19322534626895232 26
1717223716161 0.19450236094328516 27
1717223717486 0.19537527017700898 28
1717223718756 0.19670837327788512 29
1717223720040 0.19725292401824945 30
1717223721242 0.19874599903450013 31
1717223722540 0.19852992948550616 32
1717223723797 0.20111224522555265 33
1717223724977 0.20168353122945465 34
1717223726261 0.20317276537118745 35
1717223727537 0.20267997604775392 36
1717223728775 0.20360843970341075 37
1717223730051 0.20561446550711873 38
1717223731335 0.20507473601560453 39
1717223732602 0.20729362012141409 40
1717223733880 0.20635738024206848 41
1717223735121 0.20990029271255226 42
1717223736323 0.20839511979387532 43
1717223737542 0.210134111828085 44
1717223738760 0.21255440499688616 45
1717223740002 0.20869115569505797 46
1717223741287 0.21001935969705263 47
1717223742553 0.21482266965326252 48
1717223743815 0.21099186066291473 49
1717223745088 0.2150109842766009 50
1717223746299 0.21451704535355365 51
1717223747577 0.21695430691895884 52
1717223748831 0.21511307898719972 53
1717223750095 0.2177273006086123 54
1717223751304 0.21706865348612384 55
1717223752585 0.21717393582690483 56
1717223753799 0.22053495070996684 57
1717223755034 0.21995794327907564 58
1717223756290 0.22462895699273586 59
1717223757514 0.2166165208308526 60
1717223758776 0.22494406597563987 61
1717223760081 0.22604413726209657 62
1717223761333 0.22650079535669185 63
1717223762606 0.22696296619963024 64
1717223763840 0.22182302049848618 65
1717223765090 0.2317903004734317 66
1717223766386 0.23181862328856884 67
1717223767693 0.22314188229266768 68
1717223768946 0.23060610058649794 69
1717223770224 0.23192517657784567 70
1717223771483 0.23291893965646607 71
1717223772776 0.2281662438431539 72
1717223773993 0.23579112158490506 73
1717223775281 0.2376927341859695 74
1717223776580 0.23486636508630704 75
1717223777847 0.22995622724328618 76
1717223779146 0.23417690236848218 77
1717223780462 0.23681884630709682 78
1717223781728 0.2360619959638049 79
1717223782976 0.23781383133230422 80
1717223784213 0.24134163647342505 81
1717223785481 0.2354201853885325 82
1717223786749 0.23363005218899527 83
1717223788036 0.23802571109198847 84
1717223789312 0.23870063561213545 85
1717223790571 0.2368515001244645 86
1717223791866 0.24352647777583644 87
1717223793167 0.23963504153994034 88
1717223794426 0.23969258165630372 89
1717223795711 0.24055971488822275 90
1717223796972 0.2413104288000814 91
1717223798197 0.23485050556576875 92
1717223799388 0.24552017378321772 93
1717223800675 0.24342713028307977 94
1717223801911 0.24321985295117593 95
1717223803193 0.24404662022052465 96
1717223804452 0.24304554456913458 97
1717223805726 0.23957056493555912 98
1717223806973 0.24476567936625715 99
