1717223683343 0.10303297965132267 1
1717223684550 0.18346772065723643 2
1717223685818 0.18948551514826245 3
1717223687047 0.21072544066786478 4
1717223688333 0.22092890162071083 5
1717223689595 0.22967038999008232 6
1717223690843 0.23691181874982678 7
1717223692127 0.24421454220012945 8
1717223693411 0.24705823643343722 9
1717223694719 0.2503013701085131 10
1717223696004 0.2532721218471551 11
1717223697237 0.25934829526062786 12
1717223698503 0.2674323387794775 13
1717223699765 0.2753463692320872 14
1717223701026 0.2827754275400715 15
1717223702270 0.2861591717458757 16
1717223703489 0.2858914552756896 17
1717223704709 0.2881971394001964 18
1717223705917 0.29097827316510105 19
1717223707225 0.29642348922101236 20
1717223708518 0.3008871976070509 21
1717223709816 0.3050679317402741 22
1717223711053 0.30956357653110383 23
1717223712320 0.3157444519752761 24
1717223713611 0.31851281692209804 25
1717223714871 0.3191460540636185 26
1717223716161 0.3209676476291696 27
1717223717486 0.3222274817633316 28
1717223718756 0.3241701849488511 29
1717223720040 0.3248525055267414 30
1717223721242 0.32701422645938266 31
1717223722540 0.32654218540345675 32
1717223723797 0.3304939983661582 33
1717223724977 0.3312891625301585 34
1717223726261 0.33329740004683533 35
1717223727537 0.3329395566469556 36
1717223728775 0.33388561221967483 37
1717223730051 0.33683928200876645 38
1717223731335 0.3355603681142088 39
1717223732602 0.3391280035205509 40
1717223733880 0.33749739657796585 41
1717223735121 0.3429579469879511 42
1717223736323 0.3403664584191512 43
1717223737542 0.3434448692340627 44
1717223738760 0.347201358009376 45
1717223740002 0.34045284665772346 46
1717223741287 0.342107720758433 47
1717223742553 0.3500167523311809 48
1717223743815 0.34361509359387366 49
1717223745088 0.3503351019196008 50
1717223746299 0.3495491600881611 51
1717223747577 0.35319772016023926 52
1717223748831 0.3487321822255393 53
1717223750095 0.35391631954399794 54
1717223751304 0.35228249011015933 55
1717223752585 0.35209381727617634 56
1717223753799 0.3570634804641285 57
1717223755034 0.35671771285621584 58
1717223756290 0.3627634739747119 59
1717223757514 0.3513641054397785 60
1717223758776 0.3633476286851277 61
1717223760081 0.36476779878266463 62
1717223761333 0.3653010395983502 63
1717223762606 0.36597138932333995 64
1717223763840 0.35874322436974165 65
1717223765090 0.37314447262613326 66
1717223766386 0.3727652645559948 67
1717223767693 0.36100216857793643 68
1717223768946 0.3710717817339593 69
1717223770224 0.37321446147632553 70
1717223771483 0.37414458535711076 71
1717223772776 0.3669397991126914 72
1717223773993 0.3780121085159544 73
1717223775281 0.38081226344643176 74
1717223776580 0.3772051775478626 75
1717223777847 0.3701495954691138 76
1717223779146 0.37639249126852403 77
1717223780462 0.3791453587202579 78
1717223781728 0.3783770834002187 79
1717223782976 0.38093060144565893 80
1717223784213 0.3858899532912314 81
1717223785481 0.3775166782298937 82
1717223786749 0.375521521293111 83
1717223788036 0.3814452220659169 84
1717223789312 0.38183572000673854 85
1717223790571 0.3795849671087697 86
1717223791866 0.38897686036195295 87
1717223793167 0.38337947871283085 88
1717223794426 0.38358925850866765 89
1717223795711 0.3848875185895793 90
1717223796972 0.3856697632905349 91
1717223798197 0.37635497270868873 92
1717223799388 0.391570829955843 93
1717223800675 0.38866561279528666 94
1717223801911 0.3883344090838606 95
1717223803193 0.38938880259170283 96
1717223804452 0.3878859569544374 97
1717223805726 0.38349532909004125 98
1717223806973 0.39061431798830404 99
