1716912680795 0.02149813249707222 1
1716912683126 0.0030979663133621216 2
1716912685403 0.022988053038716316 3
1716912687829 0.08001658320426941 4
1716912690239 0.16587324440479279 5
1716912692447 0.23957473039627075 6
1716912694626 0.2733154594898224 7
1716912696817 0.2982182502746582 8
1716912698997 0.32161256670951843 9
1716912701297 0.32975444197654724 10
1716912703584 0.37733063101768494 11
1716912705867 0.400801420211792 12
1716912708110 0.4235634505748749 13
1716912710349 0.4262275695800781 14
1716912712504 0.4379716217517853 15
1716912714750 0.45545724034309387 16
1716912717001 0.46477457880973816 17
1716912719300 0.4739396572113037 18
1716912721550 0.4795318841934204 19
1716912723864 0.48780256509780884 20
1716912726138 0.4847441613674164 21
1716912728343 0.5055950284004211 22
1716912730570 0.5090062022209167 23
1716912732790 0.526196300983429 24
1716912734996 0.534373939037323 25
1716912737205 0.5399264097213745 26
1716912739447 0.5432857871055603 27
1716912741661 0.5454673171043396 28
1716912743906 0.5516304969787598 29
1716912746153 0.5606476068496704 30
1716912748430 0.5656306743621826 31
1716912750667 0.5693433880805969 32
1716912752886 0.5680438876152039 33
1716912755115 0.5723955631256104 34
1716912757345 0.571601390838623 35
1716912759561 0.5757892727851868 36
1716912761779 0.5779008269309998 37
1716912764014 0.580345869064331 38
1716912766309 0.5763114094734192 39
1716912768579 0.5802425146102905 40
1716912770829 0.5812398195266724 41
1716912773192 0.5899838805198669 42
1716912775422 0.5876144766807556 43
1716912777683 0.5820646286010742 44
1716912779994 0.5862328410148621 45
1716912782222 0.5844218134880066 46
1716912784532 0.5895791053771973 47
1716912786820 0.5860799551010132 48
1716912789052 0.5910474061965942 49
1716912791291 0.5932494401931763 50
1716912793538 0.5917317271232605 51
1716912795792 0.5907651782035828 52
1716912798025 0.5927778482437134 53
1716912800267 0.559990406036377 54
1716912802513 0.5947510600090027 55
1716912804760 0.5954873561859131 56
1716912806982 0.5958380699157715 57
1716912809277 0.59966641664505 58
1716912811577 0.5954882502555847 59
1716912813865 0.5951345562934875 60
1716912816162 0.5971169471740723 61
1716912818411 0.5982980728149414 62
1716912820632 0.5983961820602417 63
1716912822882 0.6014554500579834 64
1716912825138 0.595719575881958 65
1716912827440 0.5979776382446289 66
1716912829708 0.6010651588439941 67
1716912831997 0.6010876893997192 68
1716912834255 0.6007959246635437 69
1716912836515 0.5928823351860046 70
1716912838871 0.6048986315727234 71
1716912841140 0.602952778339386 72
1716912843423 0.6017438769340515 73
1716912845668 0.6003994941711426 74
1716912847987 0.6046557426452637 75
1716912850244 0.6027398705482483 76
1716912852530 0.6081460118293762 77
1716912854840 0.602472722530365 78
1716912857120 0.6067519783973694 79
1716912859403 0.6074005961418152 80
1716912861687 0.6025862693786621 81
1716912863967 0.6071767210960388 82
1716912866245 0.6075106859207153 83
1716912868526 0.5926080942153931 84
1716912871029 0.6102699637413025 85
1716912873749 0.6147497892379761 86
1716912876003 0.6115293502807617 87
1716912878292 0.6129791140556335 88
1716912880557 0.6161648035049438 89
1716912882910 0.612809419631958 90
1716912885182 0.6133341789245605 91
1716912887452 0.6154341697692871 92
1716912889738 0.6162618398666382 93
1716912892005 0.6124322414398193 94
1716912894287 0.6138753294944763 95
1716912896617 0.6116501688957214 96
1716912898960 0.6202487945556641 97
1716912901275 0.6219629049301147 98
1716912903574 0.620795488357544 99
