1716912680795 0.021498130401405 1
1716912683126 0.0030979664547292327 2
1716912685403 0.022988050669721562 3
1716912687829 0.08001658386855177 4
1716912690239 0.16587324555857777 5
1716912692447 0.2395747273879858 6
1716912694626 0.27331548863686667 7
1716912696817 0.29821828369911263 8
1716912698997 0.32161252096016996 9
1716912701297 0.32975443073768124 10
1716912703584 0.37733062437653647 11
1716912705867 0.40080140176312 12
1716912708110 0.42356348142397415 13
1716912710349 0.42622752202775926 14
1716912712504 0.43797162562706626 15
1716912714750 0.45545725537736487 16
1716912717001 0.46477455666917394 17
1716912719300 0.4739396051458259 18
1716912721550 0.4795318669790493 19
1716912723864 0.48780251806077785 20
1716912726138 0.48474420354744774 21
1716912728343 0.505595022368392 22
1716912730570 0.5090061975767576 23
1716912732790 0.5261962513515546 24
1716912734996 0.5343739594266798 25
1716912737205 0.5399264143046413 26
1716912739447 0.5432857681498089 27
1716912741661 0.5454672680446347 28
1716912743906 0.551630522118908 29
1716912746153 0.5606476174984317 30
1716912748430 0.5656306998011419 31
1716912750667 0.5693433658055098 32
1716912752886 0.568043860317338 33
1716912755115 0.572395563753657 34
1716912757345 0.5716013741311406 35
1716912759561 0.5757893069968042 36
1716912761779 0.5779008627641685 37
1716912764014 0.5803458250531365 38
1716912766309 0.5763114713946237 39
1716912768579 0.5802425375428705 40
1716912770829 0.5812398240612678 41
1716912773192 0.5899838693456814 42
1716912775422 0.5876144561033328 43
1716912777683 0.582064579697821 44
1716912779994 0.5862328317007186 45
1716912782222 0.5844218395117469 46
1716912784532 0.5895791309016337 47
1716912786820 0.5860799119199303 48
1716912789052 0.5910473625621439 49
1716912791291 0.5932494069163323 50
1716912793538 0.5917316522826394 51
1716912795792 0.5907651658459382 52
1716912798025 0.5927778243066141 53
1716912800267 0.5599904762761718 54
1716912802513 0.594751083678284 55
1716912804760 0.5954873497124334 56
1716912806982 0.5958381229158602 57
1716912809277 0.599666422979665 58
1716912811577 0.595488320281433 59
1716912813865 0.5951345890808409 60
1716912816162 0.5971168964585472 61
1716912818411 0.5982981270696252 62
1716912820632 0.598396179941545 63
1716912822882 0.6014553791723684 64
1716912825138 0.5957196047259687 65
1716912827440 0.5979776340486284 66
1716912829708 0.6010652195457994 67
1716912831997 0.6010876582624729 68
1716912834255 0.6007959565788706 69
1716912836515 0.5928823513726 70
1716912838871 0.6048986071592343 71
1716912841140 0.6029527708434926 72
1716912843423 0.6017438875521675 73
1716912845668 0.6003994674416608 74
1716912847987 0.6046557475172117 75
1716912850244 0.6027398599653196 76
1716912852530 0.608146038360833 77
1716912854840 0.6024726874851254 78
1716912857120 0.6067519700882371 79
1716912859403 0.6074005931088179 80
1716912861687 0.6025862677508577 81
1716912863967 0.6071767542273144 82
1716912866245 0.6075106827466541 83
1716912868526 0.592608073592801 84
1716912871029 0.6102699281775865 85
1716912873749 0.6147498393257669 86
1716912876003 0.6115292964955045 87
1716912878292 0.6129790438188691 88
1716912880557 0.6161647930582123 89
1716912882910 0.6128094223555487 90
1716912885182 0.6133341613723933 91
1716912887452 0.6154341074385877 92
1716912889738 0.6162618223123285 93
1716912892005 0.612432211286623 94
1716912894287 0.6138753204217807 95
1716912896617 0.6116502191618574 96
1716912898960 0.6202487670858893 97
1716912901275 0.6219628455826701 98
1716912903574 0.6207954621230037 99
