1716912680795 0.9390005896090374 1
1716912683126 0.938507020987779 2
1716912685403 0.9390748575856657 3
1716912687829 0.9407871411205735 4
1716912690239 0.9437462875790285 5
1716912692447 0.9465338032596406 6
1716912694626 0.9480199814944112 7
1716912696817 0.9490832952905436 8
1716912698997 0.9500773102244408 9
1716912701297 0.9505849982007188 10
1716912703584 0.9526527477671902 11
1716912705867 0.9538262216426056 12
1716912708110 0.9549804278610485 13
1716912710349 0.9551528854239203 14
1716912712504 0.9558845729803621 15
1716912714750 0.9567389465568512 16
1716912717001 0.9572924106974753 17
1716912719300 0.9578204928652604 18
1716912721550 0.9581746465680759 19
1716912723864 0.9586842950515319 20
1716912726138 0.9584187220207527 21
1716912728343 0.9596889945258787 22
1716912730570 0.9599987835707997 23
1716912732790 0.960867004606491 24
1716912734996 0.9614785433577006 25
1716912737205 0.9618604822661948 26
1716912739447 0.9619851362373281 27
1716912741661 0.9622024679366905 28
1716912743906 0.962641747127542 29
1716912746153 0.9630989480465949 30
1716912748430 0.9635168749061735 31
1716912750667 0.9638189349080784 32
1716912752886 0.9635904970290265 33
1716912755115 0.9638973322287415 34
1716912757345 0.9639366376024389 35
1716912759561 0.9641627261091954 36
1716912761779 0.964439118007296 37
1716912764014 0.964492071229696 38
1716912766309 0.9644005276613413 39
1716912768579 0.9645261844024077 40
1716912770829 0.9645576462804106 41
1716912773192 0.9651651392899078 42
1716912775422 0.9651064449418625 43
1716912777683 0.9646563685508113 44
1716912779994 0.9649606790391683 45
1716912782222 0.9646739830071106 46
1716912784532 0.9650792036111507 47
1716912786820 0.9648616697061385 48
1716912789052 0.9651902902362828 49
1716912791291 0.9653009611755937 50
1716912793538 0.965239224478144 51
1716912795792 0.9650893215124938 52
1716912798025 0.9652516182827767 53
1716912800267 0.9636046574955146 54
1716912802513 0.9653953200166514 55
1716912804760 0.9653726208365341 56
1716912806982 0.9654833465695214 57
1716912809277 0.9657234064806226 58
1716912811577 0.9654638522247712 59
1716912813865 0.9655539866238847 60
1716912816162 0.9654567102977121 61
1716912818411 0.9656970776401598 62
1716912820632 0.9657185375855334 63
1716912822882 0.9658188768110596 64
1716912825138 0.9654990497241611 65
1716912827440 0.9655654668311718 66
1716912829708 0.9657743615685518 67
1716912831997 0.9658332694474887 68
1716912834255 0.965899814872742 69
1716912836515 0.9653282065083232 70
1716912838871 0.9661465872107101 71
1716912841140 0.9659788438917764 72
1716912843423 0.9659838259594996 73
1716912845668 0.965915844698126 74
1716912847987 0.9661166592234719 75
1716912850244 0.9660212637192597 76
1716912852530 0.9662907905336414 77
1716912854840 0.9659958942991158 78
1716912857120 0.9663833402401658 79
1716912859403 0.9663616490726445 80
1716912861687 0.966091793194064 81
1716912863967 0.9663942247195382 82
1716912866245 0.9663933830145396 83
1716912868526 0.9655884978181559 84
1716912871029 0.9666955299514155 85
1716912873749 0.9670031345564872 86
1716912876003 0.9669147193896118 87
1716912878292 0.9669169821533342 88
1716912880557 0.9672439993086628 89
1716912882910 0.9670295138119566 90
1716912885182 0.967115320097689 91
1716912887452 0.9672351781084224 92
1716912889738 0.9673423655877592 93
1716912892005 0.967113642573555 94
1716912894287 0.9671672857164588 95
1716912896617 0.9670432548378971 96
1716912898960 0.967596233653876 97
1716912901275 0.9677936301675141 98
1716912903574 0.9676926863050918 99
