1717258167177 43518.0 1
1717258167921 30820.0 2
1717258168647 26669.0 3
1717258169381 25378.0 4
1717258170128 24139.0 5
1717258170870 22897.0 6
1717258171585 22212.0 7
1717258172314 22473.0 8
1717258173051 22792.0 9
1717258173767 23035.0 10
1717258174482 23214.0 11
1717258175262 23261.0 12
1717258176070 23310.0 13
1717258176780 23390.0 14
1717258177480 23465.0 15
1717258178202 23503.0 16
1717258178929 23528.0 17
1717258179639 23652.0 18
1717258180382 23722.0 19
1717258181103 23793.0 20
1717258181824 23834.0 21
1717258182547 23896.0 22
1717258183265 23917.0 23
1717258183994 23962.0 24
1717258184739 24022.0 25
1717258185475 24115.0 26
1717258186273 24236.0 27
1717258187008 24287.0 28
1717258187738 24412.0 29
1717258188468 24496.0 30
1717258189178 24569.0 31
1717258189932 24586.0 32
1717258190681 24683.0 33
1717258191407 24728.0 34
1717258192154 24784.0 35
1717258192999 24872.0 36
1717258193896 24961.0 37
1717258194632 25032.0 38
1717258195420 25108.0 39
1717258196150 25189.0 40
1717258196930 25263.0 41
1717258197662 25327.0 42
1717258198371 25401.0 43
1717258199082 25462.0 44
1717258199798 25529.0 45
1717258200540 25584.0 46
1717258201260 25649.0 47
1717258201976 25682.0 48
1717258202685 25751.0 49
1717258203397 25810.0 50
1717258204105 25847.0 51
1717258204830 25881.0 52
1717258205564 25925.0 53
1717258206276 25969.0 54
1717258206992 26011.0 55
1717258207703 26029.0 56
1717258208415 26075.0 57
1717258209126 26098.0 58
1717258209849 26136.0 59
1717258210587 26152.0 60
1717258211295 26176.0 61
1717258212021 26214.0 62
1717258212736 26235.0 63
1717258213439 26250.0 64
1717258214156 26265.0 65
1717258214885 26261.0 66
1717258215620 26297.0 67
1717258216332 26340.0 68
1717258217120 26390.0 69
1717258217842 26405.0 70
1717258218557 26442.0 71
1717258219278 26466.0 72
1717258219990 26505.0 73
1717258220736 26543.0 74
1717258221472 26556.0 75
1717258222204 26593.0 76
1717258222917 26622.0 77
1717258223630 26671.0 78
1717258224342 26693.0 79
1717258225072 26709.0 80
1717258225802 26774.0 81
1717258226541 26825.0 82
1717258227282 26888.0 83
1717258228016 26933.0 84
1717258228734 26974.0 85
1717258229447 27015.0 86
1717258230172 27045.0 87
1717258230889 27074.0 88
1717258231615 27080.0 89
1717258232336 27094.0 90
1717258233045 27087.0 91
1717258233774 27116.0 92
1717258234497 27142.0 93
1717258235228 27166.0 94
1717258235958 27166.0 95
1717258236721 27203.0 96
1717258237459 27209.0 97
1717258238215 27212.0 98
1717258238937 27234.0 99
