1717086470752 0.6422465125725443 1
1717086474622 0.6019270817133823 2
1717086478559 0.6571222068011628 3
1717086482579 0.6097605518094592 4
1717086486668 0.5788604063085576 5
1717086491041 0.6517398319549703 6
1717086495136 0.6535039807134909 7
1717086499057 0.6578490749224877 8
1717086502992 0.6195070221129235 9
1717086506968 0.6534057897590456 10
1717086511235 0.684205888665322 11
1717086515277 0.6811866496157549 12
1717086519187 0.6704143827725361 13
1717086523195 0.6896262101191755 14
1717086527076 0.7009358584953849 15
1717086531051 0.6887741467205395 16
1717086534977 0.6776908237672131 17
1717086538969 0.6933903159278094 18
1717086542906 0.6954943680561265 19
1717086546804 0.6684758921355403 20
1717086550745 0.6543868785279263 21
1717086554890 0.667134452879493 22
1717086559012 0.6541092626786409 23
1717086562940 0.6510053240775738 24
1717086566902 0.6538798796287449 25
1717086570823 0.6621080423478557 26
1717086574770 0.6612024694260705 27
1717086578669 0.6642831403632324 28
1717086582597 0.6561583839036967 29
1717086586511 0.6574214221724468 30
1717086590465 0.6582367155871917 31
1717086594634 0.6689173562487828 32
1717086598593 0.6805267661529882 33
1717086602736 0.6635638444187267 34
1717086606701 0.68812338688094 35
1717086610612 0.6794488056448522 36
1717086614551 0.6806009308906376 37
1717086618472 0.6917547851415731 38
1717086622494 0.6718389419909587 39
1717086626462 0.6724512798622511 40
1717086630405 0.6861927347347431 41
1717086634315 0.694382894119409 42
1717086638219 0.6901495065837804 43
1717086642157 0.705564191791512 44
1717086646096 0.7147730920321557 45
1717086650004 0.7098614601662329 46
1717086653967 0.7139480412043568 47
1717086657925 0.7115087286530785 48
1717086661887 0.7205792023609675 49
1717086665837 0.7150792781126037 50
1717086669779 0.721003919629824 51
1717086673709 0.7121818907042763 52
1717086677676 0.7118563084476182 53
1717086681569 0.7031601659317193 54
1717086685565 0.7121523034576068 55
1717086689645 0.6976905778299523 56
1717086694202 0.7184627361975399 57
1717086698268 0.7057795830291725 58
1717086702238 0.7242606657272213 59
1717086706282 0.7013980047216118 60
1717086710240 0.7137351969404571 61
1717086714248 0.7146350225121232 62
1717086718227 0.7083709066621661 63
1717086722239 0.6975881018273166 64
1717086726176 0.698850360347748 65
1717086730115 0.7090355325016222 66
1717086734076 0.7006342701006646 67
1717086737988 0.7102345005900402 68
1717086741915 0.707960415108723 69
1717086745854 0.7122721804031058 70
1717086749778 0.7217211167857102 71
1717086753762 0.7085235199896825 72
1717086757700 0.7156442334934325 73
1717086761656 0.7221658070179985 74
1717086765590 0.715766278797391 75
1717086769566 0.7326908986550941 76
1717086773501 0.7244988997092385 77
1717086777467 0.7340607462167674 78
1717086781451 0.7305909483890994 79
1717086785367 0.724847467283228 80
1717086789369 0.72607885020377 81
1717086793314 0.7328142089348183 82
1717086797250 0.731760398895274 83
1717086801208 0.7223179629329941 84
1717086805178 0.7215430400328319 85
1717086809144 0.7250376186111 86
1717086813274 0.7135100960099202 87
1717086817237 0.7255290242906194 88
1717086821148 0.7239396380553507 89
1717086825143 0.7312502178325148 90
1717086829081 0.7345384339480181 91
1717086833066 0.7258104842151955 92
1717086837021 0.73089862420815 93
1717086841012 0.7307451117942562 94
1717086844952 0.728330507627904 95
1717086848893 0.731402121661353 96
1717086852857 0.7236000448184877 97
1717086856788 0.7357288793873127 98
1717086860744 0.7261282595410258 99
