1717086470752 0.27935837050312445 1
1717086474622 0.2876761776445972 2
1717086478559 0.27732226994688786 3
1717086482579 0.2890656327480489 4
1717086486668 0.2912074015275973 5
1717086491041 0.29293368136679593 6
1717086495136 0.28449688150080854 7
1717086499057 0.2891570072451088 8
1717086502992 0.3024562334246018 9
1717086506968 0.3004403660335559 10
1717086511235 0.30208302703402445 11
1717086515277 0.30969239419527295 12
1717086519187 0.33285672720342596 13
1717086523195 0.3317136606614997 14
1717086527076 0.33615689508261565 15
1717086531051 0.3473436747067028 16
1717086534977 0.3509306286921789 17
1717086538969 0.3523815003722026 18
1717086542906 0.3507872140801812 19
1717086546804 0.3568552091438357 20
1717086550745 0.35413372729807246 21
1717086554890 0.36513671957853316 22
1717086559012 0.36407629253759777 23
1717086562940 0.3714272440871455 24
1717086566902 0.37223449127508257 25
1717086570823 0.373833317632168 26
1717086574770 0.37454162769262683 27
1717086578669 0.37668027706034857 28
1717086582597 0.3780025089385569 29
1717086586511 0.3747116221341769 30
1717086590465 0.3767144939919534 31
1717086594634 0.38165929296713613 32
1717086598593 0.3808367911400409 33
1717086602736 0.3809925822210129 34
1717086606701 0.38542329995054553 35
1717086610612 0.3884475146366604 36
1717086614551 0.39090821275138404 37
1717086618472 0.3854229075332977 38
1717086622494 0.38812995809283574 39
1717086626462 0.38981221891170076 40
1717086630405 0.39692537162017616 41
1717086634315 0.3944089912200084 42
1717086638219 0.3936221506738903 43
1717086642157 0.3966833642706734 44
1717086646096 0.39963291600270506 45
1717086650004 0.39922889103784504 46
1717086653967 0.40488835074320806 47
1717086657925 0.4076393550702658 48
1717086661887 0.41157746669171746 49
1717086665837 0.4131472336764483 50
1717086669779 0.4147411819916351 51
1717086673709 0.41598265217291686 52
1717086677676 0.4212068154283624 53
1717086681569 0.4248240574816286 54
1717086685565 0.4241336323797414 55
1717086689645 0.42509593436122756 56
1717086694202 0.4278156336139915 57
1717086698268 0.4209148938235293 58
1717086702238 0.42051941941856974 59
1717086706282 0.4211313632786594 60
1717086710240 0.41698200570921146 61
1717086714248 0.4243517475931297 62
1717086718227 0.4256627827320982 63
1717086722239 0.42350430113612203 64
1717086726176 0.43164461322873254 65
1717086730115 0.433114320292841 66
1717086734076 0.4346397647540557 67
1717086737988 0.4370971306319444 68
1717086741915 0.4370890353397847 69
1717086745854 0.4401404697242872 70
1717086749778 0.4389791757644784 71
1717086753762 0.4386086778158162 72
1717086757700 0.4387000647121104 73
1717086761656 0.4430596788723971 74
1717086765590 0.44453473361837387 75
1717086769566 0.44747543167022596 76
1717086773501 0.4475040089500072 77
1717086777467 0.44918927544903436 78
1717086781451 0.44596096314773326 79
1717086785367 0.44353028291428576 80
1717086789369 0.4458233901248552 81
1717086793314 0.4475300288105893 82
1717086797250 0.4465365779578683 83
1717086801208 0.4466563254224993 84
1717086805178 0.4454193897936482 85
1717086809144 0.4464573848545919 86
1717086813274 0.4456968449311044 87
1717086817237 0.4501796020606613 88
1717086821148 0.4535364562535222 89
1717086825143 0.45384522445665804 90
1717086829081 0.44793527528377625 91
1717086833066 0.449741009308515 92
1717086837021 0.45299346978260235 93
1717086841012 0.44788160723871484 94
1717086844952 0.4436351098263163 95
1717086848893 0.4407216322939909 96
1717086852857 0.43609396163330544 97
1717086856788 0.4474400985430863 98
1717086860744 0.44612687085218733 99
