1717086470752 0.2793583571910858 1
1717086474622 0.2876761853694916 2
1717086478559 0.27732226252555847 3
1717086482579 0.2890656292438507 4
1717086486668 0.29120737314224243 5
1717086491041 0.2929336726665497 6
1717086495136 0.28449687361717224 7
1717086499057 0.2891570031642914 8
1717086502992 0.30245622992515564 9
1717086506968 0.30044037103652954 10
1717086511235 0.30208301544189453 11
1717086515277 0.3096923828125 12
1717086519187 0.332856684923172 13
1717086523195 0.3317136764526367 14
1717086527076 0.3361568748950958 15
1717086531051 0.34734371304512024 16
1717086534977 0.35093066096305847 17
1717086538969 0.35238149762153625 18
1717086542906 0.3507872223854065 19
1717086546804 0.35685521364212036 20
1717086550745 0.3541337251663208 21
1717086554890 0.36513665318489075 22
1717086559012 0.36407625675201416 23
1717086562940 0.3714272677898407 24
1717086566902 0.3722344934940338 25
1717086570823 0.3738332986831665 26
1717086574770 0.37454164028167725 27
1717086578669 0.37668025493621826 28
1717086582597 0.37800249457359314 29
1717086586511 0.3747115731239319 30
1717086590465 0.3767144978046417 31
1717086594634 0.38165929913520813 32
1717086598593 0.3808368146419525 33
1717086602736 0.3809925615787506 34
1717086606701 0.38542330265045166 35
1717086610612 0.38844749331474304 36
1717086614551 0.39090824127197266 37
1717086618472 0.38542285561561584 38
1717086622494 0.38812991976737976 39
1717086626462 0.38981226086616516 40
1717086630405 0.3969253599643707 41
1717086634315 0.39440906047821045 42
1717086638219 0.39362218976020813 43
1717086642157 0.39668336510658264 44
1717086646096 0.3996329605579376 45
1717086650004 0.39922890067100525 46
1717086653967 0.4048883318901062 47
1717086657925 0.40763938426971436 48
1717086661887 0.4115774929523468 49
1717086665837 0.4131472408771515 50
1717086669779 0.414741188287735 51
1717086673709 0.4159826338291168 52
1717086677676 0.42120686173439026 53
1717086681569 0.424824059009552 54
1717086685565 0.42413368821144104 55
1717086689645 0.42509594559669495 56
1717086694202 0.42781561613082886 57
1717086698268 0.4209148585796356 58
1717086702238 0.4205194115638733 59
1717086706282 0.4211314022541046 60
1717086710240 0.4169820249080658 61
1717086714248 0.4243517518043518 62
1717086718227 0.4256627857685089 63
1717086722239 0.4235042929649353 64
1717086726176 0.43164461851119995 65
1717086730115 0.43311432003974915 66
1717086734076 0.43463972210884094 67
1717086737988 0.43709713220596313 68
1717086741915 0.4370890259742737 69
1717086745854 0.4401405155658722 70
1717086749778 0.4389791786670685 71
1717086753762 0.43860870599746704 72
1717086757700 0.4387000799179077 73
1717086761656 0.44305965304374695 74
1717086765590 0.4445347487926483 75
1717086769566 0.4474754333496094 76
1717086773501 0.4475040137767792 77
1717086777467 0.4491892457008362 78
1717086781451 0.4459609389305115 79
1717086785367 0.44353026151657104 80
1717086789369 0.4458233714103699 81
1717086793314 0.44753000140190125 82
1717086797250 0.4465365707874298 83
1717086801208 0.44665631651878357 84
1717086805178 0.4454193711280823 85
1717086809144 0.4464573860168457 86
1717086813274 0.4456968605518341 87
1717086817237 0.4501795768737793 88
1717086821148 0.45353642106056213 89
1717086825143 0.4538452923297882 90
1717086829081 0.4479352533817291 91
1717086833066 0.4497409462928772 92
1717086837021 0.4529934525489807 93
1717086841012 0.44788163900375366 94
1717086844952 0.44363510608673096 95
1717086848893 0.4407216012477875 96
1717086852857 0.4360939860343933 97
1717086856788 0.4474400281906128 98
1717086860744 0.44612690806388855 99
