1717359384686 0.953784794187574 1
1717359395078 0.9628950167021296 2
1717359405342 0.9635376823124242 3
1717359415661 0.9653618134338284 4
1717359426203 0.9668224667186007 5
1717359437169 0.9675682375267598 6
1717359448070 0.9683210270213561 7
1717359457828 0.968850874504565 8
1717359467965 0.9689372580264728 9
1717359478198 0.9694360322690924 10
1717359488225 0.9695275518629046 11
1717359498113 0.9695105996160996 12
1717359508802 0.9697063845889662 13
1717359519030 0.969881807556022 14
1717359529661 0.9699099575131314 15
1717359540101 0.9700966619151097 16
1717359550737 0.9701051211810893 17
1717359561057 0.9700485384144485 18
1717359570976 0.970206101221672 19
1717359580772 0.970305853589876 20
1717359590402 0.9703271877459664 21
1717359600131 0.9703417444842976 22
1717359609755 0.9703267972743631 23
1717359619890 0.9705264052295044 24
1717359629858 0.9704172524644613 25
1717359639645 0.9704021498624437 26
1717359649895 0.9708561691904564 27
1717359659960 0.9706906719914826 28
1717359670151 0.9707590831416922 29
1717359680508 0.970756966060452 30
1717359691079 0.9708071403554476 31
1717359701688 0.9708255407791634 32
1717359712101 0.9708807462871059 33
1717359722174 0.9708123669695459 34
1717359732014 0.9707829134612601 35
1717359741627 0.9708389817766502 36
1717359751719 0.9709144846697492 37
1717359761105 0.9708016345160487 38
1717359770870 0.9708314136918418 39
1717359780818 0.9708914065564167 40
1717359790543 0.9709636770070563 41
1717359800403 0.9710018744189821 42
1717359810041 0.9709619795946295 43
1717359820708 0.9709572575589643 44
1717359830980 0.9709885021421829 45
1717359841104 0.971199296349468 46
1717359851646 0.971120636732473 47
1717359861901 0.9712626550035746 48
1717359871590 0.971193511053973 49
1717359881540 0.971186417922817 50
1717359891279 0.9713031972426999 51
1717359900971 0.9713408209432998 52
1717359910649 0.9713626402528445 53
1717359920427 0.9715433228401426 54
1717359930049 0.9713688359464524 55
1717359940487 0.9713947473642062 56
1717359951080 0.9715615629081108 57
1717359961225 0.9715177301852228 58
1717359971297 0.9716009995443895 59
1717359981409 0.9716909466293868 60
1717359991642 0.9717275721486417 61
1717360001676 0.9716792235758944 62
1717360011702 0.9718498289935779 63
1717360021282 0.971887111890293 64
1717360031160 0.9718193260086583 65
1717360040775 0.9719276786032959 66
1717360051173 0.9718658305106379 67
1717360061128 0.971944976310328 68
1717360071112 0.9720300052536592 69
1717360081368 0.9720585735385529 70
1717360091491 0.9721782438872834 71
1717360101555 0.9720150842459605 72
1717360111313 0.9719978208635478 73
1717360121628 0.9719622021720755 74
1717360131141 0.9720272634761625 75
1717360141101 0.9720905950907035 76
1717360150785 0.9720813111672004 77
1717360160309 0.9722566783104656 78
1717360169739 0.9721896136712507 79
1717360179326 0.9722582273907028 80
1717360188818 0.9721449175323554 81
1717360198303 0.972270802993722 82
1717360207954 0.9722315824948464 83
1717360217799 0.9722738062989118 84
1717360227554 0.9723582365578282 85
1717360237329 0.9724273797976898 86
1717360247023 0.9724003315752725 87
1717360256762 0.9723480049665505 88
1717360266651 0.9723657641110202 89
1717360276554 0.9724227914495174 90
1717360286462 0.9723847503571219 91
1717360296260 0.9724380137878381 92
1717360305987 0.972582362039417 93
1717360315679 0.9725122382098741 94
1717360325485 0.9725118845613062 95
1717360335457 0.9724496436104894 96
1717360345390 0.9726610874575001 97
1717360355344 0.9724641434924283 98
1717360365316 0.9726615782551872 99
