1717359384686 0.5568168733712053 1
1717359395078 0.6760065717271974 2
1717359405342 0.7131944105325035 3
1717359415661 0.7333244859802963 4
1717359426203 0.7467067149553025 5
1717359437169 0.7548116420335833 6
1717359448070 0.7604997579583014 7
1717359457828 0.7655097348674008 8
1717359467965 0.7686614486140508 9
1717359478198 0.7725059784131764 10
1717359488225 0.7743471834521544 11
1717359498113 0.776297178210091 12
1717359508802 0.7783689857999614 13
1717359519030 0.7805487738641206 14
1717359529661 0.7820258626702619 15
1717359540101 0.783854112898764 16
1717359550737 0.7850566008797503 17
1717359561057 0.786441534220119 18
1717359570976 0.7874470559642142 19
1717359580772 0.7891805477115525 20
1717359590402 0.7909800367185138 21
1717359600131 0.7916636924343461 22
1717359609755 0.7925686897543595 23
1717359619890 0.7940009387948813 24
1717359629858 0.7951415627252754 25
1717359639645 0.7952983607343013 26
1717359649895 0.7963518483310781 27
1717359659960 0.797898521083148 28
1717359670151 0.7983746847771876 29
1717359680508 0.7992527864241012 30
1717359691079 0.7999092059422854 31
1717359701688 0.8007940804063184 32
1717359712101 0.8015629545881697 33
1717359722174 0.8026008559698837 34
1717359732014 0.8025948266940909 35
1717359741627 0.8035850730365025 36
1717359751719 0.8045204097401631 37
1717359761105 0.8053145366767677 38
1717359770870 0.8059965003684255 39
1717359780818 0.8068611599520206 40
1717359790543 0.8073814645373686 41
1717359800403 0.8079661398768229 42
1717359810041 0.8086264834721151 43
1717359820708 0.8091768971971568 44
1717359830980 0.80954455460425 45
1717359841104 0.8107429150153472 46
1717359851646 0.811211337388488 47
1717359861901 0.811120201329828 48
1717359871590 0.8116909575250315 49
1717359881540 0.8118016026786068 50
1717359891279 0.8129617301962705 51
1717359900971 0.8133290780900454 52
1717359910649 0.8136541455184142 53
1717359920427 0.814148153938205 54
1717359930049 0.814010820499633 55
1717359940487 0.8144938343583831 56
1717359951080 0.8150902650321346 57
1717359961225 0.8155428017050877 58
1717359971297 0.8164163766069429 59
1717359981409 0.8169626898333089 60
1717359991642 0.8172744791068737 61
1717360001676 0.8173236724739695 62
1717360011702 0.8184966343300656 63
1717360021282 0.8188790100275801 64
1717360031160 0.8189003503577241 65
1717360040775 0.8198644196491467 66
1717360051173 0.8196184268988643 67
1717360061128 0.8202093856581609 68
1717360071112 0.8204428842932996 69
1717360081368 0.8209146685568367 70
1717360091491 0.821401301140036 71
1717360101555 0.8215878840204771 72
1717360111313 0.821535444556213 73
1717360121628 0.8218892207614888 74
1717360131141 0.822393268309094 75
1717360141101 0.8228234577510734 76
1717360150785 0.8226974546714596 77
1717360160309 0.8236156285508821 78
1717360169739 0.8232543048605316 79
1717360179326 0.8239351288044557 80
1717360188818 0.8238485631819984 81
1717360198303 0.8245962654835325 82
1717360207954 0.8240725238310085 83
1717360217799 0.8241439081290594 84
1717360227554 0.8248375474761394 85
1717360237329 0.8248133811784726 86
1717360247023 0.8249038135368241 87
1717360256762 0.8251128201925676 88
1717360266651 0.8254124086281271 89
1717360276554 0.8256036760910737 90
1717360286462 0.8258246575146203 91
1717360296260 0.8259648587754028 92
1717360305987 0.8270609468088396 93
1717360315679 0.8268114054358822 94
1717360325485 0.8267598793078409 95
1717360335457 0.8264617351334135 96
1717360345390 0.8276384555119406 97
1717360355344 0.8275752832591502 98
1717360365316 0.8280172565820728 99
