1717359384686 0.556816816329956 1
1717359395078 0.6760064959526062 2
1717359405342 0.7131944298744202 3
1717359415661 0.7333244681358337 4
1717359426203 0.7467067241668701 5
1717359437169 0.7548116445541382 6
1717359448070 0.7604997158050537 7
1717359457828 0.7655097246170044 8
1717359467965 0.7686614394187927 9
1717359478198 0.7725059390068054 10
1717359488225 0.7743472456932068 11
1717359498113 0.7762971520423889 12
1717359508802 0.7783690094947815 13
1717359519030 0.7805488109588623 14
1717359529661 0.7820258736610413 15
1717359540101 0.7838541269302368 16
1717359550737 0.7850566506385803 17
1717359561057 0.7864415645599365 18
1717359570976 0.7874470353126526 19
1717359580772 0.7891805768013 20
1717359590402 0.7909800410270691 21
1717359600131 0.7916637063026428 22
1717359609755 0.7925687432289124 23
1717359619890 0.7940009236335754 24
1717359629858 0.7951415777206421 25
1717359639645 0.7952983975410461 26
1717359649895 0.7963517904281616 27
1717359659960 0.797898530960083 28
1717359670151 0.7983747720718384 29
1717359680508 0.7992527484893799 30
1717359691079 0.7999091744422913 31
1717359701688 0.8007941246032715 32
1717359712101 0.8015629649162292 33
1717359722174 0.8026008605957031 34
1717359732014 0.8025948405265808 35
1717359741627 0.8035850524902344 36
1717359751719 0.8045204877853394 37
1717359761105 0.8053146004676819 38
1717359770870 0.8059965372085571 39
1717359780818 0.8068612217903137 40
1717359790543 0.8073814511299133 41
1717359800403 0.8079661726951599 42
1717359810041 0.8086265325546265 43
1717359820708 0.8091769218444824 44
1717359830980 0.809544563293457 45
1717359841104 0.8107429146766663 46
1717359851646 0.8112112879753113 47
1717359861901 0.8111202716827393 48
1717359871590 0.8116908669471741 49
1717359881540 0.8118016123771667 50
1717359891279 0.8129616975784302 51
1717359900971 0.8133290410041809 52
1717359910649 0.8136541247367859 53
1717359920427 0.8141482472419739 54
1717359930049 0.8140108585357666 55
1717359940487 0.8144938349723816 56
1717359951080 0.8150902986526489 57
1717359961225 0.8155427575111389 58
1717359971297 0.8164163827896118 59
1717359981409 0.816962718963623 60
1717359991642 0.8172745108604431 61
1717360001676 0.8173236846923828 62
1717360011702 0.8184966444969177 63
1717360021282 0.8188790678977966 64
1717360031160 0.8189004063606262 65
1717360040775 0.8198643922805786 66
1717360051173 0.8196184039115906 67
1717360061128 0.8202093839645386 68
1717360071112 0.8204428553581238 69
1717360081368 0.820914626121521 70
1717360091491 0.8214012384414673 71
1717360101555 0.821587860584259 72
1717360111313 0.8215354681015015 73
1717360121628 0.8218892216682434 74
1717360131141 0.8223932981491089 75
1717360141101 0.8228234648704529 76
1717360150785 0.8226974606513977 77
1717360160309 0.8236156105995178 78
1717360169739 0.8232542872428894 79
1717360179326 0.8239350914955139 80
1717360188818 0.8238485455513 81
1717360198303 0.8245962858200073 82
1717360207954 0.824072539806366 83
1717360217799 0.8241439461708069 84
1717360227554 0.8248375058174133 85
1717360237329 0.8248133659362793 86
1717360247023 0.8249038457870483 87
1717360256762 0.8251128792762756 88
1717360266651 0.8254124522209167 89
1717360276554 0.8256036639213562 90
1717360286462 0.8258247375488281 91
1717360296260 0.8259649276733398 92
1717360305987 0.827060878276825 93
1717360315679 0.8268113732337952 94
1717360325485 0.8267598152160645 95
1717360335457 0.8264617919921875 96
1717360345390 0.8276385068893433 97
1717360355344 0.8275752663612366 98
1717360365316 0.8280172944068909 99
