1717359384686 105069.0 1
1717359395078 116127.0 2
1717359405342 122646.0 3
1717359415661 124561.0 4
1717359426203 125611.0 5
1717359437169 126388.0 6
1717359448070 126695.0 7
1717359457828 127137.0 8
1717359467965 127686.0 9
1717359478198 127933.0 10
1717359488225 128197.0 11
1717359498113 128664.0 12
1717359508802 128914.0 13
1717359519030 129208.0 14
1717359529661 129480.0 15
1717359540101 129673.0 16
1717359550737 129914.0 17
1717359561057 130236.0 18
1717359570976 130306.0 19
1717359580772 130550.0 20
1717359590402 130931.0 21
1717359600131 131049.0 22
1717359609755 131243.0 23
1717359619890 131316.0 24
1717359629858 131745.0 25
1717359639645 131776.0 26
1717359649895 131518.0 27
1717359659960 131993.0 28
1717359670151 132021.0 29
1717359680508 132229.0 30
1717359691079 132304.0 31
1717359701688 132479.0 32
1717359712101 132593.0 33
1717359722174 132888.0 34
1717359732014 132906.0 35
1717359741627 133077.0 36
1717359751719 133198.0 37
1717359761105 133499.0 38
1717359770870 133611.0 39
1717359780818 133721.0 40
1717359790543 133761.0 41
1717359800403 133799.0 42
1717359810041 134010.0 43
1717359820708 134146.0 44
1717359830980 134179.0 45
1717359841104 134163.0 46
1717359851646 134377.0 47
1717359861901 134208.0 48
1717359871590 134412.0 49
1717359881540 134437.0 50
1717359891279 134557.0 51
1717359900971 134634.0 52
1717359910649 134644.0 53
1717359920427 134549.0 54
1717359930049 134735.0 55
1717359940487 134773.0 56
1717359951080 134702.0 57
1717359961225 134901.0 58
1717359971297 134976.0 59
1717359981409 134983.0 60
1717359991642 135015.0 61
1717360001676 135117.0 62
1717360011702 135127.0 63
1717360021282 135179.0 64
1717360031160 135277.0 65
1717360040775 135358.0 66
1717360051173 135358.0 67
1717360061128 135422.0 68
1717360071112 135320.0 69
1717360081368 135431.0 70
1717360091491 135379.0 71
1717360101555 135600.0 72
1717360111313 135668.0 73
1717360121628 135780.0 74
1717360131141 135838.0 75
1717360141101 135828.0 76
1717360150785 135828.0 77
1717360160309 135816.0 78
1717360169739 135849.0 79
1717360179326 135912.0 80
1717360188818 136071.0 81
1717360198303 136069.0 82
1717360207954 135940.0 83
1717360217799 135949.0 84
1717360227554 135985.0 85
1717360237329 135920.0 86
1717360247023 135974.0 87
1717360256762 136110.0 88
1717360266651 136120.0 89
1717360276554 136091.0 90
1717360286462 136200.0 91
1717360296260 136160.0 92
1717360305987 136251.0 93
1717360315679 136260.0 94
1717360325485 136315.0 95
1717360335457 136320.0 96
1717360345390 136338.0 97
1717360355344 136555.0 98
1717360365316 136377.0 99
