1717522085019 0.25647695849247604 1
1717522087324 0.25422507381575815 2
1717522089683 0.2224123979181619 3
1717522092062 0.1657706271677343 4
1717522094404 0.11455507415610017 5
1717522096766 0.12316220795006526 6
1717522099167 0.12219438363984864 7
1717522101524 0.09110617795676905 8
1717522103828 0.07984085991193572 9
1717522106193 0.06320540172696472 10
1717522108580 0.06576502480261483 11
1717522110918 0.05955119490949653 12
1717522113270 0.0469456796368021 13
1717522115623 0.06055143019115939 14
1717522117945 0.07710972725804567 15
1717522120310 0.07354348587520153 16
1717522122665 0.07602787370665003 17
1717522125003 0.07828676226918717 18
1717522127424 0.057444373373189715 19
1717522129793 0.05673572889897781 20
1717522132219 0.051387517777885756 21
1717522134520 0.05198120665673347 22
1717522136846 0.04591690978596665 23
1717522139397 0.040092781010729536 24
1717522141795 0.027517360131939957 25
1717522144139 0.027561259827904236 26
1717522146525 0.02132816676970896 27
1717522148853 0.013577722330571536 28
1717522151243 0.01459819781892389 29
1717522153583 0.010076336434378563 30
1717522156021 0.00924332402596992 31
1717522158355 0.009584771591983217 32
1717522160768 0.008344391580127323 33
1717522163132 0.007804598679247696 34
1717522165551 0.006910740070815826 35
1717522167927 0.008508063043425967 36
1717522170260 0.005206984890411601 37
1717522172627 0.008918080396152125 38
1717522174998 0.007806766261225756 39
1717522177379 0.004196465873772069 40
1717522179722 0.00607435466219662 41
1717522182083 0.0036863508149524316 42
1717522184438 0.004196010796889463 43
1717522186999 0.003633807957709281 44
1717522189360 0.009078242388667633 45
1717522191788 0.006991845575031046 46
1717522194289 0.009257744253416168 47
1717522196709 0.008899039400611881 48
1717522199099 0.007411515634918875 49
1717522201450 0.004897913819546107 50
1717522203849 0.005441482261271616 51
1717522206174 0.007738374602217306 52
1717522208544 0.006088842605702316 53
1717522210889 0.006453534845106331 54
1717522213277 0.004867562152209789 55
1717522215620 0.007792889329752992 56
1717522217989 0.0035489166147984956 57
1717522220363 0.004912700180047739 58
1717522222754 0.004987248362088112 59
1717522225067 0.0038809297453821774 60
1717522227484 0.004851167999318639 61
1717522229852 0.0032757207909692642 62
1717522232200 0.0028566310389357276 63
1717522234571 0.003258609862621906 64
1717522236952 0.00305879207750894 65
1717522239261 0.0025387232673944353 66
1717522241612 0.0019129126124339947 67
1717522244064 0.0017793114033411842 68
1717522246608 0.002806852962008087 69
1717522248937 0.0028795665942760885 70
1717522251260 0.003353412597347674 71
1717522253632 0.002072180440570235 72
1717522256019 0.005474121283169895 73
1717522258400 0.004685424996998555 74
1717522260720 0.009181646646787918 75
1717522263108 0.005313639223453014 76
1717522265586 0.006201626260990611 77
1717522268072 0.008071104016005033 78
1717522270387 0.00843583316800944 79
1717522272741 0.007435171093699453 80
1717522275199 0.0075227100033052035 81
1717522277566 0.005618942592022564 82
1717522279898 0.007836387811740236 83
1717522282242 0.006420689227853235 84
1717522284595 0.005078983347621508 85
1717522286999 0.004228717853798014 86
1717522289321 0.0027605725294725667 87
1717522291725 0.0050544780982630655 88
1717522294106 0.015125315648707695 89
1717522296497 0.0253383440912568 90
1717522298811 0.03272778914145994 91
1717522301181 0.03082623437479337 92
1717522303508 0.03416233976965334 93
1717522305914 0.046004363061913044 94
1717522308252 0.05593065749164685 95
1717522310578 0.07049746328312283 96
1717522312918 0.07611535455228578 97
1717522315302 0.07692826637188792 98
1717522317637 0.07786706139100368 99
