1717522085019 0.7067441677463673 1
1717522087324 0.7407445460756134 2
1717522089683 0.8060286150883333 3
1717522092062 0.8519841928578207 4
1717522094404 0.8697714164274605 5
1717522096766 0.8699962756475801 6
1717522099167 0.8694130694297891 7
1717522101524 0.8801439747985866 8
1717522103828 0.8818355637045144 9
1717522106193 0.8852541719415344 10
1717522108580 0.884309398069051 11
1717522110918 0.8860087374039484 12
1717522113270 0.8869509804255078 13
1717522115623 0.8845680293042404 14
1717522117945 0.8818226077175962 15
1717522120310 0.8827894664918488 16
1717522122665 0.8823892626344544 17
1717522125003 0.8823201218494442 18
1717522127424 0.886280063469359 19
1717522129793 0.8862953637203778 20
1717522132219 0.8865274712108354 21
1717522134520 0.8874254207536187 22
1717522136846 0.887408687250575 23
1717522139397 0.8877016344349697 24
1717522141795 0.8893642002348554 25
1717522144139 0.8891145821027435 26
1717522146525 0.8909165651456706 27
1717522148853 0.8910963892075167 28
1717522151243 0.8913656023904027 29
1717522153583 0.8918229249418274 30
1717522156021 0.8920109935236684 31
1717522158355 0.8917245298949159 32
1717522160768 0.8920478098725076 33
1717522163132 0.8922615357679395 34
1717522165551 0.8919117690546668 35
1717522167927 0.8920885082341917 36
1717522170260 0.8924870543675156 37
1717522172627 0.892381898382166 38
1717522174998 0.8924056244331103 39
1717522177379 0.8923889208504476 40
1717522179722 0.8925664691249371 41
1717522182083 0.8925215780347915 42
1717522184438 0.8925554207003121 43
1717522186999 0.8925029398844316 44
1717522189360 0.8923032801559766 45
1717522191788 0.8924916918507332 46
1717522194289 0.8924912439421927 47
1717522196709 0.8920218871035767 48
1717522199099 0.8920480932705002 49
1717522201450 0.8923191304656809 50
1717522203849 0.8922288969954171 51
1717522206174 0.8923337609936953 52
1717522208544 0.8923905964269464 53
1717522210889 0.8923685117164193 54
1717522213277 0.8924914297291896 55
1717522215620 0.8923907372914373 56
1717522217989 0.8924791501111548 57
1717522220363 0.8923107211811 58
1717522222754 0.8924715851928592 59
1717522225067 0.8926610735562035 60
1717522227484 0.8926438040482556 61
1717522229852 0.8925611781517463 62
1717522232200 0.8925356528994999 63
1717522234571 0.8925911460601978 64
1717522236952 0.8925877538303885 65
1717522239261 0.892547180033225 66
1717522241612 0.8925545345155368 67
1717522244064 0.8925907826346827 68
1717522246608 0.892584684724968 69
1717522248937 0.8926172693271284 70
1717522251260 0.8926519961770361 71
1717522253632 0.8924856882079527 72
1717522256019 0.8926165316679594 73
1717522258400 0.8925987630441755 74
1717522260720 0.8925870983398289 75
1717522263108 0.8925249822302794 76
1717522265586 0.8924455356773173 77
1717522268072 0.8925064888992925 78
1717522270387 0.8923820300515075 79
1717522272741 0.8925998443006657 80
1717522275199 0.892494079668383 81
1717522277566 0.8926823979663685 82
1717522279898 0.8926158917729752 83
1717522282242 0.8926534940604072 84
1717522284595 0.8925465379801738 85
1717522286999 0.8927308314638048 86
1717522289321 0.8926826504301232 87
1717522291725 0.8926034277297905 88
1717522294106 0.8927122906506839 89
1717522296497 0.8928337147966019 90
1717522298811 0.8925795038230968 91
1717522301181 0.892716763818008 92
1717522303508 0.8925538542243172 93
1717522305914 0.8925318911461878 94
1717522308252 0.8925569110827996 95
1717522310578 0.8926317377671443 96
1717522312918 0.8926143935920066 97
1717522315302 0.8926516460907056 98
1717522317637 0.8926642824696389 99
