1717713576803 0.2797181658885972 1
1717713603540 0.38871827994365626 2
1717713630001 0.4207543009932897 3
1717713657378 0.4377892077700085 4
1717713684716 0.4520322962384458 5
1717713712811 0.4716174441171006 6
1717713739472 0.5047460525879641 7
1717713765682 0.5177243751403654 8
1717713792013 0.5260861277303606 9
1717713819667 0.5329983099730438 10
1717713847299 0.5377858946750831 11
1717713876285 0.5425478862717102 12
1717713904120 0.5472156540590254 13
1717713932122 0.5524810090396789 14
1717713959122 0.5568808708932957 15
1717713986452 0.5616485679504547 16
1717714014362 0.5660924273277625 17
1717714042849 0.5743860278832185 18
1717714070997 0.5857575767800531 19
1717714100017 0.5924125251916295 20
1717714126570 0.599451571208271 21
1717714154043 0.6057903380043769 22
1717714181656 0.6122160999458839 23
1717714209265 0.6171356071866134 24
1717714237753 0.6216511936538659 25
1717714264155 0.625735452407745 26
1717714292507 0.6293955557744222 27
1717714320702 0.6329512625784397 28
1717714348076 0.6358126462107503 29
1717714376155 0.638673331926879 30
1717714403881 0.6410807617657714 31
1717714432114 0.643577372787272 32
1717714461031 0.6455426033207766 33
1717714489089 0.6482120122062934 34
1717714517242 0.6499398233499024 35
1717714545781 0.6517938431173815 36
1717714575354 0.6540164335797259 37
1717714606257 0.6558905062441277 38
1717714636111 0.6572384831485046 39
1717714667012 0.6592038649942202 40
1717714695496 0.6608444398745987 41
1717714724478 0.6621485218780168 42
1717714754710 0.6638038611827585 43
1717714783907 0.6653787603881548 44
1717714812236 0.6672928647571543 45
1717714840460 0.6686566088475929 46
1717714868029 0.6698047599598707 47
1717714895932 0.6714244041384253 48
1717714924049 0.6723460115168925 49
1717714953519 0.6738354378222008 50
1717714984560 0.6741548603823047 51
1717715014383 0.6746047139884667 52
1717715044700 0.6763843947010758 53
1717715075062 0.6779033143581602 54
1717715104038 0.6790263408477404 55
1717715133494 0.6807808373678598 56
1717715162944 0.6817495200018349 57
1717715190359 0.682950668988132 58
1717715218601 0.6842046834431903 59
1717715248378 0.6850456028996973 60
1717715277695 0.6863558377785254 61
1717715308007 0.6868448443933176 62
1717715337573 0.6873040404255257 63
1717715368668 0.6884923686459475 64
