1709589940512 0.5722919716408453 1
1709589941569 0.1527181287846173 2
1709589942720 0.643374411702881 3
1709589943749 0.5830799068206002 4
1709589944961 0.66741541671497 5
1709589946544 0.6848328633204849 6
1709589947613 0.708845252264007 7
1709589948650 0.7273466924723667 8
1709589949642 0.7482478577287142 9
1709589950644 0.7931300805211089 10
1709589951941 0.855957815769085 11
1709589952886 0.8867485468979404 12
1709589953950 0.9166677365291228 13
1709589955268 0.9326301747208247 14
1709589956425 0.942621373450747 15
1709589957371 0.9392412798269936 16
1709589958490 0.9423352830525177 17
1709589959520 0.9445318461808343 18
1709589960560 0.9437087726075294 19
1709589961681 0.9407987558933989 20
1709589962787 0.9404729666799879 21
1709589963965 0.9410549794040248 22
1709589965051 0.9416719198747359 23
1709589966058 0.940755083728285 24
1709589967026 0.9414109842008163 25
1709589968054 0.9419241224931236 26
1709589969019 0.9407080708960895 27
1709589970112 0.9442209544069184 28
1709589971395 0.9416314660772059 29
1709589972418 0.9442341127019482 30
1709589973560 0.9388581445936703 31
1709589974851 0.9430704719568936 32
1709589976103 0.9389513969725807 33
1709589977172 0.94249132663005 34
1709589978124 0.9354100345068641 35
1709589979290 0.940860619677079 36
1709589980336 0.9384906853823946 37
1709589981327 0.9422970797605975 38
1709589982278 0.939149293485378 39
1709589983276 0.9393600569842031 40
1709589984252 0.9399418098854622 41
1709589985264 0.9418906537210653 42
1709589986496 0.9385508785669193 43
1709589988318 0.9392689451365026 44
1709589989602 0.9348597453540819 45
1709589990754 0.9370583410949328 46
1709589991962 0.9346979551154814 47
1709589993041 0.9288629990939977 48
1709589994044 0.9113572502539231 49
1709589995058 0.8801007809340374 50
1709589996210 0.8734882580782459 51
1709589997510 0.8980799888834918 52
1709589998897 0.9322242070436795 53
1709590000465 0.9483652012498102 54
1709590001600 0.9422718759656064 55
1709590002926 0.9385460139782896 56
1709590004424 0.9424260667189932 57
1709590005471 0.9465439486328296 58
1709590006650 0.9473221049394315 59
1709590008240 0.944980304380803 60
1709590009379 0.9424842667265454 61
1709590010624 0.9401520936512803 62
1709590012288 0.941137629259211 63
1709590013965 0.9425401853563248 64
1709590015649 0.9439038248273819 65
1709590017684 0.9439059379773479 66
1709590018731 0.9434861861632309 67
1709590019836 0.9428542016491687 68
1709590021286 0.9422207224830832 69
1709590022537 0.9397701295805252 70
1709590023766 0.9391879395034394 71
1709590025028 0.9391412281965856 72
1709590026674 0.9387157751589947 73
1709590027758 0.9373849499488877 74
1709590028865 0.9395787608825623 75
1709590030002 0.9409209153435707 76
1709590031315 0.9419789161942507 77
1709590032408 0.9436105739884961 78
1709590033463 0.9459449084667841 79
1709590034484 0.9457146675933753 80
1709590035691 0.9466365897794524 81
1709590036975 0.9476852668731695 82
1709590037997 0.9457839253326161 83
1709590039061 0.9464209926688705 84
1709590040390 0.9469172814671115 85
1709590041879 0.945658621358535 86
1709590043024 0.9455999283741695 87
1709590044398 0.9447554465170336 88
1709590045812 0.9453350815903747 89
1709590048037 0.9438765619678862 90
1709590049285 0.9453768577324075 91
1709590050669 0.9451013759110072 92
1709590052968 0.9438194004031338 93
1709590054942 0.9411501323852374 94
1709590056041 0.9410463216060314 95
1709590057239 0.9386658885219008 96
1709590058313 0.9362624572121476 97
1709590059379 0.9256908514063052 98
1709590060426 0.9099965901831542 99
1709590061581 0.8974216335609746 100
1709590062764 0.9097039268402437 101
1709590063877 0.9313892633227997 102
1709590064900 0.9479799808522905 103
1709590065960 0.950895150950141 104
1709590067038 0.941518447745682 105
1709590068377 0.9382653806328598 106
1709590069360 0.9424404770118333 107
