1709589940512 1046.0 1
1709589941569 1046.0 2
1709589942720 1046.0 3
1709589943749 1046.0 4
1709589944961 1046.0 5
1709589946544 1046.0 6
1709589947613 1046.0 7
1709589948650 1046.0 8
1709589949642 1046.0 9
1709589950644 1046.0 10
1709589951941 1046.0 11
1709589952886 1046.0 12
1709589953950 1046.0 13
1709589955268 1046.0 14
1709589956425 1046.0 15
1709589957371 1046.0 16
1709589958490 1046.0 17
1709589959520 1046.0 18
1709589960560 1046.0 19
1709589961681 1046.0 20
1709589962787 1046.0 21
1709589963965 1046.0 22
1709589965051 1046.0 23
1709589966058 1046.0 24
1709589967026 1046.0 25
1709589968054 1046.0 26
1709589969019 1046.0 27
1709589970112 1046.0 28
1709589971395 1046.0 29
1709589972418 1046.0 30
1709589973560 1046.0 31
1709589974851 1046.0 32
1709589976103 1046.0 33
1709589977172 1046.0 34
1709589978124 1046.0 35
1709589979290 1046.0 36
1709589980336 1046.0 37
1709589981327 1046.0 38
1709589982278 1046.0 39
1709589983276 1046.0 40
1709589984252 1046.0 41
1709589985264 1046.0 42
1709589986496 1046.0 43
1709589988318 1046.0 44
1709589989602 1046.0 45
1709589990754 1046.0 46
1709589991962 1046.0 47
1709589993041 1046.0 48
1709589994044 1046.0 49
1709589995058 1046.0 50
1709589996210 1046.0 51
1709589997510 1046.0 52
1709589998897 1046.0 53
1709590000465 1046.0 54
1709590001600 1046.0 55
1709590002926 1046.0 56
1709590004424 1046.0 57
1709590005471 1046.0 58
1709590006650 1046.0 59
1709590008240 1046.0 60
1709590009379 1046.0 61
1709590010624 1046.0 62
1709590012288 1046.0 63
1709590013965 1046.0 64
1709590015649 1046.0 65
1709590017684 1046.0 66
1709590018731 1046.0 67
1709590019836 1046.0 68
1709590021286 1046.0 69
1709590022537 1046.0 70
1709590023766 1046.0 71
1709590025028 1046.0 72
1709590026674 1046.0 73
1709590027758 1046.0 74
1709590028865 1046.0 75
1709590030002 1046.0 76
1709590031315 1046.0 77
1709590032408 1046.0 78
1709590033463 1046.0 79
1709590034484 1046.0 80
1709590035691 1046.0 81
1709590036975 1046.0 82
1709590037997 1046.0 83
1709590039061 1046.0 84
1709590040390 1046.0 85
1709590041879 1046.0 86
1709590043024 1046.0 87
1709590044398 1046.0 88
1709590045812 1046.0 89
1709590048037 1046.0 90
1709590049285 1046.0 91
1709590050669 1046.0 92
1709590052968 1046.0 93
1709590054942 1046.0 94
1709590056041 1046.0 95
1709590057239 1046.0 96
1709590058313 1046.0 97
1709590059379 1046.0 98
1709590060426 1046.0 99
1709590061581 1046.0 100
1709590062764 1046.0 101
1709590063877 1046.0 102
1709590064900 1046.0 103
1709590065960 1046.0 104
1709590067038 1046.0 105
1709590068377 1046.0 106
1709590069360 1046.0 107
