1709589940512 1.4051402807235718 1
1709589941569 1.3923656940460205 2
1709589942720 1.3876287937164307 3
1709589943749 1.3817697763442993 4
1709589944961 1.3746358156204224 5
1709589946544 1.3643006086349487 6
1709589947613 1.3490720987319946 7
1709589948650 1.3240230083465576 8
1709589949642 1.2828871011734009 9
1709589950644 1.2182537317276 10
1709589951941 1.1153684854507446 11
1709589952886 1.0051275491714478 12
1709589953950 0.9165664911270142 13
1709589955268 0.8438552618026733 14
1709589956425 0.8115483522415161 15
1709589957371 0.7884734869003296 16
1709589958490 0.765034556388855 17
1709589959520 0.7487242221832275 18
1709589960560 0.7406541705131531 19
1709589961681 0.7333807945251465 20
1709589962787 0.7198041081428528 21
1709589963965 0.7210737466812134 22
1709589965051 0.7060783505439758 23
1709589966058 0.7004588842391968 24
1709589967026 0.6926591992378235 25
1709589968054 0.6869743466377258 26
1709589969019 0.681090235710144 27
1709589970112 0.669459342956543 28
1709589971395 0.6645669937133789 29
1709589972418 0.6517108678817749 30
1709589973560 0.6533563733100891 31
1709589974851 0.6395869851112366 32
1709589976103 0.6403523087501526 33
1709589977172 0.630522608757019 34
1709589978124 0.6547962427139282 35
1709589979290 0.6419211626052856 36
1709589980336 0.6377409100532532 37
1709589981327 0.6214260458946228 38
1709589982278 0.6239345073699951 39
1709589983276 0.6186679601669312 40
1709589984252 0.6197587251663208 41
1709589985264 0.6143648028373718 42
1709589986496 0.6222596764564514 43
1709589988318 0.6162567734718323 44
1709589989602 0.6215096712112427 45
1709589990754 0.6161280274391174 46
1709589991962 0.6250633001327515 47
1709589993041 0.6468902230262756 48
1709589994044 0.6872658133506775 49
1709589995058 0.75700443983078 50
1709589996210 0.7686748504638672 51
1709589997510 0.67402184009552 52
1709589998897 0.6258719563484192 53
1709590000465 0.5973701477050781 54
1709590001600 0.5944011807441711 55
1709590002926 0.5904970169067383 56
1709590004424 0.5815046429634094 57
1709590005471 0.5746873617172241 58
1709590006650 0.5692782402038574 59
1709590008240 0.567481517791748 60
1709590009379 0.5661470890045166 61
1709590010624 0.5636170506477356 62
1709590012288 0.5588653683662415 63
1709590013965 0.5528240203857422 64
1709590015649 0.5470919013023376 65
1709590017684 0.5446662902832031 66
1709590018731 0.5411635637283325 67
1709590019836 0.5392985343933105 68
1709590021286 0.5384339094161987 69
1709590022537 0.5408917665481567 70
1709590023766 0.5379624962806702 71
1709590025028 0.5365389585494995 72
1709590026674 0.5334717035293579 73
1709590027758 0.527556836605072 74
1709590028865 0.5226811170578003 75
1709590030002 0.5145829319953918 76
1709590031315 0.5123885273933411 77
1709590032408 0.5043435096740723 78
1709590033463 0.4995175302028656 79
1709590034484 0.49391451478004456 80
1709590035691 0.48850375413894653 81
1709590036975 0.4858916401863098 82
1709590037997 0.4809105396270752 83
1709590039061 0.47868871688842773 84
1709590040390 0.47516947984695435 85
1709590041879 0.4721449911594391 86
1709590043024 0.4698527455329895 87
1709590044398 0.4661172926425934 88
1709590045812 0.46385079622268677 89
1709590048037 0.4617573618888855 90
1709590049285 0.4591749608516693 91
1709590050669 0.45973140001296997 92
1709590052968 0.45903319120407104 93
1709590054942 0.4613422453403473 94
1709590056041 0.4640478193759918 95
1709590057239 0.47464317083358765 96
1709590058313 0.49010705947875977 97
1709590059379 0.5229490399360657 98
1709590060426 0.5663049221038818 99
1709590061581 0.584865927696228 100
1709590062764 0.5397094488143921 101
1709590063877 0.5215604305267334 102
1709590064900 0.48567089438438416 103
1709590065960 0.4534721374511719 104
1709590067038 0.45105546712875366 105
1709590068377 0.4513542056083679 106
1709590069360 0.45080333948135376 107
