1716231540248 0.8210887220156622 1
1716231542412 0.8636525424930411 2
1716231544602 0.8849226025772958 3
1716231546893 0.8934849821041749 4
1716231549632 0.8956409757293516 5
1716231551998 0.8993275004246266 6
1716231554288 0.902464380177511 7
1716231556620 0.905580172331594 8
1716231558899 0.9063691888491388 9
1716231561210 0.9073981214148159 10
1716231563515 0.9068910808448649 11
1716231565850 0.9077988943583062 12
1716231568206 0.9079326531908793 13
1716231570475 0.9082513798233159 14
1716231572810 0.9080441767531622 15
1716231575087 0.9094627753841317 16
1716231577353 0.9093786398584027 17
1716231579684 0.9097789192187358 18
1716231581984 0.9107004297510943 19
1716231584211 0.9103470725993618 20
1716231586502 0.9105548155385795 21
1716231588740 0.9105636470678076 22
1716231590960 0.9105867653739613 23
1716231593181 0.9108363794304918 24
1716231595391 0.9107229795471881 25
1716231597648 0.9114182045317156 26
1716231599991 0.910830687777298 27
1716231602317 0.9108715289829823 28
1716231604571 0.9117938120118034 29
1716231606876 0.911693976397462 30
1716231609235 0.9121111551848514 31
1716231611539 0.9118254366043507 32
1716231613814 0.9117257520372072 33
1716231616156 0.9118773843278642 34
1716231618416 0.9117436244566943 35
1716231620655 0.9120710248706897 36
1716231622897 0.9123295463376808 37
1716231625208 0.9123904115848407 38
1716231627531 0.9124034343377769 39
1716231629871 0.9119786157210694 40
1716231632122 0.9128220207258108 41
1716231634385 0.9130199428327995 42
1716231636627 0.9132155776285867 43
1716231638836 0.9132130306951179 44
1716231641118 0.91351420292769 45
1716231643414 0.9137348992256416 46
1716231645764 0.9125463926609901 47
1716231648048 0.9134420975430511 48
1716231650334 0.913754873473579 49
1716231652612 0.9137518373204978 50
1716231654963 0.9137558899073315 51
1716231657222 0.9134626815125619 52
1716231659550 0.9136672372234275 53
1716231661796 0.9136219505493062 54
1716231664079 0.9136212477311049 55
1716231666333 0.9138732470363917 56
1716231668587 0.9138122460782745 57
1716231670821 0.9140919006282655 58
1716231673051 0.9138499598848148 59
1716231675381 0.913958905389824 60
1716231677584 0.9132880848487741 61
1716231679878 0.9132999919567905 62
1716231682129 0.9138929436208587 63
1716231684365 0.9137294371095263 64
1716231686587 0.9138304909157008 65
1716231688864 0.9139534547534132 66
1716231691166 0.9137059106644486 67
1716231693460 0.9137768164386052 68
1716231695718 0.9137729934736996 69
1716231698176 0.9135391831619898 70
1716231700600 0.9138818591517187 71
1716231703051 0.9137199092314293 72
1716231705574 0.9137188556296713 73
1716231707891 0.9130982469393089 74
1716231710165 0.9135854889904991 75
1716231712435 0.9136529112042987 76
1716231715206 0.9138300353776714 77
1716231717615 0.9137276056907598 78
1716231719935 0.9137702964854696 79
1716231722197 0.9137239733271973 80
1716231724497 0.9139100848856768 81
1716231726810 0.9140420521027242 82
1716231729147 0.9141863709682013 83
1716231731390 0.9141767458232419 84
1716231733672 0.9139303488988406 85
1716231735960 0.9140703016813854 86
1716231738200 0.9140723597955074 87
1716231740491 0.9141123416505428 88
1716231742723 0.9142647326650541 89
1716231745306 0.9142506127372448 90
1716231747698 0.9139711944712631 91
1716231749989 0.9141178309701329 92
1716231752221 0.9143380420077222 93
1716231754513 0.9143923858466915 94
1716231756722 0.9142209405391051 95
1716231758961 0.91468923423122 96
1716231761221 0.9146787566141358 97
1716231763487 0.914725839508736 98
1716231765813 0.9146701431438421 99
