1716231540248 0.7162526335663169 1
1716231542412 0.7717209791257389 2
1716231544602 0.8052344160610355 3
1716231546893 0.8189573761293202 4
1716231549632 0.8212294360520156 5
1716231551998 0.8261865306300012 6
1716231554288 0.8295551753040564 7
1716231556620 0.8327734102757753 8
1716231558899 0.8333786440943671 9
1716231561210 0.8352227857126072 10
1716231563515 0.8334686224458613 11
1716231565850 0.835007992860347 12
1716231568206 0.8361265312881071 13
1716231570475 0.8357115304914822 14
1716231572810 0.8357216555116233 15
1716231575087 0.8380082611567287 16
1716231577353 0.8375117461887583 17
1716231579684 0.8383690303721641 18
1716231581984 0.839707128179034 19
1716231584211 0.8391795388042038 20
1716231586502 0.8395572427511158 21
1716231588740 0.8394679905883512 22
1716231590960 0.8393129776288373 23
1716231593181 0.8399938252785109 24
1716231595391 0.8397505606680716 25
1716231597648 0.8409120108554745 26
1716231599991 0.8398275298958264 27
1716231602317 0.8399792075909582 28
1716231604571 0.8413953238140385 29
1716231606876 0.8410154380707641 30
1716231609235 0.8418040536568595 31
1716231611539 0.8414393408684224 32
1716231613814 0.8410412404467456 33
1716231616156 0.8413272376803874 34
1716231618416 0.8413355318362988 35
1716231620655 0.841586191696795 36
1716231622897 0.8420820864838154 37
1716231625208 0.8420665443977793 38
1716231627531 0.8422803092859368 39
1716231629871 0.8417167673960694 40
1716231632122 0.8428162287484983 41
1716231634385 0.8430161696549181 42
1716231636627 0.843701435787415 43
1716231638836 0.8433996408021008 44
1716231641118 0.8439246243699381 45
1716231643414 0.8442847912253691 46
1716231645764 0.8426922861151178 47
1716231648048 0.8435969292528699 48
1716231650334 0.8441384011628099 49
1716231652612 0.8442772429575456 50
1716231654963 0.8441747705721582 51
1716231657222 0.8437831588997334 52
1716231659550 0.8443282771152141 53
1716231661796 0.8437858300866475 54
1716231664079 0.8439965967770855 55
1716231666333 0.8441281188163319 56
1716231668587 0.8440038468164692 57
1716231670821 0.8444592434633886 58
1716231673051 0.844275451494951 59
1716231675381 0.8443960299917334 60
1716231677584 0.8435344925251156 61
1716231679878 0.8434631592084426 62
1716231682129 0.8441996212166882 63
1716231684365 0.8438646501865864 64
1716231686587 0.8439327755937955 65
1716231688864 0.8441225948933083 66
1716231691166 0.8437155498585741 67
1716231693460 0.8438858177661228 68
1716231695718 0.8437190342916807 69
1716231698176 0.8437812983483298 70
1716231700600 0.8439419007648223 71
1716231703051 0.8439075052783477 72
1716231705574 0.8436468029118243 73
1716231707891 0.8428954778411196 74
1716231710165 0.8436547671656598 75
1716231712435 0.8434813472507429 76
1716231715206 0.8438920765550761 77
1716231717615 0.8436968271347138 78
1716231719935 0.8437984042082016 79
1716231722197 0.8436826073118053 80
1716231724497 0.844077889152698 81
1716231726810 0.8442942096834463 82
1716231729147 0.8446461554855974 83
1716231731390 0.8445068237414477 84
1716231733672 0.8440884108114078 85
1716231735960 0.8444149331600769 86
1716231738200 0.8443425714275804 87
1716231740491 0.8443595307724746 88
1716231742723 0.8447129895066772 89
1716231745306 0.8446322491419794 90
1716231747698 0.8444026440551158 91
1716231749989 0.844398972061485 92
1716231752221 0.8449898413635998 93
1716231754513 0.8448481315078595 94
1716231756722 0.8445913213339082 95
1716231758961 0.8454038556912692 96
1716231761221 0.8454204761965075 97
1716231763487 0.8455988427985778 98
1716231765813 0.8454036647330571 99
