1717930096183 0.009968659594985496 1
1717930099161 0.003700578592092607 2
1717930101372 0.39251446480231433 3
1717930104421 0.5720588235294117 4
1717930106590 0.6900192864030859 5
1717930108769 0.7641152362584378 6
1717930111817 0.7665501446480232 7
1717930114040 0.768599324975892 8
1717930117159 0.7860173577627773 9
1717930119379 0.7809185149469624 10
1717930122524 0.7820756991321118 11
1717930124793 0.7895371263259402 12
1717930127047 0.7665742526518804 13
1717930130146 0.7798698167791707 14
1717930132404 0.7498794599807136 15
1717930135500 0.7089320154291225 16
1717930137736 0.5975168756027001 17
1717930140915 0.6699011571841851 18
1717930143200 0.6179966248794599 19
1717930145458 0.7229990356798457 20
1717930148707 0.7478784956605593 21
1717930150960 0.7289898746383799 22
1717930154124 0.7700216972034716 23
1717930157375 0.7774228543876567 24
1717930160560 0.6179363548698168 25
1717930162838 0.42791706846673094 26
1717930166036 0.4769527483124397 27
1717930168342 0.5148625843780135 28
1717930171555 0.34012777242044356 29
1717930173890 0.25466489874638376 30
1717930177130 0.2097757955641273 31
1717930179501 0.27839922854387655 32
1717930181893 0.35936595949855354 33
1717930185026 0.27422854387656703 34
1717930187435 0.34629942140790737 35
1717930190689 0.4428640308582449 36
1717930193154 0.2708293153326905 37
1717930196428 0.15630424300867884 38
1717930198765 0.07386692381870785 39
1717930202097 0.18109932497589198 40
1717930204571 0.2521335583413693 41
1717930207876 0.4462391513982642 42
1717930210379 0.4126687560270009 43
1717930212775 0.47890549662487947 44
1717930216120 0.4949855351976856 45
1717930218526 0.5838596914175507 46
1717930221821 0.6233606557377049 47
1717930224273 0.5859329797492767 48
1717930227592 0.5648505303760849 49
1717930230177 0.49603423336547736 50
1717930233539 0.6343056894889103 51
1717930236046 0.6347637415621987 52
1717930239313 0.6152844744455159 53
1717930241710 0.4280617164898747 54
1717930245024 0.4520732883317261 55
1717930247435 0.7660077145612343 56
1717930250662 0.5067984570877531 57
1717930253124 0.5910679845708775 58
1717930255513 0.6673216007714562 59
1717930258808 0.6933220829315332 60
1717930261211 0.7793635486981678 61
1717930264532 0.31413934426229506 62
1717930266968 0.7394648023143684 63
1717930270264 0.7227338476374157 64
