1717326200191 0.9408565089705063 1
1717326202834 0.9669387782438542 2
1717326205432 0.9669387782438542 3
1717326208116 0.9669387782438542 4
1717326210788 0.9669387782438542 5
1717326213519 0.9669387782438542 6
1717326216150 0.9669387782438542 7
1717326218820 0.9669387782438542 8
1717326221584 0.9669387782438542 9
1717326224220 0.9669387782438542 10
1717326226895 0.9669387782438542 11
1717326229570 0.9669387782438542 12
1717326232215 0.9669387782438542 13
1717326234888 0.9669387782438542 14
1717326237668 0.9669387782438542 15
1717326240368 0.9669387782438542 16
1717326243056 0.9669387782438542 17
1717326245757 0.9669387782438542 18
1717326248467 0.9669387782438542 19
1717326251146 0.9669387782438542 20
1717326254020 0.9669387782438542 21
1717326256874 0.9669387782438542 22
1717326259665 0.9669387782438542 23
1717326262434 0.9669387782438542 24
1717326265292 0.9669387782438542 25
1717326268042 0.9669387782438542 26
1717326270786 0.9669387782438542 27
1717326273651 0.9669387782438542 28
1717326276441 0.9669387782438542 29
1717326279255 0.9669387782438542 30
1717326281936 0.9669387782438542 31
1717326284682 0.9669387782438542 32
1717326287486 0.9669387782438542 33
1717326290188 0.9669387782438542 34
1717326292973 0.9669387782438542 35
1717326295681 0.9669387782438542 36
1717326298414 0.9669387782438542 37
1717326301193 0.9669387782438542 38
1717326303918 0.9669387782438542 39
1717326306687 0.9669387782438542 40
1717326309485 0.9669387782438542 41
1717326312215 0.9669387782438542 42
1717326315076 0.9669387782438542 43
1717326317858 0.9669387782438542 44
1717326320654 0.9669387782438542 45
1717326323389 0.9669387782438542 46
1717326326190 0.9669387782438542 47
1717326328907 0.9669387782438542 48
1717326331682 0.9669387782438542 49
1717326334511 0.9669387782438542 50
1717326337277 0.9669387782438542 51
1717326339985 0.9669387782438542 52
1717326342736 0.9669387782438542 53
1717326345533 0.9669387782438542 54
1717326348351 0.9669387782438542 55
1717326351094 0.9669387782438542 56
1717326353905 0.9669387782438542 57
1717326356689 0.9669387782438542 58
1717326359570 0.9669387782438542 59
1717326362289 0.9669387782438542 60
1717326364987 0.9669387782438542 61
1717326367793 0.9669387782438542 62
1717326370517 0.9669387782438542 63
1717326373257 0.9669387782438542 64
1717326376077 0.9669387782438542 65
1717326378888 0.9669387782438542 66
1717326381647 0.9669387782438542 67
1717326384392 0.9669387782438542 68
1717326387095 0.9669387782438542 69
1717326389945 0.9669387782438542 70
1717326392763 0.9669387782438542 71
1717326395513 0.9669387782438542 72
1717326398313 0.9669387782438542 73
1717326401159 0.9669387782438542 74
1717326403916 0.9669387782438542 75
1717326406700 0.9669387782438542 76
1717326409455 0.9669387782438542 77
1717326412123 0.9669387782438542 78
1717326414847 0.9669387782438542 79
1717326417642 0.9669387782438542 80
1717326420688 0.9669387782438542 81
1717326423667 0.9669387782438542 82
1717326426646 0.9669387782438542 83
1717326429607 0.9669387782438542 84
1717326432394 0.9669387782438542 85
1717326435181 0.9669387782438542 86
1717326437982 0.9669387782438542 87
1717326440704 0.9669387782438542 88
1717326443655 0.9669387782438542 89
1717326446378 0.9669387782438542 90
1717326449215 0.9669387782438542 91
1717326452075 0.9669387782438542 92
1717326454857 0.9669387782438542 93
1717326457636 0.9669387782438542 94
1717326460366 0.9669387782438542 95
1717326463129 0.9669387782438542 96
1717326465904 0.9669387782438542 97
1717326468746 0.9669387782438542 98
1717326471536 0.9669387782438542 99
