1717714541899 144013.0 1
1717714571336 144013.0 2
1717714600423 144013.0 3
1717714629962 144013.0 4
1717714658313 144013.0 5
1717714687929 144013.0 6
1717714719540 144013.0 7
1717714747825 144013.0 8
1717714777711 144013.0 9
1717714808552 144013.0 10
1717714839744 144013.0 11
1717714871513 144013.0 12
1717714903403 144013.0 13
1717714934921 144013.0 14
1717714963827 144013.0 15
1717714991743 144013.0 16
1717715021088 144013.0 17
1717715050316 144013.0 18
1717715078656 144013.0 19
1717715108296 144013.0 20
1717715137687 144013.0 21
1717715167858 144013.0 22
1717715198537 144013.0 23
1717715229716 144013.0 24
1717715258836 144013.0 25
1717715288062 144013.0 26
1717715317739 144013.0 27
1717715347030 144013.0 28
1717715375896 144013.0 29
1717715404477 144013.0 30
1717715432255 144013.0 31
1717715460600 144013.0 32
1717715488225 144013.0 33
1717715515847 144013.0 34
1717715542994 144013.0 35
1717715571496 144013.0 36
1717715599176 144013.0 37
1717715626195 144013.0 38
1717715656514 144013.0 39
1717715684808 144013.0 40
1717715715113 144013.0 41
1717715744888 144013.0 42
1717715775185 144013.0 43
1717715805786 144013.0 44
1717715836340 144013.0 45
1717715864832 144013.0 46
1717715893816 144013.0 47
1717715922401 144013.0 48
1717715951587 144013.0 49
1717715981362 144013.0 50
1717716010505 144013.0 51
1717716040623 144013.0 52
1717716070217 144013.0 53
1717716098973 144013.0 54
1717716126647 144013.0 55
1717716156888 144013.0 56
1717716185799 144013.0 57
1717716214077 144013.0 58
1717716242681 144013.0 59
1717716272369 144013.0 60
1717716301075 144013.0 61
1717716331501 144013.0 62
1717716361706 144013.0 63
1717716392145 144013.0 64
1717716422024 144013.0 65
1717716451021 144013.0 66
1717716482066 144013.0 67
1717716511768 144013.0 68
1717716540216 144013.0 69
1717716568483 144013.0 70
1717716597144 144013.0 71
1717716628041 144013.0 72
1717716657454 144013.0 73
1717716687355 144013.0 74
1717716718541 144013.0 75
1717716749552 144013.0 76
1717716779998 144013.0 77
1717716811658 144013.0 78
1717716840904 144013.0 79
1717716870295 144013.0 80
1717716898952 144013.0 81
1717716927296 144013.0 82
1717716955169 144013.0 83
1717716984981 144013.0 84
1717717014930 144013.0 85
1717717044688 144013.0 86
1717717072733 144013.0 87
1717717104319 144013.0 88
1717717132881 144013.0 89
1717717162281 144013.0 90
1717717191237 144013.0 91
1717717221445 144013.0 92
1717717250497 144013.0 93
1717717278996 144013.0 94
1717717310158 144013.0 95
1717717338915 144013.0 96
1717717369259 144013.0 97
1717717397608 144013.0 98
1717717427317 144013.0 99
