1717090462329 1.7534751892089844 1
1717090464206 1.1947999000549316 2
1717090466105 1.1505807638168335 3
1717090467988 1.1341725587844849 4
1717090469830 1.1245019435882568 5
1717090471677 1.1180161237716675 6
1717090473467 1.1121602058410645 7
1717090475290 1.1061623096466064 8
1717090477126 1.100642204284668 9
1717090479031 1.0948659181594849 10
1717090480899 1.0888676643371582 11
1717090482773 1.0824531316757202 12
1717090484779 1.0750269889831543 13
1717090486736 1.0664547681808472 14
1717090488656 1.0552797317504883 15
1717090490550 1.0393942594528198 16
1717090492430 1.0192701816558838 17
1717090494467 0.9923798441886902 18
1717090496245 0.9667661786079407 19
1717090498244 0.9353712797164917 20
1717090500083 0.909831702709198 21
1717090501977 0.8844698667526245 22
1717090503810 0.8633280992507935 23
1717090505589 0.8427079319953918 24
1717090507419 0.8316900134086609 25
1717090509351 0.818259596824646 26
1717090511359 0.8022680282592773 27
1717090513177 0.7897242307662964 28
1717090515040 0.7770434617996216 29
1717090516972 0.7732402086257935 30
1717090518957 0.7609097957611084 31
1717090521249 0.7547770738601685 32
1717090523140 0.7421765327453613 33
1717090525129 0.7376105189323425 34
1717090527048 0.7245180606842041 35
1717090529009 0.7235369682312012 36
1717090530873 0.7097492218017578 37
1717090532710 0.7003473043441772 38
1717090534558 0.6959048509597778 39
1717090536496 0.6834267973899841 40
1717090538418 0.6813861131668091 41
1717090540271 0.6684054136276245 42
1717090542126 0.6618098616600037 43
1717090543972 0.649715006351471 44
1717090545955 0.6480454206466675 45
1717090547845 0.634803295135498 46
1717090549756 0.636222779750824 47
1717090551607 0.6154111623764038 48
1717090553430 0.6264732480049133 49
1717090555262 0.6071611642837524 50
1717090557067 0.6094299554824829 51
1717090558877 0.6110065579414368 52
1717090560803 0.5984019041061401 53
1717090562645 0.5842075347900391 54
1717090564606 0.579365074634552 55
1717090566393 0.5882731676101685 56
1717090568249 0.5849112272262573 57
1717090570226 0.5671167373657227 58
1717090572051 0.5540176033973694 59
1717090573886 0.5595115423202515 60
1717090575835 0.5532442927360535 61
1717090578005 0.5501728653907776 62
1717090580257 0.5552489161491394 63
1717090582242 0.5303451418876648 64
1717090584247 0.5241090059280396 65
1717090586205 0.5285619497299194 66
1717090588154 0.5103932619094849 67
1717090590207 0.5351415872573853 68
1717090592253 0.5003212690353394 69
1717090594402 0.49681273102760315 70
1717090596517 0.5057797431945801 71
1717090598477 0.5015156269073486 72
1717090600430 0.47751307487487793 73
1717090602405 0.48160552978515625 74
1717090604392 0.4769590497016907 75
1717090606230 0.46033143997192383 76
1717090608176 0.471865177154541 77
1717090610027 0.45084571838378906 78
1717090611849 0.461026132106781 79
1717090613731 0.4515755772590637 80
1717090615734 0.45861268043518066 81
1717090617580 0.4627819061279297 82
1717090619421 0.44688400626182556 83
1717090621295 0.4224337041378021 84
1717090623099 0.42815011739730835 85
1717090624950 0.42612728476524353 86
1717090626748 0.4112175405025482 87
1717090628541 0.40350431203842163 88
1717090630311 0.41304636001586914 89
1717090632178 0.3925783634185791 90
1717090633996 0.4123811721801758 91
1717090636072 0.391178160905838 92
1717090638234 0.392141729593277 93
1717090640405 0.38273516297340393 94
1717090642672 0.38586631417274475 95
1717090644721 0.38256722688674927 96
1717090646860 0.38279253244400024 97
1717090648840 0.37165743112564087 98
1717090651047 0.3777143061161041 99
