1717090462329 0.19696310288196517 1
1717090464206 0.22392192645851935 2
1717090466105 0.22406610106339894 3
1717090467988 0.22509689405462713 4
1717090469830 0.2257368548201753 5
1717090471677 0.2263924601866257 6
1717090473467 0.22637382406333234 7
1717090475290 0.22682375031582264 8
1717090477126 0.22678634589994778 9
1717090479031 0.2271024031778496 10
1717090480899 0.22737332490693749 11
1717090482773 0.22836844841695667 12
1717090484779 0.2300367567348856 13
1717090486736 0.23165534609787652 14
1717090488656 0.23449990948484403 15
1717090490550 0.2396732206053454 16
1717090492430 0.24953890598283088 17
1717090494467 0.2614957564235717 18
1717090496245 0.2713603258365154 19
1717090498244 0.2802529942861159 20
1717090500083 0.28986655736935657 21
1717090501977 0.297126818266638 22
1717090503810 0.30269531948969897 23
1717090505589 0.3097809818110393 24
1717090507419 0.31369795236774894 25
1717090509351 0.31772035500750245 26
1717090511359 0.32186312601265815 27
1717090513177 0.3255432340597773 28
1717090515040 0.32683193435533414 29
1717090516972 0.3292322656785981 30
1717090518957 0.3335251028881216 31
1717090521249 0.33799152477716865 32
1717090523140 0.3369298842738938 33
1717090525129 0.3455744554982355 34
1717090527048 0.3448072126487255 35
1717090529009 0.3510262372161873 36
1717090530873 0.35166996965362946 37
1717090532710 0.35587007411771826 38
1717090534558 0.36024793427754087 39
1717090536496 0.36282722046837784 40
1717090538418 0.36774436053649734 41
1717090540271 0.3696974937707259 42
1717090542126 0.3744063713230491 43
1717090543972 0.3759950375587942 44
1717090545955 0.38309115464775995 45
1717090547845 0.38552357310969426 46
1717090549756 0.3906446319763309 47
1717090551607 0.39330300009050456 48
1717090553430 0.40104468019767464 49
1717090555262 0.40362962522304013 50
1717090557067 0.4065918376640498 51
1717090558877 0.4090561593017756 52
1717090560803 0.41361194167084675 53
1717090562645 0.418972967004435 54
1717090564606 0.42273043177925607 55
1717090566393 0.4220302018099787 56
1717090568249 0.42410159386599905 57
1717090570226 0.43081828094262564 58
1717090572051 0.4334318522389104 59
1717090573886 0.43610288016330667 60
1717090575835 0.4406729672890612 61
1717090578005 0.4419942773844955 62
1717090580257 0.4421368053327477 63
1717090582242 0.4482448617026316 64
1717090584247 0.4529272936125359 65
1717090586205 0.454288827849782 66
1717090588154 0.4657799431957567 67
1717090590207 0.4551353331902387 68
1717090592253 0.46808459313792045 69
1717090594402 0.47363699609160925 70
1717090596517 0.47070028049496315 71
1717090598477 0.47592306894374586 72
1717090600430 0.4877393643316088 73
1717090602405 0.4854505797184207 74
1717090604392 0.48563613219787155 75
1717090606230 0.4947832042116813 76
1717090608176 0.4963862184931978 77
1717090610027 0.5114664657209473 78
1717090611849 0.4933519689122461 79
1717090613731 0.5063327523461767 80
1717090615734 0.5142257742750115 81
1717090617580 0.498232928059517 82
1717090619421 0.509877181907585 83
1717090621295 0.5244798243024466 84
1717090623099 0.5184648230255211 85
1717090624950 0.5229383556282018 86
1717090626748 0.5341662176832601 87
1717090628541 0.5396333396145238 88
1717090630311 0.5293980823008111 89
1717090632178 0.545371500719698 90
1717090633996 0.5343652969502023 91
1717090636072 0.5521279391778733 92
1717090638234 0.5491254028931003 93
1717090640405 0.5597246572903607 94
1717090642672 0.5556793458167738 95
1717090644721 0.5573619350688308 96
1717090646860 0.5556372221319997 97
1717090648840 0.5658998308138763 98
1717090651047 0.5583756108206598 99
