1717090462329 149442.0 1
1717090464206 144410.0 2
1717090466105 149065.0 3
1717090467988 149576.0 4
1717090469830 149838.0 5
1717090471677 149558.0 6
1717090473467 149536.0 7
1717090475290 149329.0 8
1717090477126 149455.0 9
1717090479031 149128.0 10
1717090480899 148930.0 11
1717090482773 147971.0 12
1717090484779 146321.0 13
1717090486736 144286.0 14
1717090488656 141566.0 15
1717090490550 137990.0 16
1717090492430 131900.0 17
1717090494467 124797.0 18
1717090496245 120183.0 19
1717090498244 116372.0 20
1717090500083 114797.0 21
1717090501977 112239.0 22
1717090503810 110537.0 23
1717090505589 109024.0 24
1717090507419 107389.0 25
1717090509351 106686.0 26
1717090511359 105544.0 27
1717090513177 104851.0 28
1717090515040 104976.0 29
1717090516972 104199.0 30
1717090518957 102734.0 31
1717090521249 101121.0 32
1717090523140 102386.0 33
1717090525129 98946.0 34
1717090527048 99959.0 35
1717090529009 97595.0 36
1717090530873 98121.0 37
1717090532710 96943.0 38
1717090534558 95328.0 39
1717090536496 94944.0 40
1717090538418 92982.0 41
1717090540271 92912.0 42
1717090542126 91396.0 43
1717090543972 91410.0 44
1717090545955 89149.0 45
1717090547845 88982.0 46
1717090549756 86847.0 47
1717090551607 86871.0 48
1717090553430 84119.0 49
1717090555262 84127.0 50
1717090557067 82798.0 51
1717090558877 80223.0 52
1717090560803 79986.0 53
1717090562645 80172.0 54
1717090564606 79393.0 55
1717090566393 78447.0 56
1717090568249 76723.0 57
1717090570226 76613.0 58
1717090572051 76023.0 59
1717090573886 75233.0 60
1717090575835 75074.0 61
1717090578005 74668.0 62
1717090580257 72497.0 63
1717090582242 72831.0 64
1717090584247 71665.0 65
1717090586205 70781.0 66
1717090588154 70381.0 67
1717090590207 72422.0 68
1717090592253 69904.0 69
1717090594402 69248.0 70
1717090596517 69148.0 71
1717090598477 66584.0 72
1717090600430 66011.0 73
1717090602405 67571.0 74
1717090604392 67239.0 75
1717090606230 64206.0 76
1717090608176 63797.0 77
1717090610027 63458.0 78
1717090611849 66224.0 79
1717090613731 62027.0 80
1717090615734 62052.0 81
1717090617580 65654.0 82
1717090619421 62840.0 83
1717090621295 61065.0 84
1717090623099 61985.0 85
1717090624950 59616.0 86
1717090626748 58803.0 87
1717090628541 59007.0 88
1717090630311 60743.0 89
1717090632178 57603.0 90
1717090633996 58433.0 91
1717090636072 56325.0 92
1717090638234 56269.0 93
1717090640405 55536.0 94
1717090642672 56902.0 95
1717090644721 57123.0 96
1717090646860 57185.0 97
1717090648840 55710.0 98
1717090651047 56211.0 99
