1717239642563 0.0662495493888855 1
1717239643616 0.05788992717862129 2
1717239644525 0.22077171504497528 3
1717239645419 0.6520805358886719 4
1717239646311 0.5892874598503113 5
1717239647214 0.6847759485244751 6
1717239648110 0.667559802532196 7
1717239649085 0.6912831664085388 8
1717239650015 0.6470704674720764 9
1717239650911 0.6731083393096924 10
1717239651810 0.6950573921203613 11
1717239652717 0.678831160068512 12
1717239653617 0.6771137714385986 13
1717239654511 0.6750418543815613 14
1717239655432 0.7014438509941101 15
1717239656360 0.6915878057479858 16
1717239657283 0.6938884258270264 17
1717239658183 0.6961369514465332 18
1717239659075 0.697627604007721 19
1717239659969 0.6836307644844055 20
1717239660893 0.6889593601226807 21
1717239661814 0.5105913281440735 22
1717239662729 0.15743544697761536 23
1717239663638 0.39195436239242554 24
1717239664547 0.5081335306167603 25
1717239665460 0.6784605383872986 26
1717239666361 0.7147113680839539 27
1717239667267 0.7147113680839539 28
1717239668193 0.7113949060440063 29
1717239669077 0.6920979022979736 30
1717239669975 0.6917583346366882 31
1717239670902 0.6728208661079407 32
1717239671791 0.6716908812522888 33
1717239672678 0.6756833791732788 34
1717239673586 0.6692047715187073 35
1717239674501 0.6716456413269043 36
1717239675391 0.6740317344665527 37
1717239676276 0.6724340319633484 38
1717239677166 0.6712887287139893 39
1717239678073 0.6716063022613525 40
1717239678996 0.6732102632522583 41
1717239679895 0.6731464266777039 42
1717239680778 0.6312537789344788 43
1717239681693 0.670434832572937 44
1717239682599 0.670434832572937 45
1717239683505 0.6709285378456116 46
1717239684437 0.6739721894264221 47
1717239685324 0.6736440062522888 48
1717239686220 0.6728169918060303 49
1717239687122 0.6697333455085754 50
1717239688012 0.6695094108581543 51
1717239688929 0.6706589460372925 52
1717239689835 0.670835554599762 53
1717239690741 0.6702296137809753 54
1717239691639 0.6903440356254578 55
1717239692527 0.6780040860176086 56
1717239693430 0.6680024266242981 57
1717239694331 0.6671032309532166 58
1717239695217 0.667509138584137 59
1717239696098 0.6639031171798706 60
1717239697008 0.6643590927124023 61
1717239697920 0.6674850583076477 62
1717239698820 0.6693052053451538 63
1717239699916 0.6648977398872375 64
1717239700838 0.6617996096611023 65
1717239701743 0.6620879173278809 66
1717239702643 0.6628122329711914 67
1717239703543 0.6733214855194092 68
1717239704443 0.6626718640327454 69
1717239705342 0.663557767868042 70
1717239706244 0.6624422073364258 71
1717239707136 0.6672979593276978 72
1717239708016 0.6727731823921204 73
1717239708915 0.6821762919425964 74
1717239709820 0.6776334643363953 75
1717239710698 0.6713668704032898 76
1717239711603 0.6799356341362 77
1717239712493 0.6643467545509338 78
1717239713413 0.6617913246154785 79
1717239714308 0.6640192866325378 80
1717239715212 0.6813651919364929 81
1717239716138 0.5541874170303345 82
1717239717025 0.5755956768989563 83
1717239717922 0.5755956768989563 84
1717239718842 0.5755956768989563 85
1717239719745 0.5755956768989563 86
1717239720646 0.5755956768989563 87
1717239721554 0.5755956768989563 88
1717239722436 0.5755956768989563 89
1717239723352 0.5755956768989563 90
1717239724257 0.5755956768989563 91
1717239725171 0.5755956768989563 92
1717239726086 0.5755956768989563 93
1717239726993 0.5755956768989563 94
1717239727910 0.5755956768989563 95
1717239728806 0.5755956768989563 96
1717239729738 0.5755956768989563 97
1717239730652 0.5755956768989563 98
1717239731531 0.5755956768989563 99
