1717239642563 0.5744930525510226 1
1717239643616 0.6085368418259963 2
1717239644525 0.658970724141381 3
1717239645419 0.8062459863348381 4
1717239646311 0.7959686449931732 5
1717239647214 0.8280708895480503 6
1717239648110 0.8097679146313986 7
1717239649085 0.8270355802696282 8
1717239650015 0.8224192252200136 9
1717239650911 0.8220280825237541 10
1717239651810 0.836830190752379 11
1717239652717 0.8279983589326783 12
1717239653617 0.8299298538113825 13
1717239654511 0.8632682097386397 14
1717239655432 0.8425451820910205 15
1717239656360 0.821530859241786 16
1717239657283 0.8234851302205438 17
1717239658183 0.8239036310626497 18
1717239659075 0.8250705012563155 19
1717239659969 0.8071255199969951 20
1717239660893 0.8076728503678133 21
1717239661814 0.7584828989558645 22
1717239662729 0.6117814545047637 23
1717239663638 0.6388502495107037 24
1717239664547 0.7254696566379609 25
1717239665460 0.9002775065267229 26
1717239666361 0.9581492035127965 27
1717239667267 0.9581492035127965 28
1717239668193 0.9401311210663338 29
1717239669077 0.8762895350458999 30
1717239669975 0.8790619877709944 31
1717239670902 0.8133089108704352 32
1717239671791 0.8066419560904511 33
1717239672678 0.8192703208082007 34
1717239673586 0.8018268310216236 35
1717239674501 0.8113231149894462 36
1717239675391 0.8140241466971614 37
1717239676276 0.8118914551089683 38
1717239677166 0.8081912128740175 39
1717239678073 0.8095921591570135 40
1717239678996 0.8097629278980902 41
1717239679895 0.8119678770914478 42
1717239680778 0.8033108113974966 43
1717239681693 0.7949962904927728 44
1717239682599 0.7949962904927728 45
1717239683505 0.7960167125658265 46
1717239684437 0.807482613391774 47
1717239685324 0.8072025406856567 48
1717239686220 0.8078688541515632 49
1717239687122 0.8013320026814099 50
1717239688012 0.8010968045075894 51
1717239688929 0.803397649575144 52
1717239689835 0.8033610095041953 53
1717239690741 0.8023753174630219 54
1717239691639 0.8897350992296128 55
1717239692527 0.8361440875883123 56
1717239693430 0.8010398441660359 57
1717239694331 0.7983869157585727 58
1717239695217 0.8002836457415479 59
1717239696098 0.7876107125065509 60
1717239697008 0.7907331816030991 61
1717239697920 0.8000903569061156 62
1717239698820 0.8025456644052152 63
1717239699916 0.8001961080069525 64
1717239700838 0.7814129705947188 65
1717239701743 0.781838411640066 66
1717239702643 0.7831135167441737 67
1717239703543 0.8159180249321188 68
1717239704443 0.7829808266823529 69
1717239705342 0.784520349988384 70
1717239706244 0.7824848626691251 71
1717239707136 0.7955043362223377 72
1717239708016 0.8125084245163157 73
1717239708915 0.8413807405909093 74
1717239709820 0.8256618807164733 75
1717239710698 0.8114950665281103 76
1717239711603 0.8348018322744762 77
1717239712493 0.7923413391033609 78
1717239713413 0.7814388906998857 79
1717239714308 0.7878445961552804 80
1717239715212 0.84363790459402 81
1717239716138 0.7604470968575661 82
1717239717025 0.0 83
1717239717922 0.0 84
1717239718842 0.0 85
1717239719745 0.0 86
1717239720646 0.0 87
1717239721554 0.0 88
1717239722436 0.0 89
1717239723352 0.0 90
1717239724257 0.0 91
1717239725171 0.0 92
1717239726086 0.0 93
1717239726993 0.0 94
1717239727910 0.0 95
1717239728806 0.0 96
1717239729738 0.0 97
1717239730652 0.0 98
1717239731531 0.0 99
