1717239642563 6216.0 1
1717239643616 3473.0 2
1717239644525 12094.0 3
1717239645419 39580.0 4
1717239646311 36865.0 5
1717239647214 43108.0 6
1717239648110 40328.0 7
1717239649085 41897.0 8
1717239650015 38294.0 9
1717239650911 35923.0 10
1717239651810 37407.0 11
1717239652717 36847.0 12
1717239653617 35930.0 13
1717239654511 39876.0 14
1717239655432 37580.0 15
1717239656360 32955.0 16
1717239657283 33250.0 17
1717239658183 33380.0 18
1717239659075 33740.0 19
1717239659969 31295.0 20
1717239660893 31568.0 21
1717239661814 25370.0 22
1717239662729 6389.0 23
1717239663638 22088.0 24
1717239664547 31821.0 25
1717239665460 53292.0 26
1717239666361 56804.0 27
1717239667267 56804.0 28
1717239668193 54934.0 29
1717239669077 48794.0 30
1717239669975 49267.0 31
1717239670902 41694.0 32
1717239671791 40837.0 33
1717239672678 42098.0 34
1717239673586 40279.0 35
1717239674501 41525.0 36
1717239675391 41762.0 37
1717239676276 41392.0 38
1717239677166 40842.0 39
1717239678073 41225.0 40
1717239678996 41120.0 41
1717239679895 41201.0 42
1717239680778 39645.0 43
1717239681693 40152.0 44
1717239682599 40152.0 45
1717239683505 40310.0 46
1717239684437 41351.0 47
1717239685324 41108.0 48
1717239686220 41270.0 49
1717239687122 40498.0 50
1717239688012 40370.0 51
1717239688929 40708.0 52
1717239689835 40716.0 53
1717239690741 40527.0 54
1717239691639 55513.0 55
1717239692527 43753.0 56
1717239693430 40103.0 57
1717239694331 39773.0 58
1717239695217 39906.0 59
1717239696098 38842.0 60
1717239697008 38934.0 61
1717239697920 39869.0 62
1717239698820 40339.0 63
1717239699916 39979.0 64
1717239700838 37983.0 65
1717239701743 38063.0 66
1717239702643 38276.0 67
1717239703543 41929.0 68
1717239704443 38276.0 69
1717239705342 38515.0 70
1717239706244 38185.0 71
1717239707136 39841.0 72
1717239708016 41618.0 73
1717239708915 44884.0 74
1717239709820 43511.0 75
1717239710698 41433.0 76
1717239711603 44077.0 77
1717239712493 39029.0 78
1717239713413 37993.0 79
1717239714308 38865.0 80
1717239715212 45925.0 81
1717239716138 36299.0 82
1717239717025 82268.0 83
1717239717922 82268.0 84
1717239718842 82268.0 85
1717239719745 82268.0 86
1717239720646 82268.0 87
1717239721554 82268.0 88
1717239722436 82268.0 89
1717239723352 82268.0 90
1717239724257 82268.0 91
1717239725171 82268.0 92
1717239726086 82268.0 93
1717239726993 82268.0 94
1717239727910 82268.0 95
1717239728806 82268.0 96
1717239729738 82268.0 97
1717239730652 82268.0 98
1717239731531 82268.0 99
