1717239642563 0.05471093935687534 1
1717239643616 0.06487934522076416 2
1717239644525 0.2894385935967741 3
1717239645419 0.6159951214275035 4
1717239646311 0.6035225628848749 5
1717239647214 0.6128082000541347 6
1717239648110 0.620165828696137 7
1717239649085 0.6227065318077266 8
1717239650015 0.6058611239202384 9
1717239650911 0.684406578861218 10
1717239651810 0.6836129827426108 11
1717239652717 0.6827122547413955 12
1717239653617 0.6938925615643106 13
1717239654511 0.6786674098868944 14
1717239655432 0.6889526544688301 15
1717239656360 0.7304306378114959 16
1717239657283 0.7282085268551811 17
1717239658183 0.7282245690953889 18
1717239659075 0.7242476860728528 19
1717239659969 0.7369342698592988 20
1717239660893 0.7356298989667515 21
1717239661814 0.5711363950591578 22
1717239662729 0.3558683701073346 23
1717239663638 0.5248298003618035 24
1717239664547 0.5333124456455335 25
1717239665460 0.5552825493274443 26
1717239666361 0.5677802522331482 27
1717239667267 0.5677802522331482 28
1717239668193 0.5719471941536761 29
1717239669077 0.5925777571711798 30
1717239669975 0.5889563811887691 31
1717239670902 0.6126942363173358 32
1717239671791 0.6152172781956019 33
1717239672678 0.6112113690018927 34
1717239673586 0.6153813290095019 35
1717239674501 0.6110363389948231 36
1717239675391 0.610589528258855 37
1717239676276 0.61120777201672 38
1717239677166 0.6126458889528013 39
1717239678073 0.6120543428463495 40
1717239678996 0.6126065375272796 41
1717239679895 0.6119142281106841 42
1717239680778 0.6199271575068422 43
1717239681693 0.614458307284994 44
1717239682599 0.614458307284994 45
1717239683505 0.613831139296887 46
1717239684437 0.6115678210756591 47
1717239685324 0.6131910315662674 48
1717239686220 0.612559713740912 49
1717239687122 0.6140308802166721 50
1717239688012 0.6133460999979136 51
1717239688929 0.6123219221991804 52
1717239689835 0.612264682160997 53
1717239690741 0.6125995999374779 54
1717239691639 0.5648145806628055 55
1717239692527 0.6057325998100227 56
1717239693430 0.6161100526009755 57
1717239694331 0.6168675325642919 58
1717239695217 0.6161033503849467 59
1717239696098 0.6185464976216327 60
1717239697008 0.6190689338438445 61
1717239697920 0.6167264583476969 62
1717239698820 0.6154729006830106 63
1717239699916 0.6148760472267044 64
1717239700838 0.6221386627847882 65
1717239701743 0.6218552800806032 66
1717239702643 0.6213030794425065 67
1717239703543 0.612125270506614 68
1717239704443 0.6211924434614222 69
1717239705342 0.6201983267146323 70
1717239706244 0.6211940970243497 71
1717239707136 0.6161217515499532 72
1717239708016 0.611938775499938 73
1717239708915 0.6024273141357537 74
1717239709820 0.6063627034176902 75
1717239710698 0.6116702004509763 76
1717239711603 0.6041528987372096 77
1717239712493 0.6187584899733309 78
1717239713413 0.6220369470736052 79
1717239714308 0.6187409516003859 80
1717239715212 0.5957165591894654 81
1717239716138 0.5871610233952961 82
1717239717025 0.4049421544814212 83
1717239717922 0.4049421544814212 84
1717239718842 0.4049421544814212 85
1717239719745 0.4049421544814212 86
1717239720646 0.4049421544814212 87
1717239721554 0.4049421544814212 88
1717239722436 0.4049421544814212 89
1717239723352 0.4049421544814212 90
1717239724257 0.4049421544814212 91
1717239725171 0.4049421544814212 92
1717239726086 0.4049421544814212 93
1717239726993 0.4049421544814212 94
1717239727910 0.4049421544814212 95
1717239728806 0.4049421544814212 96
1717239729738 0.4049421544814212 97
1717239730652 0.4049421544814212 98
1717239731531 0.4049421544814212 99
