1717631810270 0.14088873925328346 1
1717631811717 0.39889293560891453 2
1717631813180 0.42852996965964346 3
1717631814744 0.41869808575399836 4
1717631816238 0.4386526533851244 5
1717631817798 0.43264108699208986 6
1717631819243 0.42952913630610107 7
1717631820666 0.46575476188816245 8
1717631822136 0.4783629922279263 9
1717631823890 0.5091476407937734 10
1717631825454 0.5372699689905857 11
1717631827064 0.5460928384488086 12
1717631828670 0.5639548047687772 13
1717631830139 0.5754543562665171 14
1717631831687 0.5958330108496254 15
1717631833175 0.58805763541378 16
