1717325858271 0.1234321398562743 1
1717325860335 0.07753826121954248 2
1717325862371 0.13846025930902564 3
1717325864422 0.154236173519554 4
1717325866549 0.16451267715224835 5
1717325868658 0.20143534498687835 6
1717325870695 0.2554782893442187 7
1717325872790 0.28698716690443843 8
1717325874851 0.32034120868505395 9
1717325876947 0.3603374132948522 10
1717325879011 0.37870028882737955 11
1717325881143 0.39878523694802936 12
1717325883210 0.4104644558844481 13
1717325885286 0.42061475309746266 14
1717325887405 0.42253517738189816 15
1717325889467 0.42660566365833996 16
1717325891474 0.43413773334390204 17
1717325893560 0.4469652135349966 18
1717325895691 0.45975783053038566 19
1717325897772 0.4740182398323499 20
1717325899777 0.4859664892309606 21
1717325901862 0.4828739922037115 22
1717325903964 0.49766729725476755 23
1717325906050 0.5067165349003936 24
1717325908140 0.5425325040091562 25
1717325910285 0.5493235119505507 26
1717325912367 0.5677763417651059 27
1717325914404 0.5888257473887075 28
1717325916553 0.6115062803058595 29
1717325918598 0.629380645638753 30
1717325920693 0.6404821952297919 31
1717325922782 0.6599263960503985 32
1717325924928 0.670257336596116 33
1717325927016 0.6722549633567458 34
1717325929118 0.6859257819926639 35
1717325931209 0.7063889772776327 36
1717325933367 0.7008390130022718 37
1717325935397 0.6938038064734039 38
1717325937491 0.7212453787830044 39
1717325939610 0.7161178428839129 40
1717325941661 0.7340781802889019 41
1717325943780 0.7117008468022042 42
1717325945879 0.7423253555453804 43
1717325948021 0.761130377248589 44
1717325950108 0.7677389456729038 45
1717325952316 0.7641384091789336 46
1717325954340 0.7749470373233492 47
1717325956431 0.7650674034711618 48
1717325958485 0.7851079205976033 49
1717325960530 0.7885910471689948 50
1717325962687 0.7896342958649631 51
1717325964806 0.7922711954893543 52
1717325966857 0.8047758712184755 53
1717325968895 0.8091589276137859 54
1717325971008 0.8058014259395693 55
1717325973036 0.8106856652033645 56
1717325975132 0.7962278285284187 57
1717325977177 0.8230105795691416 58
1717325979229 0.827174388345974 59
1717325981282 0.8247248478605298 60
1717325983356 0.8312322981841432 61
1717325985434 0.8363649301901556 62
1717325987501 0.8018649277358835 63
1717325989555 0.8341410835047882 64
1717325991600 0.8454839372661965 65
1717325993642 0.8258003548292613 66
1717325995723 0.8366931788042934 67
1717325997785 0.7864295519116308 68
1717325999845 0.822560235802274 69
1717326001905 0.8486496336816094 70
1717326003971 0.856010974094266 71
1717326006043 0.8440713195450759 72
1717326008099 0.8419979742325088 73
1717326010147 0.8520186924371465 74
1717326012260 0.8528766895526497 75
1717326015490 0.8492952059457063 76
1717326017631 0.8541371920392292 77
1717326019703 0.851756173137955 78
1717326021752 0.8528066141287476 79
1717326023841 0.8483691084282662 80
1717326025933 0.8590804399864684 81
1717326028027 0.8427641373838294 82
1717326030115 0.852322883530244 83
1717326032189 0.8598673471195534 84
1717326034245 0.8593955925548525 85
1717326036274 0.8551306985231857 86
1717326038373 0.8491876850110168 87
1717326040438 0.8593684790739256 88
1717326042549 0.8232066173937271 89
1717326044735 0.8608830961580622 90
1717326047462 0.8638222884448346 91
1717326049531 0.8637319080825407 92
1717326051610 0.8654966390024901 93
1717326053701 0.8683067100964204 94
1717326055782 0.8601020642626579 95
1717326057892 0.8627089234574058 96
1717326059980 0.8621017614100056 97
1717326062057 0.8613568705445186 98
1717326064153 0.8659427334126237 99
