1717325858271 0.9197185926441894 1
1717325860335 0.9995674166412782 2
1717325862371 0.9990888212872061 3
1717325864422 0.9988027557702154 4
1717325866549 0.9987972260253178 5
1717325868658 0.9984023627867307 6
1717325870695 0.9978917355918636 7
1717325872790 0.9968858164509465 8
1717325874851 0.9962235808781245 9
1717325876947 0.9941704889525447 10
1717325879011 0.995825964167863 11
1717325881143 0.9955381671330068 12
1717325883210 0.9944910696532678 13
1717325885286 0.9947490669760743 14
1717325887405 0.9948129245918387 15
1717325889467 0.994285408795769 16
1717325891474 0.9946896991817321 17
1717325893560 0.9944703382956958 18
1717325895691 0.9934144126427358 19
1717325897772 0.9932739155431185 20
1717325899777 0.9926843163333521 21
1717325901862 0.9930181032279614 22
1717325903964 0.99210195134919 23
1717325906050 0.9921771995452112 24
1717325908140 0.9908643874194789 25
1717325910285 0.9906216906297697 26
1717325912367 0.9902369749359574 27
1717325914404 0.9897555632690744 28
1717325916553 0.9888189803032339 29
1717325918598 0.9884211525428906 30
1717325920693 0.9873050598755395 31
1717325922782 0.9873158737185279 32
1717325924928 0.9875628710970179 33
1717325927016 0.9865343336652272 34
1717325929118 0.9862565623797745 35
1717325931209 0.9862450241697204 36
1717325933367 0.9860766124161815 37
1717325935397 0.9863041382986025 38
1717325937491 0.9853062186717348 39
1717325939610 0.985213118240498 40
1717325941661 0.9855477443136966 41
1717325943780 0.9856106010046788 42
1717325945879 0.9854686948923286 43
1717325948021 0.9853754667587676 44
1717325950108 0.9853132674189902 45
1717325952316 0.9850034049636163 46
1717325954340 0.9850536401027368 47
1717325956431 0.9851644638546865 48
1717325958485 0.9852115436529382 49
1717325960530 0.9851014437199713 50
1717325962687 0.9850830551470157 51
1717325964806 0.9848482376785046 52
1717325966857 0.9848624693106266 53
1717325968895 0.9849442511672835 54
1717325971008 0.9845628115147534 55
1717325973036 0.9848351411000195 56
1717325975132 0.9851397579300814 57
1717325977177 0.9848118887038835 58
1717325979229 0.9848984290440602 59
1717325981282 0.9847744260643353 60
1717325983356 0.9847850674211934 61
1717325985434 0.9851286731074458 62
1717325987501 0.9850318697694009 63
1717325989555 0.9850053455454171 64
1717325991600 0.9850322650612258 65
1717325993642 0.9848266573428225 66
1717325995723 0.9851979884029685 67
1717325997785 0.9847042369435767 68
1717325999845 0.9826498338959443 69
1717326001905 0.9838261959789232 70
1717326003971 0.9838386579076259 71
1717326006043 0.9850235681076315 72
1717326008099 0.9855250672427933 73
1717326010147 0.9851606099061615 74
1717326012260 0.9852791302203073 75
1717326015490 0.9852447970205689 76
1717326017631 0.9853483555037494 77
1717326019703 0.9852371362907573 78
1717326021752 0.9854393682100047 79
1717326023841 0.9857166725099441 80
1717326025933 0.9855416454557886 81
1717326028027 0.9854104343435601 82
1717326030115 0.9858805019354872 83
1717326032189 0.9856772484500729 84
1717326034245 0.985865468260845 85
1717326036274 0.9859188615859735 86
1717326038373 0.9857854918205605 87
1717326040438 0.985777702514396 88
1717326042549 0.9857855906361946 89
1717326044735 0.9857922241612913 90
1717326047462 0.9862795440985513 91
1717326049531 0.9862173003963575 92
1717326051610 0.9864380021327304 93
1717326053701 0.9861301313599115 94
1717326055782 0.9860270403499175 95
1717326057892 0.9864284863933852 96
1717326059980 0.9865216276076457 97
1717326062057 0.9865738895127919 98
1717326064153 0.9858847842354223 99
