1717325858271 322246.0 1
1717325860335 350646.0 2
1717325862371 349088.0 3
1717325864422 348625.0 4
1717325866549 348432.0 5
1717325868658 347514.0 6
1717325870695 346105.0 7
1717325872790 345017.0 8
1717325874851 344038.0 9
1717325876947 342502.0 10
1717325879011 342630.0 11
1717325881143 342076.0 12
1717325883210 341449.0 13
1717325885286 341299.0 14
1717325887405 341269.0 15
1717325889467 341008.0 16
1717325891474 340980.0 17
1717325893560 340618.0 18
1717325895691 339971.0 19
1717325897772 339588.0 20
1717325899777 339154.0 21
1717325901862 339315.0 22
1717325903964 338652.0 23
1717325906050 338495.0 24
1717325908140 337149.0 25
1717325910285 336938.0 26
1717325912367 336477.0 27
1717325914404 335873.0 28
1717325916553 334978.0 29
1717325918598 334605.0 30
1717325920693 333901.0 31
1717325922782 333507.0 32
1717325924928 333350.0 33
1717325927016 332989.0 34
1717325929118 332588.0 35
1717325931209 332097.0 36
1717325933367 332181.0 37
1717325935397 332340.0 38
1717325937491 331432.0 39
1717325939610 331506.0 40
1717325941661 331154.0 41
1717325943780 331708.0 42
1717325945879 330934.0 43
1717325948021 330484.0 44
1717325950108 330390.0 45
1717325952316 330365.0 46
1717325954340 330124.0 47
1717325956431 330399.0 48
1717325958485 329942.0 49
1717325960530 329803.0 50
1717325962687 329699.0 51
1717325964806 329758.0 52
1717325966857 329375.0 53
1717325968895 329312.0 54
1717325971008 329361.0 55
1717325973036 329306.0 56
1717325975132 329716.0 57
1717325977177 328980.0 58
1717325979229 328902.0 59
1717325981282 328980.0 60
1717325983356 328718.0 61
1717325985434 328749.0 62
1717325987501 329495.0 63
1717325989555 328779.0 64
1717325991600 328528.0 65
1717325993642 328964.0 66
1717325995723 328770.0 67
1717325997785 329822.0 68
1717325999845 328234.0 69
1717326001905 328003.0 70
1717326003971 327807.0 71
1717326006043 328542.0 72
1717326008099 328762.0 73
1717326010147 328345.0 74
1717326012260 328353.0 75
1717326015490 328461.0 76
1717326017631 328410.0 77
1717326019703 328469.0 78
1717326021752 328522.0 79
1717326023841 328644.0 80
1717326025933 328398.0 81
1717326028027 328620.0 82
1717326030115 328607.0 83
1717326032189 328348.0 84
1717326034245 328423.0 85
1717326036274 328560.0 86
1717326038373 328633.0 87
1717326040438 328422.0 88
1717326042549 329175.0 89
1717326044735 328417.0 90
1717326047462 328492.0 91
1717326049531 328439.0 92
1717326051610 328487.0 93
1717326053701 328381.0 94
1717326055782 328521.0 95
1717326057892 328530.0 96
1717326059980 328600.0 97
1717326062057 328630.0 98
1717326064153 328297.0 99
