1717532067864 247809.0 1
1717532072591 232260.0 2
1717532077202 232185.0 3
1717532081916 238606.0 4
1717532086577 237945.0 5
1717532091665 237728.0 6
1717532096492 239972.0 7
1717532101276 244924.0 8
1717532106020 246839.0 9
1717532110830 253052.0 10
1717532115515 256827.0 11
1717532120104 263821.0 12
1717532124700 270331.0 13
1717532129531 279016.0 14
1717532134172 285833.0 15
1717532138963 289846.0 16
1717532143487 296350.0 17
1717532148238 299716.0 18
1717532152955 301940.0 19
1717532157582 304433.0 20
1717532162221 305921.0 21
1717532166862 307552.0 22
1717532171438 308627.0 23
1717532176255 309785.0 24
1717532180973 310360.0 25
1717532185643 310999.0 26
1717532190243 311652.0 27
1717532194948 311986.0 28
1717532199663 312318.0 29
1717532204321 312598.0 30
1717532209364 312744.0 31
1717532214518 313016.0 32
1717532219418 313146.0 33
1717532224088 313774.0 34
1717532228946 313904.0 35
1717532233576 314200.0 36
1717532238182 314518.0 37
1717532242877 314869.0 38
1717532247667 314662.0 39
1717532252479 315042.0 40
1717532257284 315017.0 41
1717532262187 315249.0 42
1717532267103 315302.0 43
1717532271910 315186.0 44
1717532276624 315491.0 45
1717532281445 315773.0 46
1717532286106 315985.0 47
1717532290825 316391.0 48
1717532295377 316372.0 49
1717532300105 316684.0 50
1717532304894 316546.0 51
1717532309459 316445.0 52
1717532314184 313166.0 53
1717532319005 314286.0 54
1717532323772 315888.0 55
1717532328577 316505.0 56
1717532333310 317025.0 57
1717532338197 317291.0 58
1717532342892 317585.0 59
1717532347604 317723.0 60
1717532352220 317782.0 61
1717532357380 318014.0 62
1717532362168 318221.0 63
1717532367011 318109.0 64
1717532371905 318159.0 65
1717532376563 318454.0 66
1717532381315 318407.0 67
1717532386292 318462.0 68
1717532391053 318532.0 69
1717532395894 318649.0 70
1717532400653 318602.0 71
1717532405356 318620.0 72
1717532410061 318234.0 73
1717532414846 318559.0 74
1717532419487 318914.0 75
1717532424187 318903.0 76
1717532428971 318607.0 77
1717532433653 316140.0 78
1717532438514 317119.0 79
1717532443291 317902.0 80
1717532448018 318762.0 81
1717532452762 318739.0 82
1717532457435 319058.0 83
1717532462190 319099.0 84
1717532467015 319232.0 85
1717532471842 319299.0 86
1717532476466 319366.0 87
1717532481632 319444.0 88
1717532486584 319560.0 89
1717532491336 319598.0 90
1717532496037 319759.0 91
1717532500721 319794.0 92
1717532505464 319747.0 93
1717532510509 319893.0 94
1717532515186 319834.0 95
1717532519916 319567.0 96
1717532524643 319592.0 97
1717532529336 319372.0 98
1717532533955 319549.0 99
