1717532067864 0.9515833796766028 1
1717532072591 0.9689052322450502 2
1717532077202 0.9761730052104124 3
1717532081916 0.9788902652051827 4
1717532086577 0.9818215924191103 5
1717532091665 0.984411018942913 6
1717532096492 0.9862165497795136 7
1717532101276 0.9892240696911045 8
1717532106020 0.9916659870127553 9
1717532110830 0.9925518070392021 10
1717532115515 0.9939126943600421 11
1717532120104 0.9945611077830872 12
1717532124700 0.9957075899523523 13
1717532129531 0.9961160407698744 14
1717532134172 0.9966436811469815 15
1717532138963 0.9971202344896858 16
1717532143487 0.9974080463772602 17
1717532148238 0.9976168694419397 18
1717532152955 0.9977404960595113 19
1717532157582 0.9979644656846395 20
1717532162221 0.998169268204668 21
1717532166862 0.9981475311312421 22
1717532171438 0.9983139963697913 23
1717532176255 0.9985409763207155 24
1717532180973 0.9987126669752822 25
1717532185643 0.9988084790966315 26
1717532190243 0.9988435935048288 27
1717532194948 0.99884472925404 28
1717532199663 0.9989778425357422 29
1717532204321 0.9990433003080176 30
1717532209364 0.9990216498014813 31
1717532214518 0.9990377054152786 32
1717532219418 0.9991333941384736 33
1717532224088 0.9991042006254783 34
1717532228946 0.9992072959389916 35
1717532233576 0.9992138521477982 36
1717532238182 0.9992571522328257 37
1717532242877 0.9992721377789464 38
1717532247667 0.9993122792256418 39
1717532252479 0.9991461202925187 40
1717532257284 0.9992271290939897 41
1717532262187 0.9992909857007121 42
1717532267103 0.9992932735071172 43
1717532271910 0.9992885245236705 44
1717532276624 0.9993404172467072 45
1717532281445 0.9992808740244259 46
1717532286106 0.9993240629475527 47
1717532290825 0.9993853457467938 48
1717532295377 0.9993668241443361 49
1717532300105 0.9994151382128287 50
1717532304894 0.9994420109726221 51
1717532309459 0.9990716029481007 52
1717532314184 0.9987092072087025 53
1717532319005 0.9992020845922917 54
1717532323772 0.9993307808262492 55
1717532328577 0.9993527540645758 56
1717532333310 0.999440205114353 57
1717532338197 0.9994734434734326 58
1717532342892 0.999479139982974 59
1717532347604 0.9995347130101602 60
1717532352220 0.9995160186536132 61
1717532357380 0.9995441279099125 62
1717532362168 0.9995497737527423 63
1717532367011 0.9995944188735141 64
1717532371905 0.9995822494929256 65
1717532376563 0.9995644388493685 66
1717532381315 0.999590984963551 67
1717532386292 0.9995555182735745 68
1717532391053 0.9996266799655477 69
1717532395894 0.9996042799741824 70
1717532400653 0.9995382640379474 71
1717532405356 0.9995057329824659 72
1717532410061 0.9995194107849867 73
1717532414846 0.9995727874988439 74
1717532419487 0.999589229206237 75
1717532424187 0.9995863505662363 76
1717532428971 0.9993888071307699 77
1717532433653 0.9992971940468738 78
1717532438514 0.9992851208869502 79
1717532443291 0.9995638951792096 80
1717532448018 0.9995524190923929 81
1717532452762 0.999672830813771 82
1717532457435 0.9996372008839374 83
1717532462190 0.9996613804323636 84
1717532467015 0.999695439385066 85
1717532471842 0.9997363834085352 86
1717532476466 0.9997262503209221 87
1717532481632 0.9997042484590006 88
1717532486584 0.9997814772900471 89
1717532491336 0.9997775385086467 90
1717532496037 0.9997549502544061 91
1717532500721 0.9997481750200928 92
1717532505464 0.9997526144571315 93
1717532510509 0.9997976706973262 94
1717532515186 0.99977963564184 95
1717532519916 0.9997359064656353 96
1717532524643 0.9997064834686645 97
1717532529336 0.9996572850931483 98
1717532533955 0.9996804490918944 99
