1717532067864 0.46496746709568515 1
1717532072591 0.6771109629302036 2
1717532077202 0.754536429032573 3
1717532081916 0.7766411484546172 4
1717532086577 0.8085034726747787 5
1717532091665 0.8355796977572426 6
1717532096492 0.852924631060363 7
1717532101276 0.8834449474002202 8
1717532106020 0.9093059483258742 9
1717532110830 0.9169341611967966 10
1717532115515 0.9310514973134408 11
1717532120104 0.9368803055435568 12
1717532124700 0.9489871949694513 13
1717532129531 0.9524710942140172 14
1717532134172 0.957947373434188 15
1717532138963 0.9629307682376691 16
1717532143487 0.9655980797130399 17
1717532148238 0.9683727602442953 18
1717532152955 0.9696831466799839 19
1717532157582 0.972457305477329 20
1717532162221 0.9751032531918389 21
1717532166862 0.974517743934193 22
1717532171438 0.976617589892678 23
1717532176255 0.9797916346168685 24
1717532180973 0.9820114956972339 25
1717532185643 0.983297523493729 26
1717532190243 0.9836396826288579 27
1717532194948 0.9836910895126167 28
1717532199663 0.9855427148257088 29
1717532204321 0.986481337707674 30
1717532209364 0.9861499949381612 31
1717532214518 0.9864213759676738 32
1717532219418 0.9877670528587107 33
1717532224088 0.9873510172668513 34
1717532228946 0.9887328747706622 35
1717532233576 0.9886980345081177 36
1717532238182 0.989307090800334 37
1717532242877 0.989538097925205 38
1717532247667 0.9902014212850815 39
1717532252479 0.9877659846809251 40
1717532257284 0.9888047400820132 41
1717532262187 0.9898452496012764 42
1717532267103 0.989894962419409 43
1717532271910 0.9897574344189657 44
1717532276624 0.9904470355553062 45
1717532281445 0.9896419224209709 46
1717532286106 0.9902810431718746 47
1717532290825 0.9912394190088382 48
1717532295377 0.9909287317222572 49
1717532300105 0.9916621154862112 50
1717532304894 0.9919376597728068 51
1717532309459 0.9873898225975978 52
1717532314184 0.9816774787023749 53
1717532319005 0.9887460820160712 54
1717532323772 0.9902814576013201 55
1717532328577 0.9904110262731936 56
1717532333310 0.9919153226146648 57
1717532338197 0.9922912830240683 58
1717532342892 0.99245417882675 59
1717532347604 0.9932362972493755 60
1717532352220 0.9929407982007309 61
1717532357380 0.993375400972215 62
1717532362168 0.9933651829902532 63
1717532367011 0.9941506921974896 64
1717532371905 0.9938965718015091 65
1717532376563 0.9936835013400956 66
1717532381315 0.9939528176830188 67
1717532386292 0.9934852157072678 68
1717532391053 0.9944764310492575 69
1717532395894 0.9942006849306676 70
1717532400653 0.9932732094083163 71
1717532405356 0.9927654623233799 72
1717532410061 0.9930139802065984 73
1717532414846 0.9936990703180433 74
1717532419487 0.9938954681097961 75
1717532424187 0.9939499852767243 76
1717532428971 0.9910077439107345 77
1717532433653 0.9900774717651623 78
1717532438514 0.98975700046169 79
1717532443291 0.993660063900389 80
1717532448018 0.9934727325168919 81
1717532452762 0.9951114297408179 82
1717532457435 0.9946880383888553 83
1717532462190 0.9949921831293929 84
1717532467015 0.995507895461765 85
1717532471842 0.9960907889696881 86
1717532476466 0.9959757990611646 87
1717532481632 0.9955880370723077 88
1717532486584 0.9967760769837719 89
1717532491336 0.9966751618594426 90
1717532496037 0.9964385265112125 91
1717532500721 0.9962369590896752 92
1717532505464 0.9963767920008529 93
1717532510509 0.9969885756200457 94
1717532515186 0.996774131636578 95
1717532519916 0.9960046537600946 96
1717532524643 0.9957516323226357 97
1717532529336 0.9950293080583197 98
1717532533955 0.9952799244428107 99
