1717694777098 0.4401087760925293 1
1717694778199 0.6677115559577942 2
1717694779369 0.6677115559577942 3
1717694780600 0.6677115559577942 4
1717694781756 0.6677115559577942 5
1717694782940 0.6677115559577942 6
1717694784034 0.6688612103462219 7
1717694785227 0.6749087572097778 8
1717694786430 0.68385249376297 9
1717694787679 0.6921139359474182 10
1717694788769 0.6989226341247559 11
1717694789964 0.7036168575286865 12
1717694790954 0.7067908644676208 13
1717694792016 0.7085095047950745 14
1717694793139 0.7096335887908936 15
1717694794247 0.7107462286949158 16
