1716271329180 0.4703151285648346 1
1716271343455 0.3313293755054474 2
1716271779200 0.31939929723739624 3
1716271793909 0.285862535238266 4
1716271808452 0.22936463356018066 5
1716271934004 0.2021981030702591 6
1716271948705 0.19650748372077942 7
1716271963248 0.1908896416425705 8
1716271977342 0.19123795628547668 9
1716271992164 0.18776462972164154 10
1716272006682 0.22052475810050964 11
1716272021055 0.1960422247648239 12
1716272036103 0.19181674718856812 13
1716272050581 0.18883343040943146 14
1716272065286 0.18441884219646454 15
1716272079817 0.18204237520694733 16
1716272094373 0.1808188408613205 17
1716272108992 0.17789913713932037 18
1716272123512 0.17808938026428223 19
1716272138047 0.17588907480239868 20
1716272153197 0.1755192130804062 21
1716273174008 0.17006433010101318 22
1716273188650 0.16843092441558838 23
1716273202894 0.16948963701725006 24
1716273508613 0.16217634081840515 25
1716273523112 0.16356609761714935 26
1716273537179 0.1546713411808014 27
1716273551481 0.1822906732559204 28
1716273565841 0.17575111985206604 29
1716273592366 0.1492600291967392 30
1716273606976 0.15908965468406677 31
1716273621595 0.15926343202590942 32
1716274391768 0.14319296181201935 33
1716274406598 0.14879803359508514 34
1716274421387 0.14475645124912262 35
1716275200247 0.13872595131397247 36
1716275214749 0.13346444070339203 37
1716275229264 0.13375064730644226 38
1716275313587 0.1441720426082611 39
1716275328490 0.13360008597373962 40
1716275342905 0.13221314549446106 41
1716275357591 0.13375189900398254 42
1716275371919 0.12843623757362366 43
1716275386709 0.12535327672958374 44
1716275400940 0.12952843308448792 45
1716275415158 0.13155660033226013 46
1716275429958 0.13124847412109375 47
1716275987592 0.12232214212417603 48
1716276001912 0.1225910633802414 49
1716276016585 0.14635317027568817 50
1716276030999 0.1430770605802536 51
1716276045496 0.11833939701318741 52
1716276060366 0.1273876428604126 53
1716276075160 0.11666598170995712 54
1716276090076 0.11354786157608032 55
1716276105246 0.11665205657482147 56
1716276120191 0.11234022676944733 57
1716276135248 0.12258490175008774 58
1716276150317 0.10910441726446152 59
1716276165434 0.1090187057852745 60
1716276180372 0.11145663261413574 61
1716276195474 0.11098191887140274 62
1716276210239 0.11106916517019272 63
1716276224996 0.11204914003610611 64
1716276239778 0.11261506378650665 65
1716276254700 0.10915658622980118 66
1716276269430 0.10812918841838837 67
1716276284226 0.10144021362066269 68
1716276578767 0.10288797318935394 69
1716276593940 0.09966765344142914 70
1716276609108 0.11205422878265381 71
1716276623540 0.09556548297405243 72
1716276638014 0.10505597293376923 73
1716276653143 0.0937071219086647 74
1716276667920 0.09237051755189896 75
1716276682698 0.10087324678897858 76
1716277609557 0.08999978750944138 77
1716277624241 0.1084485799074173 78
1716277638953 0.09202146530151367 79
1716277653697 0.10612796247005463 80
1716277668746 0.09946884214878082 81
1716277683378 0.10894577205181122 82
1716277697862 0.12242990732192993 83
1716277712599 0.097048319876194 84
1716277727276 0.09215899556875229 85
1716277741915 0.09010674059391022 86
1716278666094 0.09196891635656357 87
1716278680817 0.09316013008356094 88
1716278695957 0.09781144559383392 89
1716278976851 0.09362445771694183 90
1716278991534 0.08957222104072571 91
1716279006161 0.09157776087522507 92
1716279020939 0.08862266689538956 93
1716279035774 0.09011624753475189 94
1716279051133 0.0897100418806076 95
1716279065909 0.08594813197851181 96
1716279080582 0.08430851995944977 97
1716279980005 0.14086385071277618 98
1716279995435 0.09682784974575043 99
