1716271329180 56964.0 1
1716271343455 3652.0 2
1716271779200 6170.0 3
1716271793909 19178.0 4
1716271808452 60630.0 5
1716271934004 88741.0 6
1716271948705 89105.0 7
1716271963248 98228.0 8
1716271977342 99552.0 9
1716271992164 100626.0 10
1716272006682 80935.0 11
1716272021055 87045.0 12
1716272036103 88185.0 13
1716272050581 97186.0 14
1716272065286 98006.0 15
1716272079817 104921.0 16
1716272094373 103245.0 17
1716272108992 103583.0 18
1716272123512 104516.0 19
1716272138047 106247.0 20
1716272153197 107235.0 21
1716273174008 112401.0 22
1716273188650 115702.0 23
1716273202894 111868.0 24
1716273508613 110426.0 25
1716273523112 112129.0 26
1716273537179 112877.0 27
1716273551481 110723.0 28
1716273565841 101357.0 29
1716273592366 123313.0 30
1716273606976 120105.0 31
1716273621595 116142.0 32
1716274391768 125028.0 33
1716274406598 124652.0 34
1716274421387 125801.0 35
1716275200247 127738.0 36
1716275214749 125975.0 37
1716275229264 126218.0 38
1716275313587 122968.0 39
1716275328490 125859.0 40
1716275342905 125743.0 41
1716275357591 122954.0 42
1716275371919 123705.0 43
1716275386709 124904.0 44
1716275400940 123220.0 45
1716275415158 124910.0 46
1716275429958 126564.0 47
1716275987592 121959.0 48
1716276001912 123766.0 49
1716276016585 119370.0 50
1716276030999 118495.0 51
1716276045496 124510.0 52
1716276060366 124196.0 53
1716276075160 124486.0 54
1716276090076 123830.0 55
1716276105246 124348.0 56
1716276120191 124101.0 57
1716276135248 124192.0 58
1716276150317 123354.0 59
1716276165434 122281.0 60
1716276180372 123103.0 61
1716276195474 124175.0 62
1716276210239 123019.0 63
1716276224996 122120.0 64
1716276239778 121954.0 65
1716276254700 122747.0 66
1716276269430 123581.0 67
1716276284226 123324.0 68
1716276578767 123044.0 69
1716276593940 123461.0 70
1716276609108 123812.0 71
1716276623540 124098.0 72
1716276638014 122842.0 73
1716276653143 123110.0 74
1716276667920 123002.0 75
1716276682698 122737.0 76
1716277609557 122925.0 77
1716277624241 124452.0 78
1716277638953 122240.0 79
1716277653697 124762.0 80
1716277668746 121330.0 81
1716277683378 121046.0 82
1716277697862 121597.0 83
1716277712599 120034.0 84
1716277727276 121561.0 85
1716277741915 121924.0 86
1716278666094 122263.0 87
1716278680817 123047.0 88
1716278695957 123235.0 89
1716278976851 121868.0 90
1716278991534 122327.0 91
1716279006161 123060.0 92
1716279020939 122456.0 93
1716279035774 122175.0 94
1716279051133 123414.0 95
1716279065909 123109.0 96
1716279080582 123133.0 97
1716279980005 125938.0 98
1716279995435 122678.0 99
