1716271329180 0.053717512723188844 1
1716271343455 0.012520808435238562 2
1716271779200 0.02467021310733034 3
1716271793909 0.10324046389204644 4
1716271808452 0.3150390249443474 5
1716271934004 0.44491549410843856 6
1716271948705 0.45726852432728415 7
1716271963248 0.5010416863019127 8
1716271977342 0.51393621024804 9
1716271992164 0.5252954090067142 10
1716272006682 0.38598743597546176 11
1716272021055 0.44386167533130455 12
1716272036103 0.47085206201086177 13
1716272050581 0.5095625833444617 14
1716272065286 0.522716917833924 15
1716272079817 0.5628976590758219 16
1716272094373 0.560089931230434 17
1716272108992 0.561132355132437 18
1716272123512 0.5725765670041801 19
1716272138047 0.5832177238837783 20
1716272153197 0.590005474224345 21
1716273174008 0.6241363716963759 22
1716273188650 0.6350975467825851 23
1716273202894 0.6185799910862286 24
1716273508613 0.6421591317527381 25
1716273523112 0.6409413449369004 26
1716273537179 0.674758506431329 27
1716273551481 0.6101245796966259 28
1716273565841 0.5567234523047009 29
1716273592366 0.7367507402088807 30
1716273606976 0.6983071931827233 31
1716273621595 0.6725419446062177 32
1716274391768 0.7518619374661656 33
1716274406598 0.739528370069879 34
1716274421387 0.7532145813934911 35
1716275200247 0.7751164609807566 36
1716275214749 0.7780406750930874 37
1716275229264 0.7801082882552948 38
1716275313587 0.7497718873676775 39
1716275328490 0.7793450927487472 40
1716275342905 0.780681479511007 41
1716275357591 0.7626218901866767 42
1716275371919 0.7779826283109411 43
1716275386709 0.7896896610817662 44
1716275400940 0.7752363553514376 45
1716275415158 0.781874332465099 46
1716275429958 0.7811873795327322 47
1716275987592 0.7853117508207526 48
1716276001912 0.7979141105677965 49
1716276016585 0.7247211544099472 50
1716276030999 0.7253837385119655 51
1716276045496 0.8099654954960676 52
1716276060366 0.7874911876186651 53
1716276075160 0.814147563343985 54
1716276090076 0.8136798193410634 55
1716276105246 0.8106547239354699 56
1716276120191 0.8204425391560438 57
1716276135248 0.7961462857074564 58
1716276150317 0.8240452923153979 59
1716276165434 0.818494906277284 60
1716276180372 0.8139958576706704 61
1716276195474 0.8173283695401642 62
1716276210239 0.8181038865719442 63
1716276224996 0.8147395054177367 64
1716276239778 0.8164753074776996 65
1716276254700 0.8168524078746255 66
1716276269430 0.8291244066786725 67
1716276284226 0.8394115162516627 68
1716276578767 0.8395236094466261 69
1716276593940 0.8394945413799807 70
1716276609108 0.8224305136276637 71
1716276623540 0.8555897227353798 72
1716276638014 0.8353940087604865 73
1716276653143 0.8533638425038005 74
1716276667920 0.8534296287829338 75
1716276682698 0.8448500850744308 76
1716277609557 0.8592022318803167 77
1716277624241 0.8293794948325092 78
1716277638953 0.8533212592692389 79
1716277653697 0.8305573649981467 80
1716277668746 0.8392464970589903 81
1716277683378 0.8196637445099565 82
1716277697862 0.8079063180453628 83
1716277712599 0.8386464784100808 84
1716277727276 0.8502734415570281 85
1716277741915 0.854819113892807 86
1716278666094 0.8532078012187423 87
1716278680817 0.8548285887545266 88
1716278695957 0.8423413615247994 89
1716278976851 0.8444762218068588 90
1716278991534 0.8564811284304465 91
1716279006161 0.855116524592008 92
1716279020939 0.86052780032092 93
1716279035774 0.855964736627539 94
1716279051133 0.8587730455276816 95
1716279065909 0.8653807156355311 96
1716279080582 0.8671392932850278 97
1716279980005 0.767557147872973 98
1716279995435 0.8413354418415684 99
