1717625681349 405327.0 1
1717625694127 314883.0 2
1717625705285 292764.0 3
1717625715239 278700.0 4
1717625726827 256848.0 5
1717625738814 247355.0 6
1717625750458 242465.0 7
1717625763255 239422.0 8
1717625774743 236583.0 9
1717625788440 234567.0 10
1717625801034 232137.0 11
1717625813938 228715.0 12
1717625826593 223970.0 13
1717625840787 221470.0 14
1717625854487 218742.0 15
1717625867529 216950.0 16
1717625880821 216478.0 17
1717625895081 215102.0 18
1717625909777 214267.0 19
1717625923823 212824.0 20
1717625936747 211861.0 21
1717625949728 211366.0 22
1717625962940 210689.0 23
1717625976255 210344.0 24
1717625991214 209709.0 25
1717626002355 209085.0 26
1717626013544 209223.0 27
1717626026050 208578.0 28
1717626038160 208087.0 29
1717626049238 208798.0 30
1717626063173 208338.0 31
1717626077924 208095.0 32
1717626089777 207690.0 33
1717626100312 207664.0 34
1717626111492 206704.0 35
1717626123888 206625.0 36
1717626136102 206780.0 37
1717626148813 206424.0 38
1717626160783 206245.0 39
1717626173273 206037.0 40
1717626188684 205384.0 41
1717626203171 205614.0 42
1717626218608 206023.0 43
1717626232895 204905.0 44
1717626246493 204910.0 45
1717626259965 205037.0 46
1717626274301 205110.0 47
1717626288765 204337.0 48
1717626303758 204973.0 49
1717626319070 203970.0 50
1717626333436 203359.0 51
1717626347598 204601.0 52
1717626361632 204040.0 53
1717626376493 203145.0 54
1717626391306 203050.0 55
1717626405377 203217.0 56
1717626420418 202604.0 57
1717626435718 202711.0 58
1717626451884 202313.0 59
1717626465224 202435.0 60
1717626480848 203021.0 61
1717626495592 201973.0 62
1717626512353 201985.0 63
1717626527977 201056.0 64
1717626544268 201762.0 65
1717626557567 201160.0 66
1717626571746 200790.0 67
1717626587696 200918.0 68
1717626600987 200965.0 69
1717626614175 201079.0 70
1717626629071 200532.0 71
1717626645921 200815.0 72
1717626659848 200314.0 73
1717626673578 200815.0 74
1717626686556 200035.0 75
1717626701759 200321.0 76
1717626716362 199935.0 77
1717626729916 199604.0 78
1717626745414 200075.0 79
1717626762357 199290.0 80
1717626776216 199220.0 81
1717626791214 199501.0 82
1717626805915 199865.0 83
1717626820709 198602.0 84
1717626834110 199284.0 85
1717626849012 199025.0 86
1717626864114 199051.0 87
1717626877799 198670.0 88
1717626892107 199339.0 89
1717626905653 198233.0 90
1717626921346 198583.0 91
1717626936471 198392.0 92
1717626949831 198512.0 93
1717626965300 198061.0 94
1717626981229 199043.0 95
1717626997229 198558.0 96
1717627013160 198481.0 97
1717627027530 198356.0 98
1717627043114 198101.0 99
