1716229189926 0.19363969100100797 1
1716229192424 0.2599095552379856 2
1716229195043 0.2860460391052789 3
1716229197699 0.303213802503132 4
1716229200505 0.31557416074273115 5
1716229203229 0.3246399899056823 6
1716229205925 0.33150588450526747 7
1716229208696 0.3373860093982842 8
1716229211329 0.34370257789059544 9
1716229213993 0.35211864580469343 10
1716229216670 0.36271171569173355 11
1716229219268 0.3695205396794098 12
1716229221913 0.3753855697072722 13
1716229224537 0.3805335035224354 14
1716229227195 0.38727629530264995 15
1716229229922 0.391741687932598 16
1716229232677 0.3982198355119432 17
1716229235359 0.4033930540212679 18
1716229238052 0.4085157933364288 19
1716229240690 0.4149274222729228 20
1716229243397 0.4220682976982246 21
1716229246057 0.4310396878434906 22
1716229248826 0.4440524475559432 23
1716229251456 0.45296261164986024 24
1716229254102 0.4602970172284405 25
1716229256675 0.4642233821176043 26
1716229259319 0.4673812492515131 27
1716229261892 0.4695275762662393 28
1716229264513 0.47103741972964863 29
1716229267192 0.4724409314106833 30
1716229269849 0.47322909525879614 31
1716229272472 0.47463096963280743 32
1716229275060 0.47592194103210267 33
1716229277657 0.476893551474323 34
1716229280234 0.4771796515340293 35
1716229282850 0.47860058613290296 36
1716229285763 0.4787723496005631 37
1716229288806 0.47995953936124813 38
1716229291590 0.47986049101739503 39
1716229294194 0.48098811444377815 40
1716229296771 0.481518183821275 41
1716229299346 0.48215598369158974 42
1716229301940 0.4831747435276716 43
1716229304479 0.4834243845504895 44
1716229307016 0.48337558858567176 45
1716229309539 0.48472064117368197 46
1716229312061 0.4852228094607285 47
1716229314579 0.4866221311857314 48
1716229317102 0.4869707086715572 49
1716229319663 0.48613069382551444 50
1716229322170 0.4876543026665551 51
1716229324686 0.4882320518898668 52
1716229327254 0.48843531623060643 53
1716229329731 0.4889376592017857 54
1716229332222 0.4899119703778877 55
1716229334710 0.49027845424985256 56
1716229337229 0.49121096645431284 57
1716229339698 0.49169389237680583 58
1716229342213 0.49260151995738777 59
1716229344710 0.4927698859043197 60
1716229347256 0.49305364482844716 61
1716229349795 0.4939674505738575 62
1716229352341 0.49391434698165193 63
1716229354845 0.49522553470011843 64
1716229357341 0.49481576601394045 65
1716229359825 0.49568048540409293 66
1716229362310 0.4959988084038258 67
1716229364792 0.4958096797518997 68
1716229367302 0.4969049138776023 69
1716229369748 0.4970800682399258 70
1716229372314 0.49734342899968065 71
1716229374861 0.49787176473080236 72
1716229377471 0.4985487434953022 73
1716229380114 0.4997911253659537 74
1716229382776 0.5001426129609745 75
1716229385362 0.501725233626622 76
1716229387943 0.5010745195016005 77
1716229390551 0.5019785228936768 78
1716229393142 0.5027486207482058 79
1716229395737 0.5036809837961667 80
1716229398360 0.5014182177956833 81
1716229400957 0.5033787656610005 82
1716229403566 0.5042014552589109 83
1716229406139 0.5039584874812434 84
1716229408721 0.5043390931084355 85
1716229411246 0.5051358152572927 86
1716229413881 0.5061677755378386 87
1716229416449 0.5051608526580623 88
1716229418964 0.5068113617675596 89
1716229421583 0.5066724492029729 90
1716229424208 0.5087080935177799 91
1716229426772 0.5085307731432035 92
1716229429388 0.5076930242544709 93
1716229431965 0.5083917198756864 94
1716229434611 0.5097737860549029 95
1716229437222 0.5105403089456455 96
1716229439834 0.5111968287544667 97
1716229442431 0.5113681159039656 98
1716229445045 0.5121709291226335 99
