1716229189926 0.3067356050014496 1
1716229192424 0.394858181476593 2
1716229195043 0.4249691367149353 3
1716229197699 0.4441438317298889 4
1716229200505 0.4573895335197449 5
1716229203229 0.4671383500099182 6
1716229205925 0.47464364767074585 7
1716229208696 0.48144108057022095 8
1716229211329 0.48833662271499634 9
1716229213993 0.49760866165161133 10
1716229216670 0.5085552930831909 11
1716229219268 0.5163154602050781 12
1716229221913 0.5235627293586731 13
1716229224537 0.5297441482543945 14
1716229227195 0.5379022359848022 15
1716229229922 0.543524444103241 16
1716229232677 0.5511118173599243 17
1716229235359 0.5573956966400146 18
1716229238052 0.5629862546920776 19
1716229240690 0.5698643922805786 20
1716229243397 0.5771309733390808 21
1716229246057 0.5860530138015747 22
1716229248826 0.5989421010017395 23
1716229251456 0.6084848642349243 24
1716229254102 0.616339385509491 25
1716229256675 0.6206762790679932 26
1716229259319 0.6243202090263367 27
1716229261892 0.6268126368522644 28
1716229264513 0.6288020014762878 29
1716229267192 0.6305202841758728 30
1716229269849 0.6311954259872437 31
1716229272472 0.6328137516975403 32
1716229275060 0.6342048645019531 33
1716229277657 0.6354492902755737 34
1716229280234 0.6358398199081421 35
1716229282850 0.6373136639595032 36
1716229285763 0.6373722553253174 37
1716229288806 0.6387073397636414 38
1716229291590 0.6386297941207886 39
1716229294194 0.639841616153717 40
1716229296771 0.6403814554214478 41
1716229299346 0.6408767104148865 42
1716229301940 0.6420561075210571 43
1716229304479 0.6421760320663452 44
1716229307016 0.6422567367553711 45
1716229309539 0.6431916952133179 46
1716229312061 0.6440268158912659 47
1716229314579 0.6452948451042175 48
1716229317102 0.645653247833252 49
1716229319663 0.6449095010757446 50
1716229322170 0.6464046239852905 51
1716229324686 0.646815836429596 52
1716229327254 0.647095263004303 53
1716229329731 0.6477231979370117 54
1716229332222 0.6485586166381836 55
1716229334710 0.6488497257232666 56
1716229337229 0.6496679186820984 57
1716229339698 0.6501702666282654 58
1716229342213 0.6509981751441956 59
1716229344710 0.6511726975440979 60
1716229347256 0.6513973474502563 61
1716229349795 0.6522256135940552 62
1716229352341 0.652050793170929 63
1716229354845 0.653603196144104 64
1716229357341 0.6530002355575562 65
1716229359825 0.6539347171783447 66
1716229362310 0.6541028618812561 67
1716229364792 0.6536457538604736 68
1716229367302 0.6549607515335083 69
1716229369748 0.6551207304000854 70
1716229372314 0.655299961566925 71
1716229374861 0.6558966636657715 72
1716229377471 0.6563671231269836 73
1716229380114 0.6573819518089294 74
1716229382776 0.6577621698379517 75
1716229385362 0.6590228080749512 76
1716229387943 0.6583325862884521 77
1716229390551 0.6594181060791016 78
1716229393142 0.6600087881088257 79
1716229395737 0.6609513163566589 80
1716229398360 0.6585985422134399 81
1716229400957 0.66060870885849 82
1716229403566 0.6612856984138489 83
1716229406139 0.6609925627708435 84
1716229408721 0.6613160967826843 85
1716229411246 0.6621595621109009 86
1716229413881 0.6630200743675232 87
1716229416449 0.661953330039978 88
1716229418964 0.6636824011802673 89
1716229421583 0.6634420156478882 90
1716229424208 0.6650912165641785 91
1716229426772 0.6648534536361694 92
1716229429388 0.663948118686676 93
1716229431965 0.6649324297904968 94
1716229434611 0.6660395860671997 95
1716229437222 0.6666125059127808 96
1716229439834 0.667066752910614 97
1716229442431 0.6671953201293945 98
1716229445045 0.6680020093917847 99
