1716229189926 0.306735602306603 1
1716229192424 0.3948581573474376 2
1716229195043 0.42496916950961194 3
1716229197699 0.44414380029487466 4
1716229200505 0.45738954393043124 5
1716229203229 0.4671383269415637 6
1716229205925 0.4746436997682323 7
1716229208696 0.481441076102762 8
1716229211329 0.4883365956166831 9
1716229213993 0.4976087007559397 10
1716229216670 0.5085553405866395 11
1716229219268 0.5163154112524577 12
1716229221913 0.5235627281214061 13
1716229224537 0.5297441330365544 14
1716229227195 0.5379022252660481 15
1716229229922 0.5435244634429741 16
1716229232677 0.5511118327297398 17
1716229235359 0.5573956934044755 18
1716229238052 0.5629862426023928 19
1716229240690 0.5698643435251872 20
1716229243397 0.5771309095333603 21
1716229246057 0.5860530083429784 22
1716229248826 0.5989421425345383 23
1716229251456 0.6084848669831373 24
1716229254102 0.6163393721294831 25
1716229256675 0.6206762712140111 26
1716229259319 0.6243202673828627 27
1716229261892 0.6268126836709186 28
1716229264513 0.628802040573955 29
1716229267192 0.6305203174798135 30
1716229269849 0.6311954350130113 31
1716229272472 0.6328137270742282 32
1716229275060 0.6342048653124173 33
1716229277657 0.6354492740881026 34
1716229280234 0.6358398160853744 35
1716229282850 0.6373136807268109 36
1716229285763 0.6373722264886746 37
1716229288806 0.6387073488237417 38
1716229291590 0.6386298699444481 39
1716229294194 0.6398415639711582 40
1716229296771 0.6403814356395062 41
1716229299346 0.6408767143765729 42
1716229301940 0.6420560764464172 43
1716229304479 0.6421760390696954 44
1716229307016 0.6422566869328596 45
1716229309539 0.6431917389352277 46
1716229312061 0.6440267852163177 47
1716229314579 0.6452948122344123 48
1716229317102 0.6456532070098253 49
1716229319663 0.6449095412375985 50
1716229322170 0.6464046460137698 51
1716229324686 0.646815842447545 52
1716229327254 0.6470952486858991 53
1716229329731 0.6477231449850063 54
1716229332222 0.6485586328409665 55
1716229334710 0.6488497407235857 56
1716229337229 0.6496679400457996 57
1716229339698 0.650170292213284 58
1716229342213 0.6509981534356414 59
1716229344710 0.6511726370108921 60
1716229347256 0.6513973383729521 61
1716229349795 0.6522256368364431 62
1716229352341 0.6520507628459093 63
1716229354845 0.6536031611336688 64
1716229357341 0.6530002592974493 65
1716229359825 0.6539347062968194 66
1716229362310 0.6541028581365272 67
1716229364792 0.6536457666512782 68
1716229367302 0.6549607127675847 69
1716229369748 0.6551206547418026 70
1716229372314 0.6552999013293824 71
1716229374861 0.6558966695110978 72
1716229377471 0.6563670651182254 73
1716229380114 0.6573819142993392 74
1716229382776 0.6577621433605672 75
1716229385362 0.659022829658596 76
1716229387943 0.6583326121943669 77
1716229390551 0.659418105284636 78
1716229393142 0.6600088359314045 79
1716229395737 0.660951342578892 80
1716229398360 0.6585985677482057 81
1716229400957 0.6606086668134779 82
1716229403566 0.6612856782955878 83
1716229406139 0.660992588300346 84
1716229408721 0.6613160623829191 85
1716229411246 0.6621595348070972 86
1716229413881 0.6630201040814647 87
1716229416449 0.6619533938852908 88
1716229418964 0.6636823897394744 89
1716229421583 0.6634420135212779 90
1716229424208 0.6650912503010746 91
1716229426772 0.6648535705811975 92
1716229429388 0.6639480839822604 93
1716229431965 0.6649325254063781 94
1716229434611 0.6660395505136149 95
1716229437222 0.666612478203082 96
1716229439834 0.6670667582514203 97
1716229442431 0.6671953101742163 98
1716229445045 0.6680020164003921 99
