1716229189926 535199.0 1
1716229192424 648687.0 2
1716229195043 686055.0 3
1716229197699 705783.0 4
1716229200505 719476.0 5
1716229203229 728885.0 6
1716229205925 734256.0 7
1716229208696 738248.0 8
1716229211329 743431.0 9
1716229213993 748784.0 10
1716229216670 757139.0 11
1716229219268 760689.0 12
1716229221913 762287.0 13
1716229224537 764230.0 14
1716229227195 766053.0 15
1716229229922 766971.0 16
1716229232677 769506.0 17
1716229235359 771133.0 18
1716229238052 773604.0 19
1716229240690 776834.0 20
1716229243397 780709.0 21
1716229246057 785539.0 22
1716229248826 792197.0 23
1716229251456 795655.0 24
1716229254102 798294.0 25
1716229256675 799378.0 26
1716229259319 800310.0 27
1716229261892 800885.0 28
1716229264513 800983.0 29
1716229267192 801378.0 30
1716229269849 801808.0 31
1716229272472 802245.0 32
1716229275060 802657.0 33
1716229277657 802792.0 34
1716229280234 802712.0 35
1716229282850 803281.0 36
1716229285763 803395.0 37
1716229288806 803720.0 38
1716229291590 803643.0 39
1716229294194 804025.0 40
1716229296771 804179.0 41
1716229299346 804584.0 42
1716229301940 804849.0 43
1716229304479 805074.0 44
1716229307016 804938.0 45
1716229309539 805766.0 46
1716229312061 805653.0 47
1716229314579 806215.0 48
1716229317102 806396.0 49
1716229319663 805970.0 50
1716229322170 806500.0 51
1716229324686 806832.0 52
1716229327254 806975.0 53
1716229329731 806934.0 54
1716229332222 807418.0 55
1716229334710 807709.0 56
1716229337229 808153.0 57
1716229339698 808294.0 58
1716229342213 808703.0 59
1716229344710 808824.0 60
1716229347256 808923.0 61
1716229349795 809398.0 62
1716229352341 809438.0 63
1716229354845 809714.0 64
1716229357341 809703.0 65
1716229359825 810025.0 66
1716229362310 810271.0 67
1716229364792 810377.0 68
1716229367302 810555.0 69
1716229369748 810670.0 70
1716229372314 810856.0 71
1716229374861 810987.0 72
1716229377471 811570.0 73
1716229380114 812217.0 74
1716229382776 812291.0 75
1716229385362 813183.0 76
1716229387943 812953.0 77
1716229390551 813158.0 78
1716229393142 813562.0 79
1716229395737 813897.0 80
1716229398360 813090.0 81
1716229400957 813708.0 82
1716229403566 814185.0 83
1716229406139 814044.0 84
1716229408721 814176.0 85
1716229411246 814384.0 86
1716229413881 815006.0 87
1716229416449 814547.0 88
1716229418964 815026.0 89
1716229421583 815129.0 90
1716229424208 816273.0 91
1716229426772 816234.0 92
1716229429388 816028.0 93
1716229431965 816036.0 94
1716229434611 816847.0 95
1716229437222 817278.0 96
1716229439834 817607.0 97
1716229442431 817745.0 98
1716229445045 817947.0 99
