1717083796582 50664.0 1
1717083800023 46820.0 2
1717083803466 46820.0 3
1717083806833 46820.0 4
1717083810136 46820.0 5
1717083813388 46820.0 6
1717083816667 46820.0 7
1717083819960 46820.0 8
1717083823258 46820.0 9
1717083826502 46820.0 10
1717083829784 46820.0 11
1717083833036 46820.0 12
1717083836323 46820.0 13
1717083839588 46820.0 14
1717083842958 46820.0 15
1717083846290 46820.0 16
1717083849576 46820.0 17
1717083852883 46820.0 18
1717083856223 46820.0 19
1717083859530 46820.0 20
1717083862878 46820.0 21
1717083866228 46820.0 22
1717083869536 46820.0 23
1717083873059 46820.0 24
1717083876483 46820.0 25
1717083879810 46820.0 26
1717083883150 46820.0 27
1717083886510 46820.0 28
1717083889957 46820.0 29
1717083893364 46820.0 30
1717083896795 46820.0 31
1717083900140 46820.0 32
1717083903573 46820.0 33
1717083906973 46820.0 34
1717083910350 46820.0 35
1717083913703 46820.0 36
1717083917047 46820.0 37
1717083920412 46820.0 38
1717083923903 46820.0 39
1717083927302 46820.0 40
1717083930682 46820.0 41
1717083934056 46820.0 42
1717083937826 46820.0 43
1717083941196 46820.0 44
1717083944541 46820.0 45
1717083947981 46820.0 46
1717083951312 46820.0 47
1717083954689 46820.0 48
1717083958075 46820.0 49
1717083961463 46820.0 50
1717083964845 46820.0 51
1717083968263 46820.0 52
1717083971935 46820.0 53
1717083975500 46820.0 54
1717083978900 46820.0 55
1717083982572 46820.0 56
1717083985979 46820.0 57
1717083989326 46820.0 58
1717083992800 46820.0 59
1717083996167 46820.0 60
1717083999552 46820.0 61
1717084002970 46820.0 62
1717084006360 46820.0 63
1717084009746 46820.0 64
1717084013143 46820.0 65
1717084016554 46820.0 66
1717084019921 46820.0 67
1717084023307 46820.0 68
1717084026664 46820.0 69
1717084030033 46820.0 70
1717084033434 46820.0 71
1717084036792 46820.0 72
1717084040179 46820.0 73
1717084043601 46820.0 74
1717084047014 46820.0 75
1717084050371 46820.0 76
1717084053806 46820.0 77
1717084057173 46820.0 78
1717084060573 46820.0 79
1717084064011 46820.0 80
1717084067443 46820.0 81
1717084070834 46820.0 82
1717084074215 46820.0 83
1717084077608 46820.0 84
1717084081014 46820.0 85
1717084084473 46820.0 86
1717084087807 46820.0 87
1717084091146 46820.0 88
1717084094543 46820.0 89
1717084097876 46820.0 90
1717084101269 46820.0 91
1717084104821 46820.0 92
1717084108202 46820.0 93
1717084111854 46820.0 94
1717084115199 46820.0 95
1717084118816 46820.0 96
1717084122347 46820.0 97
1717084125732 46820.0 98
1717084129188 46820.0 99
