1717083796582 0.0769615138661158 1
1717083800023 0.0740496020598415 2
1717083803466 0.0740496020598415 3
1717083806833 0.0740496020598415 4
1717083810136 0.0740496020598415 5
1717083813388 0.0740496020598415 6
1717083816667 0.0740496020598415 7
1717083819960 0.0740496020598415 8
1717083823258 0.0740496020598415 9
1717083826502 0.0740496020598415 10
1717083829784 0.0740496020598415 11
1717083833036 0.0740496020598415 12
1717083836323 0.0740496020598415 13
1717083839588 0.0740496020598415 14
1717083842958 0.0740496020598415 15
1717083846290 0.0740496020598415 16
1717083849576 0.0740496020598415 17
1717083852883 0.0740496020598415 18
1717083856223 0.0740496020598415 19
1717083859530 0.0740496020598415 20
1717083862878 0.0740496020598415 21
1717083866228 0.0740496020598415 22
1717083869536 0.0740496020598415 23
1717083873059 0.0740496020598415 24
1717083876483 0.0740496020598415 25
1717083879810 0.0740496020598415 26
1717083883150 0.0740496020598415 27
1717083886510 0.0740496020598415 28
1717083889957 0.0740496020598415 29
1717083893364 0.0740496020598415 30
1717083896795 0.0740496020598415 31
1717083900140 0.0740496020598415 32
1717083903573 0.0740496020598415 33
1717083906973 0.0740496020598415 34
1717083910350 0.0740496020598415 35
1717083913703 0.0740496020598415 36
1717083917047 0.0740496020598415 37
1717083920412 0.0740496020598415 38
1717083923903 0.0740496020598415 39
1717083927302 0.0740496020598415 40
1717083930682 0.0740496020598415 41
1717083934056 0.0740496020598415 42
1717083937826 0.0740496020598415 43
1717083941196 0.0740496020598415 44
1717083944541 0.0740496020598415 45
1717083947981 0.0740496020598415 46
1717083951312 0.0740496020598415 47
1717083954689 0.0740496020598415 48
1717083958075 0.0740496020598415 49
1717083961463 0.0740496020598415 50
1717083964845 0.0740496020598415 51
1717083968263 0.0740496020598415 52
1717083971935 0.0740496020598415 53
1717083975500 0.0740496020598415 54
1717083978900 0.0740496020598415 55
1717083982572 0.0740496020598415 56
1717083985979 0.0740496020598415 57
1717083989326 0.0740496020598415 58
1717083992800 0.0740496020598415 59
1717083996167 0.0740496020598415 60
1717083999552 0.0740496020598415 61
1717084002970 0.0740496020598415 62
1717084006360 0.0740496020598415 63
1717084009746 0.0740496020598415 64
1717084013143 0.0740496020598415 65
1717084016554 0.0740496020598415 66
1717084019921 0.0740496020598415 67
1717084023307 0.0740496020598415 68
1717084026664 0.0740496020598415 69
1717084030033 0.0740496020598415 70
1717084033434 0.0740496020598415 71
1717084036792 0.0740496020598415 72
1717084040179 0.0740496020598415 73
1717084043601 0.0740496020598415 74
1717084047014 0.0740496020598415 75
1717084050371 0.0740496020598415 76
1717084053806 0.0740496020598415 77
1717084057173 0.0740496020598415 78
1717084060573 0.0740496020598415 79
1717084064011 0.0740496020598415 80
1717084067443 0.0740496020598415 81
1717084070834 0.0740496020598415 82
1717084074215 0.0740496020598415 83
1717084077608 0.0740496020598415 84
1717084081014 0.0740496020598415 85
1717084084473 0.0740496020598415 86
1717084087807 0.0740496020598415 87
1717084091146 0.0740496020598415 88
1717084094543 0.0740496020598415 89
1717084097876 0.0740496020598415 90
1717084101269 0.0740496020598415 91
1717084104821 0.0740496020598415 92
1717084108202 0.0740496020598415 93
1717084111854 0.0740496020598415 94
1717084115199 0.0740496020598415 95
1717084118816 0.0740496020598415 96
1717084122347 0.0740496020598415 97
1717084125732 0.0740496020598415 98
1717084129188 0.0740496020598415 99
