1717083796582 50564.0 1
1717083800023 54408.0 2
1717083803466 54408.0 3
1717083806833 54408.0 4
1717083810136 54408.0 5
1717083813388 54408.0 6
1717083816667 54408.0 7
1717083819960 54408.0 8
1717083823258 54408.0 9
1717083826502 54408.0 10
1717083829784 54408.0 11
1717083833036 54408.0 12
1717083836323 54408.0 13
1717083839588 54408.0 14
1717083842958 54408.0 15
1717083846290 54408.0 16
1717083849576 54408.0 17
1717083852883 54408.0 18
1717083856223 54408.0 19
1717083859530 54408.0 20
1717083862878 54408.0 21
1717083866228 54408.0 22
1717083869536 54408.0 23
1717083873059 54408.0 24
1717083876483 54408.0 25
1717083879810 54408.0 26
1717083883150 54408.0 27
1717083886510 54408.0 28
1717083889957 54408.0 29
1717083893364 54408.0 30
1717083896795 54408.0 31
1717083900140 54408.0 32
1717083903573 54408.0 33
1717083906973 54408.0 34
1717083910350 54408.0 35
1717083913703 54408.0 36
1717083917047 54408.0 37
1717083920412 54408.0 38
1717083923903 54408.0 39
1717083927302 54408.0 40
1717083930682 54408.0 41
1717083934056 54408.0 42
1717083937826 54408.0 43
1717083941196 54408.0 44
1717083944541 54408.0 45
1717083947981 54408.0 46
1717083951312 54408.0 47
1717083954689 54408.0 48
1717083958075 54408.0 49
1717083961463 54408.0 50
1717083964845 54408.0 51
1717083968263 54408.0 52
1717083971935 54408.0 53
1717083975500 54408.0 54
1717083978900 54408.0 55
1717083982572 54408.0 56
1717083985979 54408.0 57
1717083989326 54408.0 58
1717083992800 54408.0 59
1717083996167 54408.0 60
1717083999552 54408.0 61
1717084002970 54408.0 62
1717084006360 54408.0 63
1717084009746 54408.0 64
1717084013143 54408.0 65
1717084016554 54408.0 66
1717084019921 54408.0 67
1717084023307 54408.0 68
1717084026664 54408.0 69
1717084030033 54408.0 70
1717084033434 54408.0 71
1717084036792 54408.0 72
1717084040179 54408.0 73
1717084043601 54408.0 74
1717084047014 54408.0 75
1717084050371 54408.0 76
1717084053806 54408.0 77
1717084057173 54408.0 78
1717084060573 54408.0 79
1717084064011 54408.0 80
1717084067443 54408.0 81
1717084070834 54408.0 82
1717084074215 54408.0 83
1717084077608 54408.0 84
1717084081014 54408.0 85
1717084084473 54408.0 86
1717084087807 54408.0 87
1717084091146 54408.0 88
1717084094543 54408.0 89
1717084097876 54408.0 90
1717084101269 54408.0 91
1717084104821 54408.0 92
1717084108202 54408.0 93
1717084111854 54408.0 94
1717084115199 54408.0 95
1717084118816 54408.0 96
1717084122347 54408.0 97
1717084125732 54408.0 98
1717084129188 54408.0 99
