1717083796582 0.4594679769297109 1
1717083800023 0.4577603160496859 2
1717083803466 0.4577603160496859 3
1717083806833 0.4577603160496859 4
1717083810136 0.4577603160496859 5
1717083813388 0.4577603160496859 6
1717083816667 0.4577603160496859 7
1717083819960 0.4577603160496859 8
1717083823258 0.4577603160496859 9
1717083826502 0.4577603160496859 10
1717083829784 0.4577603160496859 11
1717083833036 0.4577603160496859 12
1717083836323 0.4577603160496859 13
1717083839588 0.4577603160496859 14
1717083842958 0.4577603160496859 15
1717083846290 0.4577603160496859 16
1717083849576 0.4577603160496859 17
1717083852883 0.4577603160496859 18
1717083856223 0.4577603160496859 19
1717083859530 0.4577603160496859 20
1717083862878 0.4577603160496859 21
1717083866228 0.4577603160496859 22
1717083869536 0.4577603160496859 23
1717083873059 0.4577603160496859 24
1717083876483 0.4577603160496859 25
1717083879810 0.4577603160496859 26
1717083883150 0.4577603160496859 27
1717083886510 0.4577603160496859 28
1717083889957 0.4577603160496859 29
1717083893364 0.4577603160496859 30
1717083896795 0.4577603160496859 31
1717083900140 0.4577603160496859 32
1717083903573 0.4577603160496859 33
1717083906973 0.4577603160496859 34
1717083910350 0.4577603160496859 35
1717083913703 0.4577603160496859 36
1717083917047 0.4577603160496859 37
1717083920412 0.4577603160496859 38
1717083923903 0.4577603160496859 39
1717083927302 0.4577603160496859 40
1717083930682 0.4577603160496859 41
1717083934056 0.4577603160496859 42
1717083937826 0.4577603160496859 43
1717083941196 0.4577603160496859 44
1717083944541 0.4577603160496859 45
1717083947981 0.4577603160496859 46
1717083951312 0.4577603160496859 47
1717083954689 0.4577603160496859 48
1717083958075 0.4577603160496859 49
1717083961463 0.4577603160496859 50
1717083964845 0.4577603160496859 51
1717083968263 0.4577603160496859 52
1717083971935 0.4577603160496859 53
1717083975500 0.4577603160496859 54
1717083978900 0.4577603160496859 55
1717083982572 0.4577603160496859 56
1717083985979 0.4577603160496859 57
1717083989326 0.4577603160496859 58
1717083992800 0.4577603160496859 59
1717083996167 0.4577603160496859 60
1717083999552 0.4577603160496859 61
1717084002970 0.4577603160496859 62
1717084006360 0.4577603160496859 63
1717084009746 0.4577603160496859 64
1717084013143 0.4577603160496859 65
1717084016554 0.4577603160496859 66
1717084019921 0.4577603160496859 67
1717084023307 0.4577603160496859 68
1717084026664 0.4577603160496859 69
1717084030033 0.4577603160496859 70
1717084033434 0.4577603160496859 71
1717084036792 0.4577603160496859 72
1717084040179 0.4577603160496859 73
1717084043601 0.4577603160496859 74
1717084047014 0.4577603160496859 75
1717084050371 0.4577603160496859 76
1717084053806 0.4577603160496859 77
1717084057173 0.4577603160496859 78
1717084060573 0.4577603160496859 79
1717084064011 0.4577603160496859 80
1717084067443 0.4577603160496859 81
1717084070834 0.4577603160496859 82
1717084074215 0.4577603160496859 83
1717084077608 0.4577603160496859 84
1717084081014 0.4577603160496859 85
1717084084473 0.4577603160496859 86
1717084087807 0.4577603160496859 87
1717084091146 0.4577603160496859 88
1717084094543 0.4577603160496859 89
1717084097876 0.4577603160496859 90
1717084101269 0.4577603160496859 91
1717084104821 0.4577603160496859 92
1717084108202 0.4577603160496859 93
1717084111854 0.4577603160496859 94
1717084115199 0.4577603160496859 95
1717084118816 0.4577603160496859 96
1717084122347 0.4577603160496859 97
1717084125732 0.4577603160496859 98
1717084129188 0.4577603160496859 99
