1717234045236 22426.0 1
1717234049620 22426.0 2
1717234053811 22426.0 3
1717234057983 22426.0 4
1717234062277 22426.0 5
1717234066551 22426.0 6
1717234070819 22426.0 7
1717234075056 22426.0 8
1717234079244 22426.0 9
1717234083561 22426.0 10
1717234088189 22426.0 11
1717234092456 22426.0 12
1717234096851 22426.0 13
1717234101172 22426.0 14
1717234105277 22426.0 15
1717234109490 22426.0 16
1717234113742 22426.0 17
1717234117953 22426.0 18
1717234122348 22426.0 19
1717234126637 22426.0 20
1717234130899 22426.0 21
1717234135461 22426.0 22
1717234139693 22426.0 23
1717234144113 22426.0 24
1717234148421 22426.0 25
1717234152842 22426.0 26
1717234157147 22426.0 27
1717234161352 22426.0 28
1717234165781 22426.0 29
1717234170185 22426.0 30
1717234174639 22426.0 31
1717234178944 22426.0 32
1717234183182 22426.0 33
1717234187430 22426.0 34
1717234191654 22426.0 35
1717234195983 22426.0 36
1717234200412 22426.0 37
1717234204755 22426.0 38
1717234209049 22426.0 39
1717234213447 22426.0 40
1717234217831 22426.0 41
1717234222176 22426.0 42
1717234226492 22426.0 43
1717234230687 22426.0 44
1717234235016 22426.0 45
1717234239403 22426.0 46
1717234243826 22426.0 47
1717234248158 22426.0 48
1717234252453 22426.0 49
1717234256812 22426.0 50
1717234261095 22426.0 51
1717234265365 22426.0 52
1717234269657 22426.0 53
1717234273973 22426.0 54
1717234278386 22426.0 55
1717234282656 22426.0 56
1717234286937 22426.0 57
1717234291206 22426.0 58
1717234295420 22426.0 59
1717234299681 22426.0 60
1717234304126 22426.0 61
1717234308501 22426.0 62
1717234312739 22426.0 63
1717234316996 22426.0 64
1717234321254 22426.0 65
1717234325435 22426.0 66
1717234329751 22426.0 67
1717234334056 22426.0 68
1717234338246 22426.0 69
1717234342486 22426.0 70
1717234346788 22426.0 71
1717234350942 22426.0 72
1717234355269 22426.0 73
1717234361220 22426.0 74
1717234365500 22426.0 75
1717234369306 22426.0 76
1717234373146 22426.0 77
1717234376906 22426.0 78
1717234380656 22426.0 79
1717234384277 22426.0 80
1717234388101 22426.0 81
1717234391889 22426.0 82
1717234395630 22426.0 83
1717234399310 22426.0 84
1717234403007 22426.0 85
1717234406770 22426.0 86
1717234410491 22426.0 87
1717234414259 22426.0 88
1717234417981 22426.0 89
1717234421736 22426.0 90
1717234425454 22426.0 91
1717234429162 22426.0 92
1717234432827 22426.0 93
1717234436605 22426.0 94
1717234440361 22426.0 95
1717234444148 22426.0 96
1717234447793 22426.0 97
1717234451377 22426.0 98
1717234455036 22426.0 99
