1717234045236 0.9261409259814639 1
1717234049620 0.9694866873603027 2
1717234053811 0.9715341090344602 3
1717234057983 0.9734130705819846 4
1717234062277 0.9745521458116522 5
1717234066551 0.9755280237461248 6
1717234070819 0.9762958994168567 7
1717234075056 0.9768851224030421 8
1717234079244 0.9770553123810487 9
1717234083561 0.9775656096835439 10
1717234088189 0.978029329232559 11
1717234092456 0.9777949712954912 12
1717234096851 0.9780101305840736 13
1717234101172 0.978713128879074 14
1717234105277 0.9789485217848237 15
1717234109490 0.9788812252672546 16
1717234113742 0.9794970485963848 17
1717234117953 0.9800432064480198 18
1717234122348 0.979579513404132 19
1717234126637 0.9799781628868737 20
1717234130899 0.9810855742569613 21
1717234135461 0.981511864231131 22
1717234139693 0.9817198029337133 23
1717234144113 0.9815846756803202 24
1717234148421 0.9819034516232974 25
1717234152842 0.9822187245081471 26
1717234157147 0.9822262138898947 27
1717234161352 0.9829350948051201 28
1717234165781 0.9830676170780164 29
1717234170185 0.9820514334200624 30
1717234174639 0.9835032291661422 31
1717234178944 0.9838333553777893 32
1717234183182 0.9838795447936708 33
1717234187430 0.9838240025742789 34
1717234191654 0.9841767268118772 35
1717234195983 0.9835543686836469 36
1717234200412 0.9843115331782467 37
1717234204755 0.9840733364444741 38
1717234209049 0.9846694144767516 39
1717234213447 0.9841619729799218 40
1717234217831 0.9844662966351593 41
1717234222176 0.9847185570673482 42
1717234226492 0.9849207934052034 43
1717234230687 0.981371519820979 44
1717234235016 0.984568252089148 45
1717234239403 0.9848720500303636 46
1717234243826 0.9851726604506224 47
1717234248158 0.9854208538755076 48
1717234252453 0.9852720949917606 49
1717234256812 0.9840838581809076 50
1717234261095 0.9855999574863484 51
1717234265365 0.9846392073398241 52
1717234269657 0.9853019549381044 53
1717234273973 0.9857047583434099 54
1717234278386 0.9848219631025048 55
1717234282656 0.9857779006130527 56
1717234286937 0.9855212882092567 57
1717234291206 0.9857105756468524 58
1717234295420 0.9857844209597544 59
1717234299681 0.9859609618394686 60
1717234304126 0.9858863770435912 61
1717234308501 0.9860603176456223 62
1717234312739 0.9851043553595439 63
1717234316996 0.9863033289918871 64
1717234321254 0.9860362868312983 65
1717234325435 0.9863030357884818 66
1717234329751 0.9850844757708707 67
1717234334056 0.9865866240413727 68
1717234338246 0.9866465909860166 69
1717234342486 0.9863920212332188 70
1717234346788 0.98696070041652 71
1717234350942 0.9849868287931567 72
1717234355269 0.9868887475240192 73
1717234361220 0.9868480181759158 74
1717234365500 0.9869143856454116 75
1717234369306 0.9867552360914406 76
1717234373146 0.9871900419118319 77
1717234376906 0.9856168234151136 78
1717234380656 0.9868854347030369 79
1717234384277 0.9874037477389921 80
1717234388101 0.9873589209080351 81
1717234391889 0.9870998252116179 82
1717234395630 0.987427367375908 83
1717234399310 0.9797344596054567 84
1717234403007 0.9849355007182614 85
1717234406770 0.9870897556996013 86
1717234410491 0.9875498586677136 87
1717234414259 0.9876396026089086 88
1717234417981 0.9877156520870072 89
1717234421736 0.9875241805533058 90
1717234425454 0.9879083387732418 91
1717234429162 0.9873481592526051 92
1717234432827 0.9860369150531559 93
1717234436605 0.9869460430366964 94
1717234440361 0.98766118806922 95
1717234444148 0.9879783533834158 96
1717234447793 0.9881971613178911 97
1717234451377 0.9880124082207933 98
1717234455036 0.9881874826695695 99
