1717231350656 0.8920946378012868 1
1717231352626 0.7793056002962502 2
1717231354670 0.756458292094593 3
1717231356755 0.7584299304342521 4
1717231358815 0.7607292667006791 5
1717231361058 0.7650644205783473 6
1717231363847 0.7677276678552373 7
1717231366217 0.7713520078736802 8
1717231368680 0.7764111917499268 9
1717231371051 0.7791742526595313 10
1717231373456 0.7831224859400377 11
1717231375694 0.7885507469766367 12
1717231378973 0.7937318047685281 13
1717231382111 0.7995501013510263 14
1717231385670 0.8069150549641388 15
1717231388610 0.8122979290980059 16
1717231391471 0.8201808061255932 17
1717231394324 0.8260034098019226 18
1717231396695 0.8322506268835766 19
1717231399207 0.8372267931168029 20
1717231401843 0.8407450145774653 21
1717231404290 0.8453915917569329 22
1717231406852 0.8522420285036514 23
1717231409378 0.8566345518127368 24
1717231411976 0.8615907763351369 25
1717231414722 0.8623884543876645 26
1717231417291 0.8653685041015861 27
1717231419971 0.8697288280851202 28
1717231422679 0.8727954041161056 29
1717231425202 0.8695009863371752 30
1717231427862 0.875676992468977 31
1717231430485 0.8779808840373196 32
1717231433157 0.8802279739698442 33
1717231435909 0.8798124503409012 34
1717231438586 0.8854219566905412 35
1717231441219 0.8728916684050194 36
1717231443998 0.8870108397010226 37
1717231446786 0.8784211761632363 38
1717231449446 0.8868550269558815 39
1717231452205 0.8897740838795848 40
1717231455012 0.8784382419358965 41
1717231457685 0.8895038028108377 42
1717231460532 0.8903862924855076 43
1717231463421 0.8899544348160567 44
1717231466146 0.8911227530538401 45
1717231469040 0.8823943016550118 46
1717231471953 0.8922913475100189 47
1717231474782 0.891814678767919 48
1717231477689 0.8913655850015083 49
1717231480551 0.8913892805134566 50
1717231483380 0.8933155179869556 51
1717231486187 0.8903665747905223 52
1717231489202 0.8952362863751888 53
1717231492209 0.8922416160151524 54
1717231495051 0.8960029611401747 55
1717231497992 0.8986761351462038 56
1717231500958 0.8962482669689662 57
1717231504050 0.9015514737349962 58
1717231506895 0.902697500785661 59
1717231509787 0.902241200881836 60
1717231512657 0.9059922250172872 61
1717231515528 0.9059684727777855 62
1717231518507 0.907860247825764 63
1717231521440 0.9062147202948949 64
1717231524209 0.9106999672102976 65
1717231527228 0.9118819097246774 66
1717231530283 0.9150300506636884 67
1717231533332 0.9168590191195938 68
1717231536336 0.9176323285113052 69
1717231539257 0.9218013126910426 70
1717231542108 0.9239795212534047 71
1717231544841 0.9261352437951226 72
1717231547676 0.9098756425225047 73
1717231550610 0.9221976756595373 74
1717231553300 0.9275783035025142 75
1717231556217 0.930233132648785 76
1717231559034 0.9291263698192941 77
1717231561822 0.9326853869547781 78
1717231564689 0.9347618180316809 79
1717231567485 0.9361605157854335 80
1717231570362 0.9377274889620011 81
1717231573175 0.938454206510922 82
1717231576044 0.9395077100846635 83
1717231578990 0.9410071706217854 84
1717231581750 0.9421952002578584 85
1717231584566 0.9425570682105636 86
1717231587409 0.9408062258380623 87
1717231590151 0.9441144481092344 88
1717231592964 0.944703227587506 89
1717231595766 0.9457979141493048 90
1717231598492 0.9460915175024928 91
1717231601322 0.9465925020650374 92
1717231604132 0.9461018208272751 93
1717231606843 0.9469080124333711 94
1717231609615 0.9480994169760075 95
1717231612440 0.9484623758734502 96
1717231615182 0.9487868002793393 97
1717231617879 0.9492145291415721 98
1717231620753 0.9491592088436572 99
