1717231350656 0.09601661355528149 1
1717231352626 0.2160154305099881 2
1717231354670 0.2210825686686201 3
1717231356755 0.2264337310541235 4
1717231358815 0.22911865421729058 5
1717231361058 0.2315471465064291 6
1717231363847 0.23354128281319597 7
1717231366217 0.2356033180412774 8
1717231368680 0.23789591940033325 9
1717231371051 0.23981556123584874 10
1717231373456 0.24178776535912042 11
1717231375694 0.24407886082035538 12
1717231378973 0.24781388592689363 13
1717231382111 0.2525493281918075 14
1717231385670 0.25887627481105185 15
1717231388610 0.2641735808811866 16
1717231391471 0.2705701851872492 17
1717231394324 0.27536238061299556 18
1717231396695 0.2807848809042567 19
1717231399207 0.2852999383258806 20
1717231401843 0.28831204598966664 21
1717231404290 0.29341268885871574 22
1717231406852 0.30194035708033495 23
1717231409378 0.3061298263863499 24
1717231411976 0.3130026410765268 25
1717231414722 0.3158678516393651 26
1717231417291 0.3203160257722072 27
1717231419971 0.326916520246749 28
1717231422679 0.3304264430067583 29
1717231425202 0.3285249027316624 30
1717231427862 0.33556429778389335 31
1717231430485 0.33931509672108906 32
1717231433157 0.34595414482047226 33
1717231435909 0.34565498545778794 34
1717231438586 0.3547213496654318 35
1717231441219 0.3384783570689282 36
1717231443998 0.3584426974798228 37
1717231446786 0.34826184915891545 38
1717231449446 0.3604943411030864 39
1717231452205 0.3666611144857692 40
1717231455012 0.3512212119268806 41
1717231457685 0.3680184656453939 42
1717231460532 0.3714369749095199 43
1717231463421 0.371769477514094 44
1717231466146 0.37408596201943956 45
1717231469040 0.36252197791951507 46
1717231471953 0.37854183403067737 47
1717231474782 0.3793752292712672 48
1717231477689 0.37984961989666843 49
1717231480551 0.37973228430481976 50
1717231483380 0.38494768727211187 51
1717231486187 0.3814306900238146 52
1717231489202 0.3917341873504089 53
1717231492209 0.38616030542037244 54
1717231495051 0.3962732911938286 55
1717231497992 0.4012428362890498 56
1717231500958 0.3985215132819419 57
1717231504050 0.4096222846368396 58
1717231506895 0.4124907122512009 59
1717231509787 0.4127022810161371 60
1717231512657 0.4216912782392557 61
1717231515528 0.422898400991386 62
1717231518507 0.4271193781445839 63
1717231521440 0.42582000309579915 64
1717231524209 0.435609470683589 65
1717231527228 0.4394734120955259 66
1717231530283 0.4482060684294863 67
1717231533332 0.45394541657414067 68
1717231536336 0.45750167662633345 69
1717231539257 0.4694500746920836 70
1717231542108 0.47681371694767216 71
1717231544841 0.4841471891120969 72
1717231547676 0.4406745235493726 73
1717231550610 0.4747040600070601 74
1717231553300 0.4911414189701985 75
1717231556217 0.49925670098621405 76
1717231559034 0.4967009032049029 77
1717231561822 0.5091564845455278 78
1717231564689 0.5165241934675229 79
1717231567485 0.5220837994233314 80
1717231570362 0.528272345637137 81
1717231573175 0.5312929264010526 82
1717231576044 0.5355637904987943 83
1717231578990 0.5416566182957128 84
1717231581750 0.5464509325295561 85
1717231584566 0.5482205639940345 86
1717231587409 0.5412255733092928 87
1717231590151 0.5554325612626935 88
1717231592964 0.5578357479203209 89
1717231595766 0.5628652612106125 90
1717231598492 0.5640441171349145 91
1717231601322 0.5667641904517883 92
1717231604132 0.5644051726331721 93
1717231606843 0.5688238695405079 94
1717231609615 0.5738979978811379 95
1717231612440 0.5753574016384517 96
1717231615182 0.5770839252805502 97
1717231617879 0.5790453784345141 98
1717231620753 0.5790376825611051 99
