1717231350656 0.9402914053389804 1
1717231352626 0.9724749731449315 2
1717231354670 0.9796493086931995 3
1717231356755 0.9816861075872175 4
1717231358815 0.9823661684050086 5
1717231361058 0.9824309623540042 6
1717231363847 0.9827078974435206 7
1717231366217 0.9827280891598036 8
1717231368680 0.9824438556863685 9
1717231371051 0.9825737218252983 10
1717231373456 0.9823791012090541 11
1717231375694 0.9818698076245894 12
1717231378973 0.9820521076066756 13
1717231382111 0.9823657342257579 14
1717231385670 0.9827638870926177 15
1717231388610 0.983173894043326 16
1717231391471 0.9830897999294204 17
1717231394324 0.9830646675998332 18
1717231396695 0.9830002411877485 19
1717231399207 0.9829435677927212 20
1717231401843 0.9827806873054673 21
1717231404290 0.9829644076528906 22
1717231406852 0.9831225180792391 23
1717231409378 0.9827853567457293 24
1717231411976 0.9830845511126594 25
1717231414722 0.9836788800221037 26
1717231417291 0.9839518904989444 27
1717231419971 0.9842167933318393 28
1717231422679 0.9838039955429828 29
1717231425202 0.9847674266880574 30
1717231427862 0.9843160056337915 31
1717231430485 0.9844306588519338 32
1717231433157 0.985347906409473 33
1717231435909 0.9853844798235594 34
1717231438586 0.9852423934387964 35
1717231441219 0.9860356890391436 36
1717231443998 0.9855276698090394 37
1717231446786 0.986584604993231 38
1717231449446 0.9863293797488975 39
1717231452205 0.9865237511787412 40
1717231455012 0.9873792457608681 41
1717231457685 0.9871012312830765 42
1717231460532 0.9876243503896178 43
1717231463421 0.9879077347236034 44
1717231466146 0.9877996757727388 45
1717231469040 0.9887327770288892 46
1717231471953 0.9885176583332654 47
1717231474782 0.9889280686024667 48
1717231477689 0.9894199659291776 49
1717231480551 0.9893800268113143 50
1717231483380 0.9897175702676092 51
1717231486187 0.9903588874692266 52
1717231489202 0.9906407913273348 53
1717231492209 0.9905596393810736 54
1717231495051 0.9913689880614449 55
1717231497992 0.9911645405309454 56
1717231500958 0.9916993449317799 57
1717231504050 0.9918845907382703 58
1717231506895 0.9919002515682749 59
1717231509787 0.9923080521422276 60
1717231512657 0.9925342189306597 61
1717231515528 0.992932615697167 62
1717231518507 0.9929715838348635 63
1717231521440 0.9933487224820782 64
1717231524209 0.9933148543041751 65
1717231527228 0.9935871119026702 66
1717231530283 0.9937532514226092 67
1717231533332 0.993938054881896 68
1717231536336 0.9941945215247632 69
1717231539257 0.9944648123392181 70
1717231542108 0.9947223580466588 71
1717231544841 0.9948972804980813 72
1717231547676 0.993464028521205 73
1717231550610 0.9952556834444518 74
1717231553300 0.9954140499943882 75
1717231556217 0.9953066222875382 76
1717231559034 0.9955643350552095 77
1717231561822 0.9957998979396983 78
1717231564689 0.9959516158212501 79
1717231567485 0.9961554999161031 80
1717231570362 0.9963179023115393 81
1717231573175 0.9964198955391058 82
1717231576044 0.9964204915717776 83
1717231578990 0.9965642384281429 84
1717231581750 0.9966235276872812 85
1717231584566 0.9966666738781284 86
1717231587409 0.9964971295996644 87
1717231590151 0.9969426961367459 88
1717231592964 0.9969436520701119 89
1717231595766 0.997026051626569 90
1717231598492 0.9969749175773991 91
1717231601322 0.9971490079449474 92
1717231604132 0.997009846333679 93
1717231606843 0.9972502179121129 94
1717231609615 0.9972745312070945 95
1717231612440 0.9971998497355982 96
1717231615182 0.9972627618358342 97
1717231617879 0.9972720955953089 98
1717231620753 0.9972962633261557 99
