1717928640681 0.19430013000965118 1
1717928643279 0.23311586678028107 2
1717928645376 0.2468833476305008 3
1717928647495 0.26617661118507385 4
1717928650080 0.2848481237888336 5
1717928652249 0.3090530335903168 6
1717928654911 0.32869675755500793 7
1717928657136 0.3452759087085724 8
1717928659800 0.357924222946167 9
1717928662058 0.3723956048488617 10
1717928664247 0.39448216557502747 11
1717928666979 0.4253772497177124 12
1717928669119 0.45441824197769165 13
1717928671842 0.4760022461414337 14
1717928674044 0.500876247882843 15
1717928676809 0.521268367767334 16
