1717928640681 0.5529322713179383 1
1717928643279 0.6400904544501447 2
1717928645376 0.6437733551067616 3
1717928647495 0.6673600535266911 4
1717928650080 0.6890082430937545 5
1717928652249 0.7139842798518514 6
1717928654911 0.7332864073828563 7
1717928657136 0.7505951670395131 8
1717928659800 0.762391022808723 9
1717928662058 0.7760486336057846 10
1717928664247 0.7955367723342948 11
1717928666979 0.8203191256991819 12
1717928669119 0.8410178645865242 13
1717928671842 0.8544899081587808 14
1717928674044 0.8674080126977417 15
1717928676809 0.8783871891600179 16
