1717241996374 0.45884723062776384 1
1717241997703 0.32129780218765946 2
1717241999036 0.2954591164558028 3
1717242000379 0.4499838303379544 4
1717242001687 0.5180238284820804 5
1717242003013 0.6902234264620184 6
1717242004331 0.6730220296497147 7
1717242005659 0.6716749362090821 8
1717242007018 0.7598224303092267 9
1717242008483 0.69131870227951 10
1717242009944 0.6042408083922408 11
1717242011314 0.6643641286057019 12
1717242012638 0.2954591164558028 13
1717242013976 0.42110057546616647 14
1717242015308 0.5186466997206928 15
1717242016628 0.6252998541097978 16
1717242017947 0.590978813516685 17
1717242019250 0.4833724336206046 18
1717242020566 0.42110057546616647 19
1717242021900 0.43006074098062913 20
1717242023294 0.6079516749894666 21
1717242024603 0.49249670414531305 22
1717242025927 0.48235477957271267 23
1717242027258 0.5763315790993172 24
1717242028600 0.5114481445646899 25
1717242029944 0.6093018458349482 26
1717242031256 0.6079070680774378 27
1717242032605 0.521354468976548 28
1717242033951 0.4507629144388131 29
1717242035300 0.3886036694682063 30
1717242036682 0.528421594085335 31
1717242038052 0.37685740110078225 32
1717242039482 0.5365244229702463 33
1717242040941 0.5114481445646899 34
1717242042280 0.5114481445646899 35
1717242043631 0.5114481445646899 36
1717242044950 0.5437228424655565 37
1717242046279 0.6635791052704445 38
1717242047595 0.6477247377884281 39
1717242048916 0.6055351632758528 40
1717242050301 0.6652688612256525 41
1717242051641 0.5597870666113615 42
1717242052989 0.6506625270583439 43
1717242054328 0.5503945364377177 44
1717242055670 0.545420143789299 45
1717242057020 0.557971191027417 46
1717242058391 0.6993613945496222 47
1717242059742 0.6089506576122009 48
1717242061091 0.579916605969512 49
1717242062437 0.6318816108871673 50
1717242063824 0.6951512879234663 51
1717242065186 0.7522531163731875 52
1717242066514 0.7564673116973095 53
1717242067848 0.7570007970651549 54
1717242069193 0.42985598270878167 55
1717242070537 0.4646145249694989 56
1717242071874 0.39933584466598016 57
1717242073208 0.5046065400094781 58
1717242074549 0.5371616827489394 59
1717242075880 0.6013617086156613 60
1717242077220 0.6943981549292235 61
1717242078542 0.5499017875724836 62
1717242079873 0.6546414440796996 63
1717242081229 0.5746912254524806 64
1717242082562 0.5805086798699215 65
1717242083894 0.545978914438936 66
1717242085213 0.5127834876568184 67
1717242086559 0.5565069156264608 68
1717242087908 0.8388849287153816 69
1717242089251 0.6166802023437682 70
1717242090615 0.4979826500693395 71
1717242092140 0.8095980055707385 72
1717242093664 0.5142727105150914 73
1717242095188 0.45384051185892654 74
1717242096535 0.702969804315664 75
1717242097859 0.6235161433223233 76
1717242099206 0.3889527565488492 77
1717242100792 0.5323814357953268 78
1717242102143 0.6250016852120027 79
1717242103550 0.5039692189181568 80
1717242104957 0.49041411446835176 81
1717242106313 0.6230900228285157 82
1717242107657 0.6398930055420238 83
1717242109047 0.5507605041510611 84
1717242110414 0.3492994250166047 85
1717242111803 0.4423937205262535 86
1717242113133 0.33403018925136935 87
1717242114473 0.45181788022697733 88
1717242115821 0.4837909975056459 89
1717242117183 0.3659680994416071 90
1717242118541 0.5499954545807322 91
1717242119889 0.608026743400485 92
1717242121237 0.5393395687329974 93
1717242122591 0.6653185204514849 94
1717242123939 0.40194067379836235 95
1717242125318 0.41612187470952505 96
1717242126699 0.9838053740014525 97
1717242128041 1.0 98
1717242129379 1.0 99
