1717241996374 25996.0 1
1717241997703 25996.0 2
1717241999036 25996.0 3
1717242000379 25996.0 4
1717242001687 25996.0 5
1717242003013 25996.0 6
1717242004331 25996.0 7
1717242005659 25996.0 8
1717242007018 25996.0 9
1717242008483 25996.0 10
1717242009944 25996.0 11
1717242011314 25996.0 12
1717242012638 25996.0 13
1717242013976 25996.0 14
1717242015308 25996.0 15
1717242016628 25996.0 16
1717242017947 25996.0 17
1717242019250 25996.0 18
1717242020566 25996.0 19
1717242021900 25996.0 20
1717242023294 25996.0 21
1717242024603 25996.0 22
1717242025927 25996.0 23
1717242027258 25996.0 24
1717242028600 25996.0 25
1717242029944 25996.0 26
1717242031256 25996.0 27
1717242032605 25996.0 28
1717242033951 25996.0 29
1717242035300 25996.0 30
1717242036682 25996.0 31
1717242038052 25996.0 32
1717242039482 25996.0 33
1717242040941 25996.0 34
1717242042280 25996.0 35
1717242043631 25996.0 36
1717242044950 25996.0 37
1717242046279 25996.0 38
1717242047595 25996.0 39
1717242048916 25996.0 40
1717242050301 25996.0 41
1717242051641 25996.0 42
1717242052989 25996.0 43
1717242054328 25996.0 44
1717242055670 25996.0 45
1717242057020 25996.0 46
1717242058391 25996.0 47
1717242059742 25996.0 48
1717242061091 25996.0 49
1717242062437 25996.0 50
1717242063824 25996.0 51
1717242065186 25996.0 52
1717242066514 25996.0 53
1717242067848 25996.0 54
1717242069193 25996.0 55
1717242070537 25996.0 56
1717242071874 25996.0 57
1717242073208 25996.0 58
1717242074549 25996.0 59
1717242075880 25996.0 60
1717242077220 25996.0 61
1717242078542 25996.0 62
1717242079873 25996.0 63
1717242081229 25996.0 64
1717242082562 25996.0 65
1717242083894 25996.0 66
1717242085213 25996.0 67
1717242086559 25996.0 68
1717242087908 25996.0 69
1717242089251 25996.0 70
1717242090615 25996.0 71
1717242092140 25996.0 72
1717242093664 25996.0 73
1717242095188 25996.0 74
1717242096535 25996.0 75
1717242097859 25996.0 76
1717242099206 25996.0 77
1717242100792 25996.0 78
1717242102143 25996.0 79
1717242103550 25996.0 80
1717242104957 25996.0 81
1717242106313 25996.0 82
1717242107657 25996.0 83
1717242109047 25996.0 84
1717242110414 25996.0 85
1717242111803 25996.0 86
1717242113133 25996.0 87
1717242114473 25996.0 88
1717242115821 25996.0 89
1717242117183 25996.0 90
1717242118541 25996.0 91
1717242119889 25996.0 92
1717242121237 25996.0 93
1717242122591 25996.0 94
1717242123939 25996.0 95
1717242125318 25996.0 96
1717242126699 25996.0 97
1717242128041 25996.0 98
1717242129379 25996.0 99
