1717927979944 329906.0 1
1717927987086 329906.0 2
1717927993997 329906.0 3
1717928001107 329906.0 4
1717928008429 329906.0 5
1717928015466 329906.0 6
1717928022464 329906.0 7
1717928029073 329906.0 8
1717928035974 329906.0 9
1717928042911 329906.0 10
1717928050014 329906.0 11
1717928057575 329906.0 12
1717928064582 329906.0 13
1717928071558 329906.0 14
1717928078546 329906.0 15
1717928085698 329906.0 16
1717928092945 329906.0 17
1717928100169 329906.0 18
1717928107653 329906.0 19
1717928114687 329906.0 20
1717928121891 329906.0 21
1717928128918 329906.0 22
1717928136115 329906.0 23
1717928143312 329906.0 24
1717928150326 329906.0 25
1717928157450 329906.0 26
1717928164919 329906.0 27
1717928172291 329906.0 28
1717928179661 329906.0 29
1717928186889 329906.0 30
1717928194091 329906.0 31
1717928201285 329906.0 32
1717928208517 329906.0 33
1717928215549 329906.0 34
1717928222630 329906.0 35
1717928229918 329906.0 36
1717928237477 329906.0 37
1717928244623 329906.0 38
1717928251715 329906.0 39
1717928258697 329906.0 40
1717928265812 329906.0 41
1717928272833 329906.0 42
1717928280032 329906.0 43
1717928288511 329906.0 44
1717928295904 329906.0 45
1717928303229 329906.0 46
1717928310270 329906.0 47
1717928317428 329906.0 48
1717928324800 329906.0 49
1717928332255 329906.0 50
1717928341785 329906.0 51
1717928352411 329906.0 52
1717928360032 329906.0 53
1717928367167 329906.0 54
1717928374868 329906.0 55
1717928382180 329906.0 56
1717928389503 329906.0 57
1717928397185 329906.0 58
1717928405296 329906.0 59
1717928413125 329906.0 60
1717928421361 329906.0 61
1717928429195 329906.0 62
1717928436864 329906.0 63
1717928444878 329906.0 64
