1717927979944 0.9393949621655113 1
1717927987086 0.9394358475419854 2
1717927993997 0.9486601015139523 3
1717928001107 0.9565934946960003 4
1717928008429 0.9604187485783495 5
1717928015466 0.9651132360306076 6
1717928022464 0.968790735565448 7
1717928029073 0.9724689975035706 8
1717928035974 0.9756796415251522 9
1717928042911 0.9771186544696586 10
1717928050014 0.97937468645103 11
1717928057575 0.9799675819723346 12
1717928064582 0.9817081927692181 13
1717928071558 0.9823707296551649 14
1717928078546 0.9835409580134559 15
1717928085698 0.9850868204871988 16
1717928092945 0.9849858838176022 17
1717928100169 0.9865794629772274 18
1717928107653 0.9869232819287835 19
1717928114687 0.987984777799178 20
1717928121891 0.9879750558189252 21
1717928128918 0.9888759410395336 22
1717928136115 0.9892163142926194 23
1717928143312 0.9891969934514581 24
1717928150326 0.989657631831293 25
1717928157450 0.9898242965015659 26
1717928164919 0.9894698528248411 27
1717928172291 0.9903120526845597 28
1717928179661 0.9909283157523895 29
1717928186889 0.991146001128284 30
1717928194091 0.991501978180807 31
1717928201285 0.9915226714199992 32
1717928208517 0.9919687068588772 33
1717928215549 0.9921001451205655 34
1717928222630 0.9921043770982167 35
1717928229918 0.9921217561440658 36
1717928237477 0.9925693649668762 37
1717928244623 0.9922963159147148 38
1717928251715 0.9929351530036572 39
1717928258697 0.9931067124597905 40
1717928265812 0.9916528665117799 41
1717928272833 0.9927171217476135 42
1717928280032 0.9930533821486744 43
1717928288511 0.9934588418987462 44
1717928295904 0.9933783128878279 45
1717928303229 0.9936504151261968 46
1717928310270 0.9935440260767813 47
1717928317428 0.9939082536345404 48
1717928324800 0.9937150898757166 49
1717928332255 0.9940246472086817 50
1717928341785 0.9939046217271352 51
1717928352411 0.9942372454635283 52
1717928360032 0.9943166424136826 53
1717928367167 0.9944952672602559 54
1717928374868 0.9943697119553557 55
1717928382180 0.9938302540603413 56
1717928389503 0.9938303427016753 57
1717928397185 0.9945045741843941 58
1717928405296 0.9947308598528671 59
1717928413125 0.9946732627570196 60
1717928421361 0.9946164873099627 61
1717928429195 0.9944320973664047 62
1717928436864 0.9952941618550545 63
1717928444878 0.9948880231103469 64
