1717927979944 0.3846586346626282 1
1717927987086 0.20032969117164612 2
1717927993997 0.16179966926574707 3
1717928001107 0.13836830854415894 4
1717928008429 0.12154937535524368 5
1717928015466 0.10594794154167175 6
1717928022464 0.09549084305763245 7
1717928029073 0.08690553158521652 8
1717928035974 0.08000363409519196 9
1717928042911 0.07640532404184341 10
1717928050014 0.07192491739988327 11
1717928057575 0.07006905227899551 12
1717928064582 0.06559271365404129 13
1717928071558 0.06431995332241058 14
1717928078546 0.061069145798683167 15
1717928085698 0.05766810476779938 16
1717928092945 0.057137321680784225 17
1717928100169 0.05425993353128433 18
1717928107653 0.05300900712609291 19
1717928114687 0.05110324174165726 20
1717928121891 0.049899399280548096 21
1717928128918 0.047557804733514786 22
1717928136115 0.04587220400571823 23
1717928143312 0.045345183461904526 24
1717928150326 0.04362217336893082 25
1717928157450 0.04388067126274109 26
1717928164919 0.044305309653282166 27
1717928172291 0.04125159606337547 28
1717928179661 0.03919464349746704 29
1717928186889 0.039044056087732315 30
1717928194091 0.03723663091659546 31
1717928201285 0.037304557859897614 32
1717928208517 0.03577975183725357 33
1717928215549 0.03522583842277527 34
1717928222630 0.034819185733795166 35
1717928229918 0.0351138599216938 36
1717928237477 0.03339202702045441 37
1717928244623 0.034739259630441666 38
1717928251715 0.03226279467344284 39
1717928258697 0.031205791980028152 40
1717928265812 0.03685874119400978 41
1717928272833 0.03303021192550659 42
1717928280032 0.031183917075395584 43
1717928288511 0.029987003654241562 44
1717928295904 0.029629601165652275 45
1717928303229 0.028820479288697243 46
1717928310270 0.029335524886846542 47
1717928317428 0.02835623361170292 48
1717928324800 0.028527943417429924 49
1717928332255 0.027723044157028198 50
1717928341785 0.02745586819946766 51
1717928352411 0.026651829481124878 52
1717928360032 0.02643834426999092 53
1717928367167 0.025901205837726593 54
1717928374868 0.025761181488633156 55
1717928382180 0.02822982706129551 56
1717928389503 0.02774141915142536 57
1717928397185 0.02571079134941101 58
1717928405296 0.024081017822027206 59
1717928413125 0.024787314236164093 60
1717928421361 0.024927137419581413 61
1717928429195 0.025280244648456573 62
1717928436864 0.022525887936353683 63
1717928444878 0.023516595363616943 64
