1717196863905 287216.0 1
1717196867326 226454.0 2
1717196870693 212899.0 3
1717196874099 211190.0 4
1717196877578 212559.0 5
1717196881043 209343.0 6
1717196884462 209052.0 7
1717196888014 209691.0 8
1717196891443 208085.0 9
1717196894932 207304.0 10
1717196898574 206819.0 11
1717196902154 206237.0 12
1717196905535 205983.0 13
1717196909008 205552.0 14
1717196912413 204825.0 15
1717196915799 204079.0 16
1717196919352 203882.0 17
1717196922857 203265.0 18
1717196926356 203453.0 19
1717196929797 202844.0 20
1717196933333 202252.0 21
1717196937010 203300.0 22
1717196940601 202888.0 23
1717196944082 202664.0 24
1717196947557 202669.0 25
1717196950907 202786.0 26
1717196954498 202334.0 27
1717196957986 202129.0 28
1717196961388 202204.0 29
1717196965099 201906.0 30
1717196968585 201711.0 31
1717196971971 201794.0 32
1717196975352 201465.0 33
1717196978871 201650.0 34
1717196982498 201353.0 35
1717196986032 201111.0 36
1717196989614 200904.0 37
1717196992987 200735.0 38
1717196996350 201092.0 39
1717196999810 201131.0 40
1717197003279 201350.0 41
1717197006761 201125.0 42
1717197010165 200402.0 43
1717197013632 200367.0 44
1717197017190 200715.0 45
1717197020641 201080.0 46
1717197023995 201975.0 47
1717197027575 200520.0 48
1717197031057 200507.0 49
1717197034471 200754.0 50
1717197037942 199200.0 51
1717197041524 198822.0 52
1717197045161 199875.0 53
1717197048631 198628.0 54
1717197052114 199153.0 55
1717197055576 200059.0 56
1717197059042 199818.0 57
1717197062447 200462.0 58
1717197065949 199980.0 59
1717197069395 200692.0 60
1717197072891 200311.0 61
1717197076358 199557.0 62
1717197079876 198612.0 63
1717197083372 199528.0 64
1717197086706 199434.0 65
1717197090147 200786.0 66
1717197093681 200823.0 67
1717197097218 201976.0 68
1717197100649 202487.0 69
1717197104251 203133.0 70
1717197107752 204254.0 71
1717197111156 204101.0 72
1717197114645 203795.0 73
1717197118266 203635.0 74
1717197121717 204061.0 75
1717197125231 202952.0 76
1717197128783 202198.0 77
1717197132118 202795.0 78
1717197135548 203207.0 79
1717197138906 203651.0 80
1717197142385 203779.0 81
1717197145794 203554.0 82
1717197149260 203647.0 83
1717197152732 205557.0 84
1717197156060 204049.0 85
1717197159481 206312.0 86
1717197162909 207630.0 87
1717197166265 208210.0 88
1717197169727 208828.0 89
1717197173229 207115.0 90
1717197176617 208424.0 91
1717197179968 207757.0 92
1717197183455 210795.0 93
1717197186974 209750.0 94
1717197190461 210809.0 95
1717197193918 208431.0 96
1717197197459 210639.0 97
1717197201013 209744.0 98
1717197204436 211524.0 99
