1717196863905 0.061206168833172626 1
1717196867326 0.11584190700978939 2
1717196870693 0.12021228703761995 3
1717196874099 0.12306374556218347 4
1717196877578 0.12722449609141764 5
1717196881043 0.12699596885421116 6
1717196884462 0.12845413402142572 7
1717196888014 0.1292982275084889 8
1717196891443 0.12914711050605474 9
1717196894932 0.1290892907038729 10
1717196898574 0.1292044147720309 11
1717196902154 0.12902157766566907 12
1717196905535 0.12914430561104975 13
1717196909008 0.1290738372558539 14
1717196912413 0.1291256577736845 15
1717196915799 0.12884686169724724 16
1717196919352 0.1288168986555412 17
1717196922857 0.12883651951763636 18
1717196926356 0.1289585108398976 19
1717196929797 0.1288223811508586 20
1717196933333 0.12872858696701664 21
1717196937010 0.12897392462773669 22
1717196940601 0.12907363999479238 23
1717196944082 0.128977787420932 24
1717196947557 0.12913354220371878 25
1717196950907 0.12910834776572416 26
1717196954498 0.12912481807580786 27
1717196957986 0.12895632598095572 28
1717196961388 0.12919899894802447 29
1717196965099 0.12915025500660224 30
1717196968585 0.12903183382826108 31
1717196971971 0.12916638986641882 32
1717196975352 0.1292134403683268 33
1717196978871 0.12912322189992417 34
1717196982498 0.12910974655758506 35
1717196986032 0.12888414189415112 36
1717196989614 0.12897217457409088 37
1717196992987 0.12894860226409308 38
1717196996350 0.12886910075234306 39
1717196999810 0.12896111652210376 40
1717197003279 0.12918600583149406 41
1717197006761 0.1281302195379615 42
1717197010165 0.12812567318566614 43
1717197013632 0.12850274792088684 44
1717197017190 0.12873032112227537 45
1717197020641 0.1288758796505529 46
1717197023995 0.12870593879751016 47
1717197027575 0.12783219597784623 48
1717197031057 0.1282557889188369 49
1717197034471 0.12842247472136362 50
1717197037942 0.12799122880807254 51
1717197041524 0.12834233263672457 52
1717197045161 0.12838177200707868 53
1717197048631 0.12791406008260248 54
1717197052114 0.1284918282828298 55
1717197055576 0.1288127388020509 56
1717197059042 0.1287175905330728 57
1717197062447 0.1290515568441072 58
1717197065949 0.12888521429865005 59
1717197069395 0.12922854948352902 60
1717197072891 0.12895857996991977 61
1717197076358 0.12805378624333594 62
1717197079876 0.12827716123548447 63
1717197083372 0.12849436819051896 64
1717197086706 0.12861652081325023 65
1717197090147 0.12942373138234553 66
1717197093681 0.1291762326326471 67
1717197097218 0.12936505550073343 68
1717197100649 0.1301459786372075 69
1717197104251 0.13048655763407646 70
1717197107752 0.13087508499652495 71
1717197111156 0.13104799429243347 72
1717197114645 0.1307721817536162 73
1717197118266 0.13045592444013793 74
1717197121717 0.1305344730699159 75
1717197125231 0.13030381055776774 76
1717197128783 0.12997925145058756 77
1717197132118 0.13037959398794205 78
1717197135548 0.13043090341170624 79
1717197138906 0.13033192962697815 80
1717197142385 0.1306691841570373 81
1717197145794 0.1305840343955541 82
1717197149260 0.13099762092753414 83
1717197152732 0.13160325606196652 84
1717197156060 0.13151796521208386 85
1717197159481 0.13255831598052809 86
1717197162909 0.13346094932693087 87
1717197166265 0.1337431070198248 88
1717197169727 0.13399527395406885 89
1717197173229 0.13316685016326454 90
1717197176617 0.13363946335385452 91
1717197179968 0.13374440692930484 92
1717197183455 0.135555940998315 93
1717197186974 0.13516268432857723 94
1717197190461 0.1358534014949436 95
1717197193918 0.13416943569438838 96
1717197197459 0.13521756660057613 97
1717197201013 0.13487535389532435 98
1717197204436 0.1362456847382956 99
