1717240623249 0.6634836169737138 1
1717240624162 0.7259429456009732 2
1717240625110 0.7543978843360497 3
1717240626013 0.7665946226986519 4
1717240626935 0.7750384647367476 5
1717240627845 0.7870502574260227 6
1717240628783 0.7935236376164354 7
1717240629795 0.7992382890834983 8
1717240630703 0.8050107433927731 9
1717240631630 0.8073336455513038 10
1717240632541 0.8155651969231545 11
1717240633471 0.8157605921101012 12
1717240634417 0.8283734701272414 13
1717240635369 0.8302283218910897 14
1717240636309 0.8270541661499529 15
1717240637251 0.8334433391763219 16
1717240638174 0.8471604402675066 17
1717240639094 0.8482031503109105 18
1717240640009 0.845182994131892 19
1717240640905 0.8569542196078892 20
1717240641822 0.8581811323325164 21
1717240642777 0.8629514529687159 22
1717240643744 0.8636823544150826 23
1717240644662 0.8626112099375736 24
1717240645569 0.8700537776806098 25
1717240646476 0.874443241688067 26
1717240647394 0.8731335112882389 27
1717240648315 0.8792527190269446 28
1717240649214 0.8774022687155043 29
1717240650126 0.8801799221319602 30
1717240651062 0.883000870430022 31
1717240651989 0.8905068404481487 32
1717240652915 0.885181155628254 33
1717240653840 0.8812925337778073 34
1717240654753 0.8916606629581951 35
1717240655700 0.8917603243654618 36
1717240656603 0.8950667577107065 37
1717240657532 0.8954718998987335 38
1717240658442 0.9027819493347249 39
1717240659395 0.8952003617273491 40
1717240660320 0.8991858648896962 41
1717240661259 0.9026314773253225 42
1717240662174 0.9026375577722124 43
1717240663106 0.9046607462426295 44
1717240664055 0.9053451699798376 45
1717240664972 0.9008283642813921 46
1717240665872 0.9075187864202754 47
1717240666806 0.905734923119154 48
1717240667710 0.9101507756882098 49
1717240668640 0.9122025135213734 50
1717240669555 0.9087786780992841 51
1717240670520 0.9128190051978782 52
1717240671436 0.912858898168159 53
1717240672349 0.9134516315290867 54
1717240673270 0.9151327682788786 55
1717240674198 0.9120033860608553 56
1717240675113 0.9180387111908932 57
1717240676056 0.918666228020426 58
1717240676975 0.9152937524448582 59
1717240677887 0.9133750592374301 60
1717240678821 0.9183339257611456 61
1717240679761 0.9189261714772343 62
1717240680679 0.92060655054382 63
1717240681589 0.9171234826771734 64
1717240682520 0.9192183624657579 65
1717240683440 0.9212515087492814 66
1717240684369 0.9192020061261832 67
1717240685278 0.9222455757318061 68
1717240686217 0.9220197730997187 69
1717240687122 0.9256693208626796 70
1717240688032 0.9247618820802327 71
1717240688967 0.9188482670414061 72
1717240689892 0.9260499152426143 73
1717240690815 0.9234298191170668 74
1717240691717 0.9226154540132134 75
1717240692616 0.9271124489072256 76
1717240693535 0.9253234118653573 77
1717240694458 0.9252786294781495 78
1717240695338 0.9278186365765787 79
1717240696234 0.9234688067351312 80
1717240697157 0.9289801892118199 81
1717240698094 0.9284142722069116 82
1717240699022 0.9260968109773391 83
1717240699925 0.9290571437415818 84
1717240700848 0.9317585388253974 85
1717240701778 0.9264585999039685 86
1717240702662 0.92811143761154 87
1717240703591 0.934383468172061 88
1717240704517 0.9264032716565416 89
1717240705418 0.9297701050722799 90
1717240706339 0.9327322820470887 91
1717240707270 0.9321835402285773 92
1717240708193 0.9294060198713641 93
1717240709102 0.9284926187904645 94
1717240710025 0.937531247686243 95
1717240710935 0.9295662727828663 96
1717240711866 0.9338497487006976 97
1717240712773 0.9341570593028893 98
1717240713715 0.9353965847259756 99
