1717240623249 0.6987446079546308 1
1717240624162 0.7889105733542118 2
1717240625110 0.825744151164935 3
1717240626013 0.8444341101549815 4
1717240626935 0.8495673397031546 5
1717240627845 0.848646121541498 6
1717240628783 0.8574345860731671 7
1717240629795 0.8526300841967489 8
1717240630703 0.8513641426808048 9
1717240631630 0.8611230639825342 10
1717240632541 0.8614516780743635 11
1717240633471 0.8651610096541713 12
1717240634417 0.8660641661265165 13
1717240635369 0.8695430893419218 14
1717240636309 0.8719176719225594 15
1717240637251 0.873373772851194 16
1717240638174 0.8798380579986322 17
1717240639094 0.8829478324418245 18
1717240640009 0.879223019859363 19
1717240640905 0.8861524687597327 20
1717240641822 0.8903415943217563 21
1717240642777 0.895018586689692 22
1717240643744 0.8913289416267045 23
1717240644662 0.8914802143036742 24
1717240645569 0.8970374982825288 25
1717240646476 0.8998607251734067 26
1717240647394 0.8970845190381211 27
1717240648315 0.9046158401928555 28
1717240649214 0.9007410755493168 29
1717240650126 0.9028268773101938 30
1717240651062 0.9078123169145961 31
1717240651989 0.9162848819471012 32
1717240652915 0.9056884345852003 33
1717240653840 0.9058279608594832 34
1717240654753 0.9136859598473531 35
1717240655700 0.9132698577602032 36
1717240656603 0.9167560923831461 37
1717240657532 0.9152330863926631 38
1717240658442 0.9228130909264592 39
1717240659395 0.9174795669173976 40
1717240660320 0.9172220237000888 41
1717240661259 0.9230753018992285 42
1717240662174 0.9217698154281269 43
1717240663106 0.9234525756850168 44
1717240664055 0.9204296191059946 45
1717240664972 0.9221530838913774 46
1717240665872 0.9244940384343412 47
1717240666806 0.9229779084949957 48
1717240667710 0.9279441742743684 49
1717240668640 0.930827516466714 50
1717240669555 0.9238272908484243 51
1717240670520 0.9290552718872057 52
1717240671436 0.929303091297373 53
1717240672349 0.9300415084403431 54
1717240673270 0.934214982830832 55
1717240674198 0.9286649199770867 56
1717240675113 0.9323101869281754 57
1717240676056 0.9327505645040297 58
1717240676975 0.930673190000028 59
1717240677887 0.9303757928630733 60
1717240678821 0.9355528011734165 61
1717240679761 0.9346102009548207 62
1717240680679 0.9335850420167222 63
1717240681589 0.9347094592952411 64
1717240682520 0.9349964073846537 65
1717240683440 0.93610684319918 66
1717240684369 0.9333312716479487 67
1717240685278 0.9359884562070017 68
1717240686217 0.9385052208133091 69
1717240687122 0.9397434170851267 70
1717240688032 0.9383365622714995 71
1717240688967 0.9357010321991727 72
1717240689892 0.9404312342789322 73
1717240690815 0.9368397072807504 74
1717240691717 0.9390360991203256 75
1717240692616 0.9418549616532426 76
1717240693535 0.9401021522964408 77
1717240694458 0.938136766014949 78
1717240695338 0.9415814558815658 79
1717240696234 0.9404845850195208 80
1717240697157 0.9437975673113419 81
1717240698094 0.9403080748330452 82
1717240699022 0.9408154436141359 83
1717240699925 0.9433234494132398 84
1717240700848 0.945486636885291 85
1717240701778 0.9402403725015895 86
1717240702662 0.9430149623660995 87
1717240703591 0.9450948115854846 88
1717240704517 0.9426944208958614 89
1717240705418 0.9439003744181405 90
1717240706339 0.9442881326902736 91
1717240707270 0.9443393545479575 92
1717240708193 0.942952305318727 93
1717240709102 0.9433775278771133 94
1717240710025 0.9480682615841864 95
1717240710935 0.9448743283262028 96
1717240711866 0.9475382331341142 97
1717240712773 0.9483482128149742 98
1717240713715 0.9455843551566059 99
