1717240623249 43188.0 1
1717240624162 47013.0 2
1717240625110 48157.0 3
1717240626013 49131.0 4
1717240626935 49075.0 5
1717240627845 48351.0 6
1717240628783 48780.0 7
1717240629795 48183.0 8
1717240630703 47846.0 9
1717240631630 48304.0 10
1717240632541 47764.0 11
1717240633471 48172.0 12
1717240634417 47651.0 13
1717240635369 47814.0 14
1717240636309 48062.0 15
1717240637251 47812.0 16
1717240638174 47682.0 17
1717240639094 47818.0 18
1717240640009 47670.0 19
1717240640905 47677.0 20
1717240641822 47996.0 21
1717240642777 47824.0 22
1717240643744 47524.0 23
1717240644662 47675.0 24
1717240645569 47773.0 25
1717240646476 47582.0 26
1717240647394 47557.0 27
1717240648315 47620.0 28
1717240649214 47440.0 29
1717240650126 47727.0 30
1717240651062 47968.0 31
1717240651989 48026.0 32
1717240652915 47541.0 33
1717240653840 47904.0 34
1717240654753 47861.0 35
1717240655700 47787.0 36
1717240656603 47987.0 37
1717240657532 47897.0 38
1717240658442 47878.0 39
1717240659395 47822.0 40
1717240660320 47831.0 41
1717240661259 48019.0 42
1717240662174 47744.0 43
1717240663106 47802.0 44
1717240664055 47782.0 45
1717240664972 48008.0 46
1717240665872 47913.0 47
1717240666806 47994.0 48
1717240667710 48048.0 49
1717240668640 48037.0 50
1717240669555 47614.0 51
1717240670520 47990.0 52
1717240671436 48059.0 53
1717240672349 48157.0 54
1717240673270 48262.0 55
1717240674198 47882.0 56
1717240675113 47836.0 57
1717240676056 47987.0 58
1717240676975 47985.0 59
1717240677887 48199.0 60
1717240678821 48199.0 61
1717240679761 47989.0 62
1717240680679 47960.0 63
1717240681589 48250.0 64
1717240682520 48102.0 65
1717240683440 47950.0 66
1717240684369 47928.0 67
1717240685278 48196.0 68
1717240686217 48291.0 69
1717240687122 48096.0 70
1717240688032 48065.0 71
1717240688967 48312.0 72
1717240689892 48139.0 73
1717240690815 48130.0 74
1717240691717 48320.0 75
1717240692616 48225.0 76
1717240693535 48069.0 77
1717240694458 48038.0 78
1717240695338 48338.0 79
1717240696234 48371.0 80
1717240697157 48180.0 81
1717240698094 48050.0 82
1717240699022 48295.0 83
1717240699925 48299.0 84
1717240700848 48280.0 85
1717240701778 48240.0 86
1717240702662 48256.0 87
1717240703591 48204.0 88
1717240704517 48462.0 89
1717240705418 48190.0 90
1717240706339 48151.0 91
1717240707270 48305.0 92
1717240708193 48253.0 93
1717240709102 48257.0 94
1717240710025 48276.0 95
1717240710935 48465.0 96
1717240711866 48438.0 97
1717240712773 48349.0 98
1717240713715 48160.0 99
