1717240623249 0.6634836196899414 1
1717240624162 0.7259429693222046 2
1717240625110 0.7543979287147522 3
1717240626013 0.7665945291519165 4
1717240626935 0.775038480758667 5
1717240627845 0.7870502471923828 6
1717240628783 0.7935236692428589 7
1717240629795 0.7992383241653442 8
1717240630703 0.8050107955932617 9
1717240631630 0.8073335886001587 10
1717240632541 0.8155652284622192 11
1717240633471 0.815760612487793 12
1717240634417 0.8283735513687134 13
1717240635369 0.830228328704834 14
1717240636309 0.8270542025566101 15
1717240637251 0.8334433436393738 16
1717240638174 0.8471604585647583 17
1717240639094 0.8482030630111694 18
1717240640009 0.8451830148696899 19
1717240640905 0.8569542169570923 20
1717240641822 0.8581811189651489 21
1717240642777 0.862951397895813 22
1717240643744 0.8636823892593384 23
1717240644662 0.8626111745834351 24
1717240645569 0.870053768157959 25
1717240646476 0.8744431734085083 26
1717240647394 0.8731334805488586 27
1717240648315 0.8792527318000793 28
1717240649214 0.8774023056030273 29
1717240650126 0.8801798820495605 30
1717240651062 0.8830008506774902 31
1717240651989 0.8905068635940552 32
1717240652915 0.8851811289787292 33
1717240653840 0.8812925219535828 34
1717240654753 0.8916605710983276 35
1717240655700 0.8917602300643921 36
1717240656603 0.8950668573379517 37
1717240657532 0.8954718708992004 38
1717240658442 0.9027819633483887 39
1717240659395 0.8952003717422485 40
1717240660320 0.8991857767105103 41
1717240661259 0.9026314616203308 42
1717240662174 0.9026374816894531 43
1717240663106 0.904660701751709 44
1717240664055 0.9053451418876648 45
1717240664972 0.90082848072052 46
1717240665872 0.9075188636779785 47
1717240666806 0.9057348370552063 48
1717240667710 0.9101507067680359 49
1717240668640 0.9122025370597839 50
1717240669555 0.9087786674499512 51
1717240670520 0.9128190875053406 52
1717240671436 0.9128588438034058 53
1717240672349 0.9134516716003418 54
1717240673270 0.9151327013969421 55
1717240674198 0.9120033979415894 56
1717240675113 0.9180387258529663 57
1717240676056 0.9186661839485168 58
1717240676975 0.91529381275177 59
1717240677887 0.9133750796318054 60
1717240678821 0.9183340072631836 61
1717240679761 0.9189261198043823 62
1717240680679 0.9206066131591797 63
1717240681589 0.9171236157417297 64
1717240682520 0.9192183613777161 65
1717240683440 0.9212515950202942 66
1717240684369 0.9192020297050476 67
1717240685278 0.9222456216812134 68
1717240686217 0.9220197796821594 69
1717240687122 0.9256693720817566 70
1717240688032 0.9247618913650513 71
1717240688967 0.9188482165336609 72
1717240689892 0.9260498881340027 73
1717240690815 0.9234298467636108 74
1717240691717 0.9226155281066895 75
1717240692616 0.9271124005317688 76
1717240693535 0.9253233671188354 77
1717240694458 0.9252786636352539 78
1717240695338 0.9278186559677124 79
1717240696234 0.9234687685966492 80
1717240697157 0.9289800524711609 81
1717240698094 0.9284142255783081 82
1717240699022 0.9260969161987305 83
1717240699925 0.9290571212768555 84
1717240700848 0.9317585229873657 85
1717240701778 0.9264586567878723 86
1717240702662 0.9281114339828491 87
1717240703591 0.9343833923339844 88
1717240704517 0.9264032244682312 89
1717240705418 0.9297701120376587 90
1717240706339 0.9327322840690613 91
1717240707270 0.932183563709259 92
1717240708193 0.9294059872627258 93
1717240709102 0.928492546081543 94
1717240710025 0.9375312924385071 95
1717240710935 0.9295662641525269 96
1717240711866 0.9338496923446655 97
1717240712773 0.9341570734977722 98
1717240713715 0.9353965520858765 99
