1717173707433 0.943172977281899 1
1717173709630 0.9404317836665627 2
1717173711823 0.9462926019815954 3
1717173714253 0.9506911448530492 4
1717173716524 0.9528988971256941 5
1717173718725 0.9535346398640759 6
1717173721183 0.9538773626636369 7
1717173723409 0.954885734738574 8
1717173725667 0.956109964198768 9
1717173727842 0.9578806856920309 10
1717173730279 0.9603381729930833 11
1717173732750 0.9621631706637712 12
1717173735238 0.9638528557974562 13
1717173737678 0.9661681557588916 14
1717173739997 0.9684843167061212 15
1717173742536 0.9704231057297429 16
1717173744984 0.9726406379104134 17
1717173747170 0.9736870248578618 18
1717173749405 0.9756863686070847 19
1717173751602 0.9770240755172722 20
1717173754049 0.9784855488955052 21
1717173756241 0.9795010045520328 22
1717173758497 0.9807842189570479 23
1717173760752 0.9801057961368692 24
1717173763198 0.9813307731369093 25
1717173765403 0.9824031783992253 26
1717173767679 0.9831834455613271 27
1717173770132 0.9834767238564206 28
1717173772369 0.9843736282942593 29
1717173774701 0.9843494256501092 30
1717173776974 0.9847044578008649 31
1717173779370 0.9854627147157701 32
1717173781632 0.9857806464490998 33
1717173783806 0.9863971364749923 34
1717173786246 0.9863199130361135 35
1717173788471 0.9872115399948035 36
1717173791055 0.9867792021436922 37
1717173793600 0.986762780271031 38
1717173796188 0.9872277773769418 39
1717173798485 0.988143244288452 40
1717173800741 0.9879888889243956 41
1717173802946 0.9884869861820692 42
1717173805110 0.9879536529705683 43
1717173807740 0.9885198680779218 44
1717173809971 0.9873757766752445 45
1717173812341 0.9878853126119266 46
1717173814858 0.9893145823955212 47
1717173817587 0.9897803554894322 48
1717173819862 0.9898080215992378 49
1717173822051 0.9897498687038281 50
1717173824281 0.9890791047420174 51
1717173826487 0.9902305431434284 52
1717173828880 0.9894270294818397 53
1717173831485 0.9899614507083468 54
1717173834259 0.9904584838573119 55
1717173836981 0.9896830310187382 56
1717173839163 0.9904849999702939 57
1717173841378 0.9907532192538203 58
1717173843555 0.9903936828113912 59
1717173846161 0.9907723232607252 60
1717173848909 0.9909230119844455 61
1717173851425 0.990794600866527 62
1717173853668 0.990608236303745 63
1717173855819 0.9911240627421712 64
1717173858051 0.9912668292156293 65
1717173860258 0.9911120569557295 66
1717173862468 0.9910962982150335 67
1717173864735 0.9913747814031573 68
1717173867351 0.989964805197965 69
1717173869621 0.9914132320414731 70
1717173871852 0.9912709836417086 71
1717173874149 0.9914603934763074 72
1717173876389 0.9912582964195277 73
1717173878708 0.9915478863923649 74
1717173880933 0.9912379555807748 75
1717173883121 0.9906189029947268 76
1717173885457 0.9916458731572256 77
1717173887824 0.9916035216155319 78
1717173890067 0.99149615584064 79
1717173892295 0.9916696565369437 80
1717173894728 0.9915571189840579 81
1717173896996 0.9914856699001351 82
1717173899209 0.9917041547916393 83
1717173901418 0.9913481378357899 84
1717173903681 0.9915847338869908 85
1717173905944 0.9913501168727857 86
1717173908233 0.9917485692351854 87
1717173910552 0.9916729404446765 88
1717173912868 0.9916509425034856 89
1717173915086 0.9917643594927262 90
1717173917443 0.9918775011736849 91
1717173919730 0.9914414778881561 92
1717173921986 0.9914842878001154 93
1717173924442 0.992343687535076 94
1717173926711 0.9919506096507477 95
1717173928905 0.991742865724616 96
1717173931137 0.9917800412929256 97
1717173933428 0.9919076253847703 98
1717173935650 0.9919614477950874 99
