1717632012768 0.9193876202223089 1
1717632013589 0.91793154717945 2
1717632014439 0.91793154717945 3
1717632015197 0.91793154717945 4
1717632015940 0.9179308066316345 5
1717632016714 0.91793154717945 6
1717632017479 0.9179309370703401 7
1717632018282 0.9194939031971441 8
1717632019074 0.924442630952795 9
1717632019846 0.9317818230234685 10
1717632020656 0.9384440232401599 11
1717632021432 0.9419943406252904 12
1717632022175 0.9445926132184143 13
1717632022918 0.9465402374031331 14
1717632023694 0.9488262248564717 15
1717632024491 0.9505174817996628 16
