1717329037917 0.742232875557178 1
1717329039646 0.8495827586576178 2
1717329041357 0.88591181358678 3
1717329043112 0.8898718329074493 4
1717329044894 0.8914447944688358 5
1717329046629 0.8923913521729383 6
1717329048351 0.8918807656770494 7
1717329050149 0.8934209326623438 8
1717329052041 0.8938842743811799 9
1717329053810 0.8946078016566912 10
1717329055551 0.8955744896190745 11
1717329057289 0.8957461470440479 12
1717329059054 0.9003759692857026 13
1717329060797 0.9055468885136904 14
1717329062569 0.9099484732935654 15
1717329064330 0.9122022408594342 16
1717329066340 0.9143905296779707 17
1717329068130 0.916508456762311 18
1717329070092 0.9189147638863674 19
1717329072053 0.9208812707606177 20
1717329074077 0.924443040229618 21
1717329076047 0.9280254172110249 22
1717329077950 0.9314587006020415 23
1717329079831 0.9349903599353755 24
1717329081818 0.9370993587892755 25
1717329083761 0.9365527358886883 26
1717329085617 0.9370318189165227 27
1717329087532 0.9381769909141514 28
1717329089419 0.9373792614197608 29
1717329091427 0.9395155961005447 30
1717329093358 0.9402904813226889 31
1717329095281 0.9402068315421775 32
1717329097154 0.9402904576440859 33
1717329099109 0.9399680740039724 34
1717329100991 0.9403200959363327 35
1717329102873 0.9410844648968852 36
1717329104953 0.9416125970868409 37
1717329107161 0.9423059327779901 38
1717329109398 0.9423139594366002 39
1717329111429 0.9427453939727735 40
1717329114153 0.9428088303615642 41
1717329116374 0.9431548574002965 42
1717329118292 0.9431441765585419 43
1717329120207 0.9434176735979779 44
1717329122289 0.9432851026528765 45
1717329124290 0.943928004068467 46
1717329126234 0.9445527235865726 47
1717329128176 0.9444518679526022 48
1717329129977 0.9445493609464691 49
1717329132146 0.9444829238072332 50
1717329134215 0.9447953758330658 51
1717329136193 0.9425432345625913 52
1717329138098 0.9423006817236089 53
1717329140022 0.9450378979925279 54
1717329142362 0.944760382848098 55
1717329144534 0.9444300072440225 56
1717329146407 0.9447833571636074 57
1717329148273 0.9452045001028799 58
1717329150178 0.9458226667813373 59
1717329152353 0.9460752150744651 60
1717329154251 0.9450520998147418 61
1717329156469 0.9457460207967907 62
1717329158430 0.9437484686309613 63
1717329160347 0.9456967332280508 64
1717329162328 0.9462248594490972 65
1717329164292 0.9460488870307275 66
1717329166263 0.9455507494435009 67
1717329168240 0.9462946662855414 68
1717329170204 0.9455912625592041 69
1717329172186 0.9443110668709552 70
1717329174155 0.946450964010239 71
1717329176167 0.9470013875130818 72
1717329178199 0.9465221089250044 73
1717329180162 0.9469325261887236 74
1717329182094 0.946000511528716 75
1717329184017 0.9471149201789071 76
1717329185959 0.9466698155140997 77
1717329187921 0.9453004600884318 78
1717329189867 0.9469879888984615 79
1717329191844 0.9468762697865047 80
1717329193862 0.9462228269429136 81
1717329195829 0.947187782090642 82
1717329197806 0.9468387163186269 83
1717329199765 0.9448053256313571 84
1717329201738 0.9472216256884828 85
1717329203708 0.9467119703359481 86
1717329205672 0.9469138063416748 87
1717329207690 0.9474242978833879 88
1717329209683 0.9479530223996817 89
1717329211644 0.9466073154451359 90
1717329213603 0.9466556662599537 91
1717329215566 0.9470033353830688 92
1717329217581 0.9467124371704072 93
1717329219644 0.9476609909501215 94
1717329222784 0.9476049881812094 95
1717329224803 0.9484109461387594 96
1717329226816 0.948470981946264 97
1717329228804 0.9479853415044354 98
1717329230749 0.9484680597958474 99
