1717329037917 0.6000278237453059 1
1717329039646 0.7416188639280131 2
1717329041357 0.7980707713730665 3
1717329043112 0.8029651477791588 4
1717329044894 0.8054502181626846 5
1717329046629 0.8067714929047832 6
1717329048351 0.8059178374315948 7
1717329050149 0.8083938221413745 8
1717329052041 0.8091157542768354 9
1717329053810 0.810298150335552 10
1717329055551 0.8121124918239899 11
1717329057289 0.8122205903623334 12
1717329059054 0.8200432923791345 13
1717329060797 0.8288421004236918 14
1717329062569 0.8365406354838977 15
1717329064330 0.8403060008419317 16
1717329066340 0.844152263546736 17
1717329068130 0.8477471209180765 18
1717329070092 0.8518690962724629 19
1717329072053 0.8552254659243316 20
1717329074077 0.8611843729906227 21
1717329076047 0.8674224070052793 22
1717329077950 0.8729993035598208 23
1717329079831 0.8791200639471125 24
1717329081818 0.8826937874698297 25
1717329083761 0.88150765276503 26
1717329085617 0.8824358306848685 27
1717329087532 0.8844912836693188 28
1717329089419 0.8829798483449804 29
1717329091427 0.8866935327975046 30
1717329093358 0.8880328665962204 31
1717329095281 0.887833197752389 32
1717329097154 0.8881018510066312 33
1717329099109 0.8876098804758589 34
1717329100991 0.8881521222530018 35
1717329102873 0.8894438263054188 36
1717329104953 0.8904205915082235 37
1717329107161 0.8916884346270818 38
1717329109398 0.8915080617196969 39
1717329111429 0.8924825083067265 40
1717329114153 0.8923951560069451 41
1717329116374 0.8931544758233656 42
1717329118292 0.8932493499490208 43
1717329120207 0.8937179016148648 44
1717329122289 0.8933961565396819 45
1717329124290 0.8944265654557029 46
1717329126234 0.8955934625975491 47
1717329128176 0.8953229653171914 48
1717329129977 0.8956232101460101 49
1717329132146 0.8955283713728073 50
1717329134215 0.8959141033182533 51
1717329136193 0.8924682063177114 52
1717329138098 0.8915302652850838 53
1717329140022 0.8963806951342604 54
1717329142362 0.8958131013331245 55
1717329144534 0.8952319402809025 56
1717329146407 0.8959589495849694 57
1717329148273 0.89663028857815 58
1717329150178 0.897741934069583 59
1717329152353 0.8983439537435383 60
1717329154251 0.8963662563678086 61
1717329156469 0.8975849601052854 62
1717329158430 0.8941665803051371 63
1717329160347 0.8975568689929443 64
1717329162328 0.8985118221435908 65
1717329164292 0.8981109266508339 66
1717329166263 0.897293320997363 67
1717329168240 0.8985751301117478 68
1717329170204 0.8972146491569586 69
1717329172186 0.8951660272899367 70
1717329174155 0.898805822892408 71
1717329176167 0.8998403466520256 72
1717329178199 0.8990627426516371 73
1717329180162 0.8997805951115158 74
1717329182094 0.897961626704327 75
1717329184017 0.9000495227699813 76
1717329185959 0.8992123820519458 77
1717329187921 0.8969868502289898 78
1717329189867 0.8998153134667248 79
1717329191844 0.8996983416413791 80
1717329193862 0.8984338610201781 81
1717329195829 0.9002255840206416 82
1717329197806 0.8995441096459798 83
1717329199765 0.8959674210058981 84
1717329201738 0.9003035220484583 85
1717329203708 0.8993474553114424 86
1717329205672 0.8996687485532872 87
1717329207690 0.9005942942799 88
1717329209683 0.9015322689618178 89
1717329211644 0.8992476590187755 90
1717329213603 0.8991332370824698 91
1717329215566 0.9000812595714613 92
1717329217581 0.8992512420859327 93
1717329219644 0.9009820189673862 94
1717329222784 0.900891848655744 95
1717329224803 0.9023777152061898 96
1717329226816 0.9024043822549438 97
1717329228804 0.901608816628066 98
1717329230749 0.9024677211478243 99
