1717329037917 0.22525376582580614 1
1717329039646 0.3307384214645745 2
1717329041357 0.38843416632839023 3
1717329043112 0.4012552634753607 4
1717329044894 0.4049783134738229 5
1717329046629 0.4079133538420018 6
1717329048351 0.40677285481391506 7
1717329050149 0.41063337967742314 8
1717329052041 0.41187613624568054 9
1717329053810 0.41322345179537495 10
1717329055551 0.4146180264917409 11
1717329057289 0.4153762243326932 12
1717329059054 0.4252436253552288 13
1717329060797 0.4364736257365537 14
1717329062569 0.4457999478757546 15
1717329064330 0.451303018516602 16
1717329066340 0.456258414548545 17
1717329068130 0.46192993284878614 18
1717329070092 0.46888582752274865 19
1717329072053 0.4748200481267143 20
1717329074077 0.4863459575976162 21
1717329076047 0.4979713348423949 22
1717329077950 0.5117050427797868 23
1717329079831 0.523571978622343 24
1717329081818 0.531894400240043 25
1717329083761 0.5308594555318558 26
1717329085617 0.5327141694025495 27
1717329087532 0.5356000206321847 28
1717329089419 0.5336270875504678 29
1717329091427 0.54151802272219 30
1717329093358 0.5444941532700455 31
1717329095281 0.5444184270339596 32
1717329097154 0.5442700453904109 33
1717329099109 0.5430320948411184 34
1717329100991 0.5447852307676303 35
1717329102873 0.5477511824167155 36
1717329104953 0.5494437443521291 37
1717329107161 0.5520595570311142 38
1717329109398 0.5531551547352455 39
1717329111429 0.5541144790906714 40
1717329114153 0.5552574735170365 41
1717329116374 0.555882822216505 42
1717329118292 0.5557756636186947 43
1717329120207 0.5566784304514883 44
1717329122289 0.5563128781983868 45
1717329124290 0.5593387666470635 46
1717329126234 0.5619984231952583 47
1717329128176 0.5619648078988204 48
1717329129977 0.5616584479180347 49
1717329132146 0.5618370536167961 50
1717329134215 0.5634010046734699 51
1717329136193 0.5513395281685998 52
1717329138098 0.5537302061535632 53
1717329140022 0.5643181479425109 54
1717329142362 0.5633740764274179 55
1717329144534 0.5622757921382389 56
1717329146407 0.5636293736991962 57
1717329148273 0.565143514021787 58
1717329150178 0.5679490215524186 59
1717329152353 0.5684287049784038 60
1717329154251 0.5646412760426603 61
1717329156469 0.5676069465359734 62
1717329158430 0.5608158573030916 63
1717329160347 0.5672993964118566 64
1717329162328 0.5697089747401504 65
1717329164292 0.569048615801062 66
1717329166263 0.5663725530354055 67
1717329168240 0.5698090721703695 68
1717329170204 0.5673774134082015 69
1717329172186 0.5630703239118491 70
1717329174155 0.57084579873176 71
1717329176167 0.5730473472870495 72
1717329178199 0.5708133203098321 73
1717329180162 0.5723241909620407 74
1717329182094 0.5691951851043977 75
1717329184017 0.5736286348631086 76
1717329185959 0.5718181354838707 77
1717329187921 0.5668986878816 78
1717329189867 0.5731050105741488 79
1717329191844 0.5725414449252336 80
1717329193862 0.5697202699900514 81
1717329195829 0.5736858102565037 82
1717329197806 0.5725697624699683 83
1717329199765 0.5652577574323626 84
1717329201738 0.5737542533534782 85
1717329203708 0.571525136450217 86
1717329205672 0.5727966162201272 87
1717329207690 0.5748098602824218 88
1717329209683 0.5772676793079047 89
1717329211644 0.5709068179906298 90
1717329213603 0.5723775268677445 91
1717329215566 0.5730264227871439 92
1717329217581 0.5721986453703589 93
1717329219644 0.5762498274684223 94
1717329222784 0.5762585253395671 95
1717329224803 0.5792749293183241 96
1717329226816 0.5798588802786553 97
1717329228804 0.5774704720518349 98
1717329230749 0.5799090607371902 99
