1717437698828 0.4373560900436926 1
1717437704792 0.5802065189047045 2
1717437710640 0.6197639047636746 3
1717437716560 0.6395392313885833 4
1717437722503 0.6486858784806383 5
1717437728280 0.6513520679988271 6
1717437734290 0.6581577586933436 7
1717437740181 0.6604554488711568 8
1717437746501 0.6618717412476264 9
1717437752465 0.6660197517346468 10
1717437758484 0.6693450206680517 11
1717437764618 0.6724354969266235 12
1717437770627 0.6743162901684816 13
1717437776605 0.6773486019651225 14
1717437782553 0.6782849609232459 15
1717437788430 0.6802124498497535 16
1717437794449 0.682665163953379 17
1717437800602 0.6856104483410448 18
1717437806703 0.6856697516238734 19
1717437812860 0.6875222420743643 20
1717437819027 0.687930648029649 21
1717437825286 0.6918930237569383 22
1717437831297 0.6945265547418614 23
1717437837398 0.6921358823350983 24
1717437843417 0.6920047445189115 25
1717437849398 0.6958998458814973 26
1717437855602 0.7020204396388732 27
1717437861756 0.7018322059451957 28
1717437867949 0.7042848192767003 29
1717437874331 0.7020944919595438 30
1717437880729 0.7064962638753577 31
1717437887072 0.7086379775987994 32
1717437893508 0.7079028949737488 33
1717437899758 0.7060964221338617 34
1717437905891 0.7066606961001642 35
1717437911851 0.7101455998905704 36
1717437917973 0.7089762855079371 37
1717437923962 0.709258630106974 38
1717437930416 0.711243124812452 39
1717437936496 0.7109461729567117 40
1717437942745 0.711074158802489 41
1717437948799 0.712943637200017 42
1717437954919 0.7158060743391599 43
1717437961200 0.7148855233305124 44
1717437967404 0.7164076906903519 45
1717437973550 0.7178244905136687 46
1717437979634 0.7186253369725568 47
1717437985875 0.7183998387359308 48
1717437991895 0.7205937648675 49
1717437997945 0.7197012750734496 50
1717438004166 0.7233704531316045 51
1717438010321 0.72603902043707 52
1717438016284 0.7238197078117217 53
1717438022381 0.7237787507454729 54
1717438028612 0.726017142339766 55
1717438034832 0.7264057412689764 56
1717438040798 0.727316295056035 57
1717438046765 0.7264830358839942 58
1717438052825 0.7273498908974984 59
1717438058874 0.7276844408425472 60
1717438065030 0.7311558110252687 61
1717438071134 0.7320798643801267 62
1717438077268 0.731469942791982 63
1717438083495 0.7330160511123868 64
1717438089671 0.7325162806633924 65
1717438095786 0.7352970284996976 66
1717438101854 0.7338160531547665 67
1717438107983 0.7346358255960878 68
1717438114485 0.7350889751712582 69
1717438120780 0.7367936538456247 70
1717438126989 0.7365083385595982 71
1717438132950 0.7398047703565626 72
1717438138957 0.7392504872803023 73
1717438144926 0.7379409443786525 74
1717438151043 0.7409750492859875 75
1717438157074 0.7393735958468207 76
1717438163073 0.7418841730656129 77
1717438169141 0.7424140775867569 78
1717438175045 0.7389418521741589 79
1717438181158 0.7431003889383904 80
1717438187307 0.7426877104770958 81
1717438193522 0.7429550991078359 82
1717438199654 0.7426617388703232 83
1717438205745 0.7450555048621581 84
1717438211880 0.7467177087896631 85
1717438217982 0.7419666146562416 86
1717438224146 0.7448671678549675 87
1717438230195 0.7455174406948339 88
1717438236435 0.7433164476953683 89
1717438242616 0.7465926051607439 90
1717438248935 0.7493753803976726 91
1717438255093 0.7471471250271196 92
1717438261504 0.7493349138586898 93
1717438268453 0.7474762221906016 94
1717438275606 0.7483206388963366 95
1717438282335 0.7512064419350916 96
1717438289010 0.7502785807093164 97
1717438295603 0.7519139414186111 98
1717438302174 0.7484589514226544 99
