1717437698828 52514.0 1
1717437704792 52514.0 2
1717437710640 52514.0 3
1717437716560 52514.0 4
1717437722503 52514.0 5
1717437728280 52514.0 6
1717437734290 52514.0 7
1717437740181 52514.0 8
1717437746501 52514.0 9
1717437752465 52514.0 10
1717437758484 52514.0 11
1717437764618 52514.0 12
1717437770627 52514.0 13
1717437776605 52514.0 14
1717437782553 52514.0 15
1717437788430 52514.0 16
1717437794449 52514.0 17
1717437800602 52514.0 18
1717437806703 52514.0 19
1717437812860 52514.0 20
1717437819027 52514.0 21
1717437825286 52514.0 22
1717437831297 52514.0 23
1717437837398 52514.0 24
1717437843417 52514.0 25
1717437849398 52514.0 26
1717437855602 52514.0 27
1717437861756 52514.0 28
1717437867949 52514.0 29
1717437874331 52514.0 30
1717437880729 52514.0 31
1717437887072 52514.0 32
1717437893508 52514.0 33
1717437899758 52514.0 34
1717437905891 52514.0 35
1717437911851 52514.0 36
1717437917973 52514.0 37
1717437923962 52514.0 38
1717437930416 52514.0 39
1717437936496 52514.0 40
1717437942745 52514.0 41
1717437948799 52514.0 42
1717437954919 52514.0 43
1717437961200 52514.0 44
1717437967404 52514.0 45
1717437973550 52514.0 46
1717437979634 52514.0 47
1717437985875 52514.0 48
1717437991895 52514.0 49
1717437997945 52514.0 50
1717438004166 52514.0 51
1717438010321 52514.0 52
1717438016284 52514.0 53
1717438022381 52514.0 54
1717438028612 52514.0 55
1717438034832 52514.0 56
1717438040798 52514.0 57
1717438046765 52514.0 58
1717438052825 52514.0 59
1717438058874 52514.0 60
1717438065030 52514.0 61
1717438071134 52514.0 62
1717438077268 52514.0 63
1717438083495 52514.0 64
1717438089671 52514.0 65
1717438095786 52514.0 66
1717438101854 52514.0 67
1717438107983 52514.0 68
1717438114485 52514.0 69
1717438120780 52514.0 70
1717438126989 52514.0 71
1717438132950 52514.0 72
1717438138957 52514.0 73
1717438144926 52514.0 74
1717438151043 52514.0 75
1717438157074 52514.0 76
1717438163073 52514.0 77
1717438169141 52514.0 78
1717438175045 52514.0 79
1717438181158 52514.0 80
1717438187307 52514.0 81
1717438193522 52514.0 82
1717438199654 52514.0 83
1717438205745 52514.0 84
1717438211880 52514.0 85
1717438217982 52514.0 86
1717438224146 52514.0 87
1717438230195 52514.0 88
1717438236435 52514.0 89
1717438242616 52514.0 90
1717438248935 52514.0 91
1717438255093 52514.0 92
1717438261504 52514.0 93
1717438268453 52514.0 94
1717438275606 52514.0 95
1717438282335 52514.0 96
1717438289010 52514.0 97
1717438295603 52514.0 98
1717438302174 52514.0 99
