1717437698828 813520.0 1
1717437704792 813520.0 2
1717437710640 813520.0 3
1717437716560 813520.0 4
1717437722503 813520.0 5
1717437728280 813520.0 6
1717437734290 813520.0 7
1717437740181 813520.0 8
1717437746501 813520.0 9
1717437752465 813520.0 10
1717437758484 813520.0 11
1717437764618 813520.0 12
1717437770627 813520.0 13
1717437776605 813520.0 14
1717437782553 813520.0 15
1717437788430 813520.0 16
1717437794449 813520.0 17
1717437800602 813520.0 18
1717437806703 813520.0 19
1717437812860 813520.0 20
1717437819027 813520.0 21
1717437825286 813520.0 22
1717437831297 813520.0 23
1717437837398 813520.0 24
1717437843417 813520.0 25
1717437849398 813520.0 26
1717437855602 813520.0 27
1717437861756 813520.0 28
1717437867949 813520.0 29
1717437874331 813520.0 30
1717437880729 813520.0 31
1717437887072 813520.0 32
1717437893508 813520.0 33
1717437899758 813520.0 34
1717437905891 813520.0 35
1717437911851 813520.0 36
1717437917973 813520.0 37
1717437923962 813520.0 38
1717437930416 813520.0 39
1717437936496 813520.0 40
1717437942745 813520.0 41
1717437948799 813520.0 42
1717437954919 813520.0 43
1717437961200 813520.0 44
1717437967404 813520.0 45
1717437973550 813520.0 46
1717437979634 813520.0 47
1717437985875 813520.0 48
1717437991895 813520.0 49
1717437997945 813520.0 50
1717438004166 813520.0 51
1717438010321 813520.0 52
1717438016284 813520.0 53
1717438022381 813520.0 54
1717438028612 813520.0 55
1717438034832 813520.0 56
1717438040798 813520.0 57
1717438046765 813520.0 58
1717438052825 813520.0 59
1717438058874 813520.0 60
1717438065030 813520.0 61
1717438071134 813520.0 62
1717438077268 813520.0 63
1717438083495 813520.0 64
1717438089671 813520.0 65
1717438095786 813520.0 66
1717438101854 813520.0 67
1717438107983 813520.0 68
1717438114485 813520.0 69
1717438120780 813520.0 70
1717438126989 813520.0 71
1717438132950 813520.0 72
1717438138957 813520.0 73
1717438144926 813520.0 74
1717438151043 813520.0 75
1717438157074 813520.0 76
1717438163073 813520.0 77
1717438169141 813520.0 78
1717438175045 813520.0 79
1717438181158 813520.0 80
1717438187307 813520.0 81
1717438193522 813520.0 82
1717438199654 813520.0 83
1717438205745 813520.0 84
1717438211880 813520.0 85
1717438217982 813520.0 86
1717438224146 813520.0 87
1717438230195 813520.0 88
1717438236435 813520.0 89
1717438242616 813520.0 90
1717438248935 813520.0 91
1717438255093 813520.0 92
1717438261504 813520.0 93
1717438268453 813520.0 94
1717438275606 813520.0 95
1717438282335 813520.0 96
1717438289010 813520.0 97
1717438295603 813520.0 98
1717438302174 813520.0 99
