1717522325149 0.3174704313278198 1
1717522326079 0.3127572238445282 2
1717522327061 0.30402523279190063 3
1717522327973 0.29855161905288696 4
1717522328925 0.3002193570137024 5
1717522329877 0.2982269823551178 6
1717522330881 0.2990565896034241 7
1717522331809 0.2963640093803406 8
1717522332757 0.3006158471107483 9
1717522333719 0.29187145829200745 10
1717522334644 0.2992246747016907 11
1717522335586 0.3061177432537079 12
1717522336536 0.30577075481414795 13
1717522337501 0.3051207363605499 14
1717522338474 0.30790436267852783 15
1717522339452 0.3094177544116974 16
1717522340447 0.30341219902038574 17
1717522341431 0.3073923587799072 18
1717522342394 0.30814316868782043 19
1717522343396 0.30874934792518616 20
1717522344323 0.3093935549259186 21
1717522345340 0.3113275170326233 22
1717522346320 0.31102076172828674 23
1717522347262 0.31155022978782654 24
1717522348224 0.3127976059913635 25
1717522349175 0.3116472363471985 26
1717522350130 0.3187757134437561 27
1717522351133 0.3119567930698395 28
1717522352106 0.31171342730522156 29
1717522353040 0.31303560733795166 30
1717522354014 0.3144139349460602 31
1717522354969 0.3168345093727112 32
1717522355907 0.3185426890850067 33
1717522356877 0.3202459514141083 34
1717522357829 0.3208700120449066 35
1717522358807 0.3243933320045471 36
1717522359764 0.3253561556339264 37
1717522360742 0.3256520926952362 38
1717522361708 0.32831111550331116 39
1717522362690 0.32995203137397766 40
1717522363649 0.3321937024593353 41
1717522364614 0.3349555730819702 42
1717522365610 0.3363068103790283 43
1717522366571 0.337971955537796 44
1717522367527 0.34124621748924255 45
1717522368504 0.3408327102661133 46
1717522369472 0.3472590148448944 47
1717522370431 0.344229131937027 48
1717522371563 0.35004302859306335 49
1717522372621 0.35213685035705566 50
1717522373553 0.35493820905685425 51
1717522374520 0.36336612701416016 52
1717522375466 0.37196335196495056 53
1717522376416 0.3666803538799286 54
1717522377381 0.36937129497528076 55
1717522378323 0.3759646415710449 56
1717522379319 0.3601773679256439 57
1717522380290 0.37210479378700256 58
1717522381261 0.3769567012786865 59
1717522382177 0.3805193305015564 60
1717522383158 0.38200312852859497 61
1717522384139 0.384075790643692 62
1717522385098 0.38447895646095276 63
1717522386036 0.3866353929042816 64
1717522387008 0.3877825438976288 65
1717522388186 0.3898800313472748 66
1717522389254 0.3905404210090637 67
1717522390301 0.39170342683792114 68
1717522391391 0.39299315214157104 69
1717522392475 0.3938005268573761 70
1717522393565 0.39509448409080505 71
1717522394567 0.39728012681007385 72
1717522395582 0.39787793159484863 73
1717522396549 0.39986076951026917 74
1717522397501 0.40200671553611755 75
1717522398459 0.4035286009311676 76
1717522399443 0.4044058322906494 77
1717522400369 0.4079267084598541 78
1717522401359 0.4085254371166229 79
1717522402313 0.41172030568122864 80
1717522403246 0.4109920859336853 81
1717522404274 0.409735769033432 82
1717522405222 0.4142206907272339 83
1717522406162 0.4124208688735962 84
1717522407127 0.4177531599998474 85
1717522408100 0.41823095083236694 86
1717522409048 0.41961219906806946 87
1717522409995 0.4191545844078064 88
1717522410923 0.42216017842292786 89
1717522411852 0.4215312898159027 90
1717522412802 0.42203760147094727 91
1717522413796 0.4224400520324707 92
1717522414769 0.4238758683204651 93
1717522415719 0.4248594045639038 94
1717522416647 0.4249008595943451 95
1717522417599 0.42591550946235657 96
1717522418547 0.4259704351425171 97
1717522419485 0.42674893140792847 98
1717522420464 0.42867451906204224 99
