1717522325149 0.3174704433146962 1
1717522326079 0.31275723234260194 2
1717522327061 0.3040252286778292 3
1717522327973 0.29855160028894756 4
1717522328925 0.3002193603687915 5
1717522329877 0.2982270086632689 6
1717522330881 0.2990565939814421 7
1717522331809 0.29636403660807775 8
1717522332757 0.30061583009768217 9
1717522333719 0.2918714736812311 10
1717522334644 0.2992246780358889 11
1717522335586 0.30611774406587233 12
1717522336536 0.3057707538864768 13
1717522337501 0.30512073833051756 14
1717522338474 0.3079043474559943 15
1717522339452 0.3094177361880872 16
1717522340447 0.3034122159931479 17
1717522341431 0.30739236286424837 18
1717522342394 0.30814319636467186 19
1717522343396 0.30874934233327145 20
1717522344323 0.3093935666721024 21
1717522345340 0.3113275232735924 22
1717522346320 0.31102075735015605 23
1717522347262 0.31155023053003766 24
1717522348224 0.3127975761724454 25
1717522349175 0.3116472441402628 26
1717522350130 0.3187757144759121 27
1717522351133 0.31195681082140736 28
1717522352106 0.31171341247739426 29
1717522353040 0.3130355801555471 30
1717522354014 0.3144139167292985 31
1717522354969 0.3168345096187555 32
1717522355907 0.3185426957838413 33
1717522356877 0.3202459927587065 34
1717522357829 0.3208699987734117 35
1717522358807 0.3243933370963374 36
1717522359764 0.3253561653053394 37
1717522360742 0.32565206852603357 38
1717522361708 0.3283111290561612 39
1717522362690 0.32995203079698154 40
1717522363649 0.332193698592909 41
1717522364614 0.3349555873228799 42
1717522365610 0.33630678031124717 43
1717522366571 0.3379719617845388 44
1717522367527 0.3412462251863415 45
1717522368504 0.3408326807885649 46
1717522369472 0.34725899844258373 47
1717522370431 0.34422912226586333 48
1717522371563 0.35004303547474147 49
1717522372621 0.352136852792834 50
1717522373553 0.35493818481396155 51
1717522374520 0.3633661302390223 52
1717522375466 0.3719633499662746 53
1717522376416 0.36668034241722225 54
1717522377381 0.36937130729246387 55
1717522378323 0.3759646721801882 56
1717522379319 0.36017736977637543 57
1717522380290 0.37210479972067645 58
1717522381261 0.37695672331114316 59
1717522382177 0.3805193202796533 60
1717522383158 0.38200313518010487 61
1717522384139 0.3840758102447478 62
1717522385098 0.3844789424080391 63
1717522386036 0.3866353962276093 64
1717522387008 0.38778252476884956 65
1717522388186 0.38988001701461505 66
1717522389254 0.3905404446680793 67
1717522390301 0.39170344250248834 68
1717522391391 0.3929931506764288 69
1717522392475 0.39380050716691906 70
1717522393565 0.3950945081516982 71
1717522394567 0.397280135537135 72
1717522395582 0.397877911595941 73
1717522396549 0.3998607681829439 74
1717522397501 0.40200672705988055 75
1717522398459 0.4035286195139635 76
1717522399443 0.40440578487606277 77
1717522400369 0.40792665550467133 78
1717522401359 0.4085254445226652 79
1717522402313 0.4117202845763839 80
1717522403246 0.41099203899033776 81
1717522404274 0.40973575844507837 82
1717522405222 0.4142207009485629 83
1717522406162 0.412420880235019 84
1717522407127 0.4177531491087793 85
1717522408100 0.4182309458156017 86
1717522409048 0.419612166341779 87
1717522409995 0.4191545836455362 88
1717522410923 0.422160173506808 89
1717522411852 0.4215312970308923 90
1717522412802 0.4220375524127226 91
1717522413796 0.42244003621148685 92
1717522414769 0.42387589677159343 93
1717522415719 0.42485940667930977 94
1717522416647 0.42490085826633683 95
1717522417599 0.4259154784253011 96
1717522418547 0.42597043918876853 97
1717522419485 0.42674893073652204 98
1717522420464 0.4286745207761487 99
