1717243145835 0.08879838818597045 1
1717243157319 0.08858290661035548 2
1717243169055 0.08895129390725685 3
1717243182440 0.09145414590354746 4
1717243195364 0.08849920817489255 5
1717243208439 0.08701843590144058 6
1717243224806 0.09145414590354746 7
1717243238778 0.08997337363009549 8
1717243253019 0.08997337363009549 9
1717243267059 0.08997337363009549 10
1717243281110 0.08997337363009549 11
1717243295076 0.08997337363009549 12
1717243309519 0.08997337363009549 13
1717243323628 0.08997337363009549 14
1717243337906 0.08997337363009549 15
1717243352670 0.08997337363009549 16
1717243366909 0.08997337363009549 17
1717243381123 0.08997337363009549 18
1717243395730 0.08997337363009549 19
1717243410047 0.08997337363009549 20
1717243424421 0.08997337363009549 21
1717243438867 0.08997337363009549 22
1717243453070 0.08997337363009549 23
1717243467462 0.08997337363009549 24
1717243482284 0.08997337363009549 25
1717243496615 0.08997337363009549 26
1717243511061 0.08997337363009549 27
1717243525504 0.08997337363009549 28
1717243540044 0.08997337363009549 29
1717243554531 0.08997337363009549 30
1717243568989 0.08997337363009549 31
1717243583406 0.08997337363009549 32
1717243598296 0.08997337363009549 33
1717243612933 0.08997337363009549 34
1717243627578 0.08997337363009549 35
1717243642247 0.08997337363009549 36
1717243657130 0.08997337363009549 37
1717243671636 0.08997337363009549 38
1717243686197 0.08997337363009549 39
1717243700715 0.08997337363009549 40
1717243715291 0.08997337363009549 41
1717243730839 0.08997337363009549 42
1717243745613 0.08997337363009549 43
1717243760348 0.08997337363009549 44
1717243774850 0.08997337363009549 45
1717243789491 0.08997337363009549 46
1717243804092 0.08997337363009549 47
1717243818751 0.08997337363009549 48
1717243833340 0.08997337363009549 49
1717243848442 0.08997337363009549 50
1717243863573 0.08997337363009549 51
1717243878424 0.08997337363009549 52
1717243893130 0.08997337363009549 53
1717243908044 0.08997337363009549 54
1717243923069 0.08997337363009549 55
1717243938093 0.08997337363009549 56
1717243953079 0.08997337363009549 57
1717243968165 0.08997337363009549 58
1717243984151 0.08997337363009549 59
1717243999527 0.08997337363009549 60
1717244014753 0.08997337363009549 61
1717244030115 0.08997337363009549 62
1717244045569 0.08997337363009549 63
1717244060912 0.08997337363009549 64
1717244076596 0.08997337363009549 65
1717244091227 0.08997337363009549 66
1717244105821 0.08997337363009549 67
1717244119890 0.08997337363009549 68
1717244133758 0.08997337363009549 69
1717244147759 0.08997337363009549 70
1717244161546 0.08997337363009549 71
1717244175508 0.08997337363009549 72
1717244189341 0.08997337363009549 73
1717244203017 0.08997337363009549 74
1717244216708 0.08997337363009549 75
1717244231142 0.08997337363009549 76
1717244244918 0.08997337363009549 77
1717244258699 0.08997337363009549 78
1717244272556 0.08997337363009549 79
1717244286378 0.08997337363009549 80
1717244300259 0.08997337363009549 81
1717244313967 0.08997337363009549 82
1717244327853 0.08997337363009549 83
1717244341815 0.08997337363009549 84
1717244356418 0.08997337363009549 85
1717244370312 0.08997337363009549 86
1717244384378 0.08997337363009549 87
1717244398525 0.08997337363009549 88
1717244412428 0.08997337363009549 89
1717244426417 0.08997337363009549 90
1717244440307 0.08997337363009549 91
1717244454210 0.08997337363009549 92
1717244468168 0.08997337363009549 93
1717244482553 0.08997337363009549 94
1717244496563 0.08997337363009549 95
1717244510450 0.08997337363009549 96
1717244524386 0.08997337363009549 97
1717244538296 0.08997337363009549 98
1717244552118 0.08997337363009549 99
