1717570942775 25507.0 1
1717570945277 25507.0 2
1717570947698 25507.0 3
1717570950210 25507.0 4
1717570952670 25507.0 5
1717570955089 25507.0 6
1717570957534 25507.0 7
1717570959950 25507.0 8
1717570962365 25507.0 9
1717570964797 25507.0 10
1717570967203 25507.0 11
1717570969861 25507.0 12
1717570972569 25507.0 13
1717570974996 25507.0 14
1717570977396 25507.0 15
1717570979945 25507.0 16
1717570982647 25507.0 17
1717570985328 25507.0 18
1717570988062 25507.0 19
1717570990738 25507.0 20
1717570993514 25507.0 21
1717570996183 25507.0 22
1717570998876 25507.0 23
1717571001580 25507.0 24
1717571004280 25507.0 25
1717571006656 25507.0 26
1717571008783 25507.0 27
1717571010978 25507.0 28
1717571013405 25507.0 29
1717571015798 25507.0 30
1717571018190 25507.0 31
1717571020682 25507.0 32
1717571023102 25507.0 33
1717571025544 25507.0 34
1717571027916 25507.0 35
1717571030397 25507.0 36
1717571032799 25507.0 37
1717571035197 25507.0 38
1717571037521 25507.0 39
1717571039879 25507.0 40
1717571042304 25507.0 41
1717571044627 25507.0 42
1717571047030 25507.0 43
1717571049500 25507.0 44
1717571051841 25507.0 45
1717571054270 25507.0 46
1717571056675 25507.0 47
1717571059057 25507.0 48
1717571061391 25507.0 49
1717571063743 25507.0 50
1717571066263 25507.0 51
1717571068661 25507.0 52
1717571071126 25507.0 53
1717571073513 25507.0 54
1717571075843 25507.0 55
1717571078212 25507.0 56
1717571080556 25507.0 57
1717571083213 25507.0 58
1717571085691 25507.0 59
1717571088135 25507.0 60
1717571090496 25507.0 61
1717571092934 25507.0 62
1717571095341 25507.0 63
1717571097743 25507.0 64
1717571100128 25507.0 65
1717571102473 25507.0 66
1717571104882 25507.0 67
1717571107234 25507.0 68
1717571109653 25507.0 69
1717571112055 25507.0 70
1717571114465 25507.0 71
1717571116836 25507.0 72
1717571119196 25507.0 73
1717571121646 25507.0 74
1717571124042 25507.0 75
1717571126449 25507.0 76
1717571128817 25507.0 77
1717571131213 25507.0 78
1717571133994 25507.0 79
1717571136447 25507.0 80
1717571138838 25507.0 81
1717571141232 25507.0 82
1717571143568 25507.0 83
1717571145859 25507.0 84
1717571148192 25507.0 85
1717571150661 25507.0 86
1717571153068 25507.0 87
1717571155726 25507.0 88
1717571158115 25507.0 89
1717571160489 25507.0 90
1717571162896 25507.0 91
1717571165287 25507.0 92
1717571167725 25507.0 93
1717571170077 25507.0 94
1717571172485 25507.0 95
1717571174883 25507.0 96
1717571177288 25507.0 97
1717571179694 25507.0 98
1717571182057 25507.0 99
