1717570942775 0.27085110545158386 1
1717570945277 0.42661571502685547 2
1717570947698 0.5133715867996216 3
1717570950210 0.5393723845481873 4
1717570952670 0.5526211261749268 5
1717570955089 0.565241277217865 6
1717570957534 0.5741052031517029 7
1717570959950 0.5824000835418701 8
1717570962365 0.5857354402542114 9
1717570964797 0.5914595127105713 10
1717570967203 0.5972702503204346 11
1717570969861 0.6002905368804932 12
1717570972569 0.6057501435279846 13
1717570974996 0.608508825302124 14
1717570977396 0.6130226850509644 15
1717570979945 0.6147792339324951 16
1717570982647 0.619216799736023 17
1717570985328 0.6238507628440857 18
1717570988062 0.6263316869735718 19
1717570990738 0.6248747110366821 20
1717570993514 0.6296209692955017 21
1717570996183 0.6303648352622986 22
1717570998876 0.6389160752296448 23
1717571001580 0.6354089379310608 24
1717571004280 0.63410884141922 25
1717571006656 0.6421814560890198 26
1717571008783 0.6452397108078003 27
1717571010978 0.6457293629646301 28
1717571013405 0.6432288289070129 29
1717571015798 0.6476925611495972 30
1717571018190 0.6473530530929565 31
1717571020682 0.6516241431236267 32
1717571023102 0.6479815244674683 33
1717571025544 0.6570966243743896 34
1717571027916 0.6515092849731445 35
1717571030397 0.6557111144065857 36
1717571032799 0.6578232645988464 37
1717571035197 0.6625400185585022 38
1717571037521 0.6625078916549683 39
1717571039879 0.6558650135993958 40
1717571042304 0.6656975150108337 41
1717571044627 0.6621375679969788 42
1717571047030 0.6660884022712708 43
1717571049500 0.6652581691741943 44
1717571051841 0.6648527979850769 45
1717571054270 0.6678695678710938 46
1717571056675 0.6743373870849609 47
1717571059057 0.6697826981544495 48
1717571061391 0.675236165523529 49
1717571063743 0.6751022338867188 50
1717571066263 0.6741061806678772 51
1717571068661 0.6798489689826965 52
1717571071126 0.677615225315094 53
1717571073513 0.6826692223548889 54
1717571075843 0.6789231896400452 55
1717571078212 0.6870752573013306 56
1717571080556 0.6797850131988525 57
1717571083213 0.6851596832275391 58
1717571085691 0.6863183379173279 59
1717571088135 0.6844680309295654 60
1717571090496 0.6879074573516846 61
1717571092934 0.6866022944450378 62
1717571095341 0.6940867900848389 63
1717571097743 0.6961833238601685 64
1717571100128 0.6904582977294922 65
1717571102473 0.6964390277862549 66
1717571104882 0.6900811791419983 67
1717571107234 0.6962414383888245 68
1717571109653 0.6940361857414246 69
1717571112055 0.6982625126838684 70
1717571114465 0.6952009797096252 71
1717571116836 0.6983343958854675 72
1717571119196 0.7007997035980225 73
1717571121646 0.6939598917961121 74
1717571124042 0.701250433921814 75
1717571126449 0.6907119750976562 76
1717571128817 0.7039878368377686 77
1717571131213 0.7041013240814209 78
1717571133994 0.7045292258262634 79
1717571136447 0.7048135995864868 80
1717571138838 0.7042394280433655 81
1717571141232 0.6942463517189026 82
1717571143568 0.711422860622406 83
1717571145859 0.7051026225090027 84
1717571148192 0.7054226994514465 85
1717571150661 0.7075061202049255 86
1717571153068 0.7050650715827942 87
1717571155726 0.7056399583816528 88
1717571158115 0.7070145010948181 89
1717571160489 0.7121633887290955 90
1717571162896 0.7065718770027161 91
1717571165287 0.7082291841506958 92
1717571167725 0.7153605222702026 93
1717571170077 0.7174555063247681 94
1717571172485 0.710749089717865 95
1717571174883 0.7050678730010986 96
1717571177288 0.7088120579719543 97
1717571179694 0.7181152105331421 98
1717571182057 0.7081718444824219 99
