1717570942775 0.2708510965409931 1
1717570945277 0.42661570648294345 2
1717570947698 0.5133716156885779 3
1717570950210 0.5393723255874149 4
1717570952670 0.5526210991126178 5
1717570955089 0.5652412455713036 6
1717570957534 0.5741052258407717 7
1717570959950 0.5824000566822632 8
1717570962365 0.5857355095905464 9
1717570964797 0.5914595600736676 10
1717570967203 0.5972702549333435 11
1717570969861 0.6002906208932208 12
1717570972569 0.60575011789907 13
1717570974996 0.6085088340622224 14
1717570977396 0.6130226871585016 15
1717570979945 0.6147792279579842 16
1717570982647 0.6192167712905472 17
1717570985328 0.6238507844274124 18
1717570988062 0.6263316740806826 19
1717570990738 0.6248746841056991 20
1717570993514 0.6296210106059377 21
1717570996183 0.6303649021080997 22
1717570998876 0.6389161285381738 23
1717571001580 0.6354088511096168 24
1717571004280 0.6341088259105102 25
1717571006656 0.6421814481518973 26
1717571008783 0.6452396703851317 27
1717571010978 0.6457293632819184 28
1717571013405 0.6432288089282246 29
1717571015798 0.6476925476128422 30
1717571018190 0.64735306008527 31
1717571020682 0.6516241823525191 32
1717571023102 0.6479814805788945 33
1717571025544 0.6570966435211282 34
1717571027916 0.6515093146202436 35
1717571030397 0.6557110882404523 36
1717571032799 0.6578232048907042 37
1717571035197 0.6625399725567591 38
1717571037521 0.6625078270835524 39
1717571039879 0.6558650063032041 40
1717571042304 0.6656975662890777 41
1717571044627 0.6621375413654053 42
1717571047030 0.6660884472695618 43
1717571049500 0.6652582206606567 44
1717571051841 0.664852757381413 45
1717571054270 0.6678695305995657 46
1717571056675 0.6743373606282007 47
1717571059057 0.6697827474925817 48
1717571061391 0.6752362771283 49
1717571063743 0.6751022384798419 50
1717571066263 0.6741062015475193 51
1717571068661 0.6798489501293268 52
1717571071126 0.6776152397827684 53
1717571073513 0.6826692039920537 54
1717571075843 0.6789231566048074 55
1717571078212 0.6870752681001411 56
1717571080556 0.6797849798332152 57
1717571083213 0.685159603510919 58
1717571085691 0.6863183847370394 59
1717571088135 0.6844680539760426 60
1717571090496 0.6879074237733579 61
1717571092934 0.686602333450979 62
1717571095341 0.6940868243207696 63
1717571097743 0.6961833507094752 64
1717571100128 0.6904582518091285 65
1717571102473 0.6964390666158544 66
1717571104882 0.6900811712528795 67
1717571107234 0.6962414666102261 68
1717571109653 0.694036179757193 69
1717571112055 0.6982625345556687 70
1717571114465 0.695200939304975 71
1717571116836 0.6983343392937628 72
1717571119196 0.7007997677816025 73
1717571121646 0.6939598727480847 74
1717571124042 0.7012504538232481 75
1717571126449 0.6907119922297393 76
1717571128817 0.7039878446486714 77
1717571131213 0.7041013358934693 78
1717571133994 0.7045292178395458 79
1717571136447 0.704813623748528 80
1717571138838 0.7042394207427262 81
1717571141232 0.6942463708991262 82
1717571143568 0.7114228238730045 83
1717571145859 0.705102730275562 84
1717571148192 0.7054226719909455 85
1717571150661 0.7075060556249273 86
1717571153068 0.7050651198836596 87
1717571155726 0.705639968453093 88
1717571158115 0.707014530281358 89
1717571160489 0.7121633677832355 90
1717571162896 0.7065718320354575 91
1717571165287 0.7082292415806078 92
1717571167725 0.7153605002704049 93
1717571170077 0.7174554835661635 94
1717571172485 0.7107490582297481 95
1717571174883 0.7050678376968195 96
1717571177288 0.7088120569346781 97
1717571179694 0.7181151263835025 98
1717571182057 0.7081718099247537 99
