1717573672348 0.15191103518009186 1
1717573673667 0.16698336601257324 2
1717573675017 0.18442127108573914 3
1717573676391 0.18918649852275848 4
1717573677782 0.19591692090034485 5
1717573679274 0.19820797443389893 6
1717573680678 0.20236174762248993 7
1717573682075 0.20550253987312317 8
1717573683467 0.20766974985599518 9
1717573684833 0.20993947982788086 10
1717573686256 0.21057787537574768 11
1717573687644 0.2123427391052246 12
1717573688997 0.2132803052663803 13
1717573690397 0.21552422642707825 14
1717573691790 0.21630096435546875 15
1717573693300 0.2176639586687088 16
1717573694680 0.21880610287189484 17
1717573696098 0.22014988958835602 18
1717573697504 0.22121798992156982 19
1717573698884 0.2221488505601883 20
1717573700292 0.2239958792924881 21
1717573701682 0.225684255361557 22
1717573703081 0.22763821482658386 23
1717573704441 0.22891589999198914 24
1717573705936 0.23152928054332733 25
1717573707336 0.2347026765346527 26
1717573708743 0.23771455883979797 27
1717573710126 0.24487188458442688 28
1717573711501 0.2508193552494049 29
1717573712901 0.2517726719379425 30
1717573714326 0.25544774532318115 31
1717573715701 0.261177122592926 32
1717573717071 0.2659272849559784 33
1717573718488 0.26756805181503296 34
1717573719983 0.27032309770584106 35
1717573721373 0.2753746211528778 36
1717573722778 0.27996665239334106 37
1717573724152 0.281572163105011 38
1717573725559 0.2821964621543884 39
1717573726988 0.28380337357521057 40
1717573728418 0.28701043128967285 41
1717573729813 0.2883654236793518 42
1717573731204 0.29024583101272583 43
1717573732713 0.2912474572658539 44
1717573734114 0.2924821376800537 45
1717573735530 0.29314538836479187 46
1717573736942 0.2951662242412567 47
1717573738383 0.29827991127967834 48
1717573739818 0.29997771978378296 49
1717573741240 0.3009188771247864 50
1717573742637 0.30306276679039 51
1717573744037 0.3044065535068512 52
1717573745431 0.3060346245765686 53
1717573746893 0.30980339646339417 54
1717573748292 0.3096725046634674 55
1717573749712 0.31195786595344543 56
1717573751088 0.3146156370639801 57
1717573752467 0.31745126843452454 58
1717573753851 0.3187673091888428 59
1717573755209 0.3218464255332947 60
1717573756618 0.3256411552429199 61
1717573757989 0.32903698086738586 62
1717573759383 0.33285704255104065 63
1717573760920 0.3364648222923279 64
1717573762301 0.34057506918907166 65
1717573763713 0.3420972228050232 66
1717573765137 0.34739527106285095 67
1717573766551 0.35122379660606384 68
1717573767934 0.3579251170158386 69
1717573769327 0.36314183473587036 70
1717573770707 0.365260511636734 71
1717573772071 0.3710547089576721 72
1717573773561 0.37640854716300964 73
1717573774917 0.38197994232177734 74
1717573776298 0.3875507414340973 75
1717573777681 0.396305114030838 76
1717573779058 0.3982606530189514 77
1717573780478 0.407440185546875 78
1717573781866 0.413844496011734 79
1717573783238 0.41851678490638733 80
1717573784634 0.4269241988658905 81
1717573786072 0.43025657534599304 82
1717573787565 0.4392140805721283 83
1717573788990 0.44291236996650696 84
1717573790420 0.4389934241771698 85
1717573791837 0.4539951682090759 86
1717573793254 0.4567424952983856 87
1717573794711 0.4638713300228119 88
1717573796103 0.46261319518089294 89
1717573797517 0.47301849722862244 90
1717573798959 0.47989776730537415 91
1717573800423 0.4859045147895813 92
1717573801920 0.48678869009017944 93
1717573803372 0.48984768986701965 94
1717573804782 0.49658438563346863 95
1717573806199 0.4997459352016449 96
1717573807596 0.5046695470809937 97
1717573809009 0.5052360892295837 98
1717573810411 0.5107069611549377 99
