1717573672348 287363.0 1
1717573673667 287363.0 2
1717573675017 287363.0 3
1717573676391 287363.0 4
1717573677782 287363.0 5
1717573679274 287363.0 6
1717573680678 287363.0 7
1717573682075 287363.0 8
1717573683467 287363.0 9
1717573684833 287363.0 10
1717573686256 287363.0 11
1717573687644 287363.0 12
1717573688997 287363.0 13
1717573690397 287363.0 14
1717573691790 287363.0 15
1717573693300 287363.0 16
1717573694680 287363.0 17
1717573696098 287363.0 18
1717573697504 287363.0 19
1717573698884 287363.0 20
1717573700292 287363.0 21
1717573701682 287363.0 22
1717573703081 287363.0 23
1717573704441 287363.0 24
1717573705936 287363.0 25
1717573707336 287363.0 26
1717573708743 287363.0 27
1717573710126 287363.0 28
1717573711501 287363.0 29
1717573712901 287363.0 30
1717573714326 287363.0 31
1717573715701 287363.0 32
1717573717071 287363.0 33
1717573718488 287363.0 34
1717573719983 287363.0 35
1717573721373 287363.0 36
1717573722778 287363.0 37
1717573724152 287363.0 38
1717573725559 287363.0 39
1717573726988 287363.0 40
1717573728418 287363.0 41
1717573729813 287363.0 42
1717573731204 287363.0 43
1717573732713 287363.0 44
1717573734114 287363.0 45
1717573735530 287363.0 46
1717573736942 287363.0 47
1717573738383 287363.0 48
1717573739818 287363.0 49
1717573741240 287363.0 50
1717573742637 287363.0 51
1717573744037 287363.0 52
1717573745431 287363.0 53
1717573746893 287363.0 54
1717573748292 287363.0 55
1717573749712 287363.0 56
1717573751088 287363.0 57
1717573752467 287363.0 58
1717573753851 287363.0 59
1717573755209 287363.0 60
1717573756618 287363.0 61
1717573757989 287363.0 62
1717573759383 287363.0 63
1717573760920 287363.0 64
1717573762301 287363.0 65
1717573763713 287363.0 66
1717573765137 287363.0 67
1717573766551 287363.0 68
1717573767934 287363.0 69
1717573769327 287363.0 70
1717573770707 287363.0 71
1717573772071 287363.0 72
1717573773561 287363.0 73
1717573774917 287363.0 74
1717573776298 287363.0 75
1717573777681 287363.0 76
1717573779058 287363.0 77
1717573780478 287363.0 78
1717573781866 287363.0 79
1717573783238 287363.0 80
1717573784634 287363.0 81
1717573786072 287363.0 82
1717573787565 287363.0 83
1717573788990 287363.0 84
1717573790420 287363.0 85
1717573791837 287363.0 86
1717573793254 287363.0 87
1717573794711 287363.0 88
1717573796103 287363.0 89
1717573797517 287363.0 90
1717573798959 287363.0 91
1717573800423 287363.0 92
1717573801920 287363.0 93
1717573803372 287363.0 94
1717573804782 287363.0 95
1717573806199 287363.0 96
1717573807596 287363.0 97
1717573809009 287363.0 98
1717573810411 287363.0 99
