1717358666327 601794.0 1
1717358673070 646531.0 2
1717358679997 660281.0 3
1717358686778 672807.0 4
1717358693612 676682.0 5
1717358700473 679578.0 6
1717358707661 680882.0 7
1717358714729 682304.0 8
1717358721924 684088.0 9
1717358728968 683231.0 10
1717358736097 685221.0 11
1717358743964 685273.0 12
1717358751300 684902.0 13
1717358758031 684610.0 14
1717358764727 683801.0 15
1717358771272 685392.0 16
1717358777947 685249.0 17
1717358785068 684828.0 18
1717358791969 685750.0 19
1717358798773 685321.0 20
1717358805380 685255.0 21
1717358811942 685621.0 22
1717358818806 685541.0 23
1717358825585 685734.0 24
1717358832186 683765.0 25
1717358839193 685635.0 26
1717358845940 685575.0 27
1717358853096 685724.0 28
1717358860138 686476.0 29
1717358867116 686666.0 30
1717358873740 687090.0 31
1717358880518 686667.0 32
1717358887230 687137.0 33
1717358894094 686789.0 34
1717358900987 687724.0 35
1717358907609 687075.0 36
1717358914531 688077.0 37
1717358921593 687731.0 38
1717358928602 687863.0 39
1717358935664 687949.0 40
1717358942490 686995.0 41
1717358949549 688448.0 42
1717358956226 689336.0 43
1717358962755 688864.0 44
1717358969318 688847.0 45
1717358976113 689311.0 46
1717358982719 690380.0 47
1717358989334 689945.0 48
1717358995923 689406.0 49
1717359002529 689388.0 50
1717359009119 688716.0 51
1717359015737 689923.0 52
1717359022602 690265.0 53
1717359029446 689989.0 54
1717359036406 690061.0 55
1717359043070 690347.0 56
1717359049890 690815.0 57
1717359056503 690556.0 58
1717359063137 690679.0 59
1717359070567 691353.0 60
1717359077846 691160.0 61
1717359085125 690714.0 62
1717359092075 690768.0 63
1717359099351 690820.0 64
1717359106488 690904.0 65
1717359113919 691389.0 66
1717359121233 691469.0 67
1717359128381 692039.0 68
1717359135334 691145.0 69
1717359142448 690970.0 70
1717359149130 690931.0 71
1717359156178 691105.0 72
1717359163238 690218.0 73
1717359170187 691379.0 74
1717359177216 691103.0 75
1717359184405 691625.0 76
1717359191453 691475.0 77
1717359198363 691503.0 78
1717359205159 691482.0 79
1717359212901 691603.0 80
1717359219652 690946.0 81
1717359226801 691054.0 82
1717359234510 691501.0 83
1717359241502 691456.0 84
1717359248282 691229.0 85
1717359255297 691327.0 86
1717359262439 691521.0 87
1717359268913 691130.0 88
1717359275454 691180.0 89
1717359282431 691154.0 90
1717359289256 690725.0 91
1717359295854 691179.0 92
1717359302842 691560.0 93
1717359309439 691938.0 94
1717359317184 692376.0 95
1717359324540 691710.0 96
1717359332142 691403.0 97
1717359339170 690631.0 98
1717359345701 690950.0 99
