1717358666327 0.5929627985474849 1
1717358673070 0.6677979831697183 2
1717358679997 0.6913606754395036 3
1717358686778 0.7173725326630483 4
1717358693612 0.7254916214861852 5
1717358700473 0.7346972498989962 6
1717358707661 0.7376449326744208 7
1717358714729 0.7416634805264963 8
1717358721924 0.7465104922324924 9
1717358728968 0.7453294463776614 10
1717358736097 0.7501114832987895 11
1717358743964 0.7505185975419086 12
1717358751300 0.7505448235529095 13
1717358758031 0.749835830103758 14
1717358764727 0.7488973985500483 15
1717358771272 0.7536644469017982 16
1717358777947 0.7524089404378143 17
1717358785068 0.7525768501155495 18
1717358791969 0.7556325739525788 19
1717358798773 0.7545526315037677 20
1717358805380 0.75525618024079 21
1717358811942 0.7560610534602549 22
1717358818806 0.7554044888251434 23
1717358825585 0.7554702330341614 24
1717358832186 0.7504129140701995 25
1717358839193 0.7557990757725757 26
1717358845940 0.75593056477691 27
1717358853096 0.7565146574858762 28
1717358860138 0.7582744037608555 29
1717358867116 0.7593112693169756 30
1717358873740 0.7597325090149984 31
1717358880518 0.7594514081623592 32
1717358887230 0.7603814049429402 33
1717358894094 0.7590335270611037 34
1717358900987 0.7618732257211431 35
1717358907609 0.7614049106631926 36
1717358914531 0.7629816327622874 37
1717358921593 0.7620655763410137 38
1717358928602 0.7627144499345891 39
1717358935664 0.7625008018343271 40
1717358942490 0.7605887378876868 41
1717358949549 0.7635872343551422 42
1717358956226 0.7650470337866695 43
1717358962755 0.7655474681178258 44
1717358969318 0.7646302642713497 45
1717358976113 0.7659476471169283 46
1717358982719 0.7680357009680759 47
1717358989334 0.7674451417954368 48
1717358995923 0.7652061236975377 49
1717359002529 0.7652332125896605 50
1717359009119 0.7645212274451405 51
1717359015737 0.7663763685477488 52
1717359022602 0.7670746061442612 53
1717359029446 0.7666093239983126 54
1717359036406 0.7671046687380588 55
1717359043070 0.7679461489144459 56
1717359049890 0.7676122377276289 57
1717359056503 0.7689565583801817 58
1717359063137 0.7686171796560106 59
1717359070567 0.7701843991131813 60
1717359077846 0.7698187097057377 61
1717359085125 0.767581219997108 62
1717359092075 0.7697223462873373 63
1717359099351 0.7686057888988921 64
1717359106488 0.7691376613646548 65
1717359113919 0.770308180465844 66
1717359121233 0.7709338967294513 67
1717359128381 0.7713852607819831 68
1717359135334 0.76817180813016 69
1717359142448 0.7696731759167124 70
1717359149130 0.769100808058824 71
1717359156178 0.7695660945827317 72
1717359163238 0.7660965264230231 73
1717359170187 0.7704716165212475 74
1717359177216 0.7698208226374418 75
1717359184405 0.7710576566060151 76
1717359191453 0.7716186006814005 77
1717359198363 0.7712498765353059 78
1717359205159 0.7704926046454416 79
1717359212901 0.7709474405549647 80
1717359219652 0.7699835452209114 81
1717359226801 0.7705199099335998 82
1717359234510 0.771489662696453 83
1717359241502 0.7707540700287688 84
1717359248282 0.7708957157373219 85
1717359255297 0.7711106813670362 86
1717359262439 0.7717142432740469 87
1717359268913 0.7705966866104437 88
1717359275454 0.7707437003100399 89
1717359282431 0.7707295812123394 90
1717359289256 0.7693612441041593 91
1717359295854 0.770854759790494 92
1717359302842 0.7719020344282649 93
1717359309439 0.7730277694908106 94
1717359317184 0.7736472868103028 95
1717359324540 0.7718418040327185 96
1717359332142 0.7706413465156626 97
1717359339170 0.7686821769862402 98
1717359345701 0.7702570919627364 99
