1717192577398 0.10636643846997061 1
1717192580069 0.12800816118759806 2
1717192582865 0.1274082620624777 3
1717192585600 0.1279332219323222 4
1717192588367 0.1281111633698201 5
1717192591157 0.13472797396626637 6
1717192593933 0.13963588513897077 7
1717192596848 0.1418415220442473 8
1717192599621 0.1484373505665708 9
1717192602473 0.15080610325917945 10
1717192605336 0.1558348609294963 11
1717192608060 0.1682959518159198 12
1717192610762 0.1761412571866358 13
1717192613580 0.18116158426600787 14
1717192616367 0.18239447274365317 15
1717192619094 0.18570792495235078 16
1717192621824 0.19343280426065995 17
1717192624614 0.1965232764068499 18
1717192627479 0.20538615252863912 19
1717192630489 0.2116204619345555 20
1717192633524 0.21791642502414982 21
1717192636385 0.22491608800430632 22
1717192639418 0.231086831038757 23
1717192642362 0.22873251972099493 24
1717192645290 0.24036916087956553 25
1717192648141 0.23927218985525042 26
1717192651077 0.25392202851289175 27
1717192654032 0.25578120753043593 28
1717192657062 0.2718372522097418 29
1717192660061 0.2721656689177239 30
1717192662969 0.2882872819121961 31
1717192666010 0.2910125391114129 32
1717192669008 0.29099178135195286 33
1717192671968 0.3047971964811821 34
1717192674798 0.30758020961844623 35
1717192677723 0.3063144449004979 36
1717192680737 0.3176238359422482 37
1717192683742 0.31348905194134824 38
1717192686790 0.32379231116823276 39
1717192689792 0.3279100008628944 40
1717192692763 0.32520152718502127 41
1717192695655 0.32339606331065984 42
1717192698622 0.322169315305907 43
1717192701686 0.33376547297033793 44
1717192704602 0.3231689554182618 45
1717192707600 0.33551760374746425 46
1717192710599 0.3468283551290221 47
1717192713539 0.35500317155217315 48
1717192716553 0.3577741599355521 49
1717192719583 0.36436913648510644 50
1717192722640 0.3651715400127841 51
1717192725742 0.3660765593426664 52
1717192728795 0.37409323180464893 53
1717192731714 0.4172285210187979 54
1717192734604 0.43634595271605536 55
1717192737591 0.46055044902212133 56
1717192740567 0.40451386748626933 57
1717192743555 0.36332843507968554 58
1717192746665 0.4510382882506607 59
1717192749596 0.4781246089895725 60
1717192752585 0.5005162792786754 61
1717192755602 0.48673051280340884 62
1717192758407 0.5184971498138458 63
1717192761524 0.5236529954261671 64
1717192764588 0.5411502540644628 65
1717192767435 0.5470570671204144 66
1717192770444 0.5615576536179778 67
1717192773518 0.5614669112400742 68
1717192776547 0.5527314781522042 69
1717192779524 0.5536430684926946 70
1717192782492 0.5632406700484841 71
1717192785495 0.5542955140426664 72
1717192788507 0.56231682512682 73
1717192791614 0.545617071056031 74
1717192794585 0.5614943247333312 75
1717192797547 0.5702949161709003 76
1717192800453 0.5789088570349691 77
1717192803446 0.5888420640708532 78
1717192806508 0.5797323731556677 79
1717192809469 0.5920371400871488 80
1717192812497 0.5786604676692019 81
1717192815502 0.5715329899789287 82
1717192818557 0.4904738126610577 83
1717192821603 0.4268834800323291 84
1717192824668 0.5110849509458791 85
1717192827744 0.5282455468931142 86
1717192830644 0.5407098101948957 87
1717192833701 0.5527319363839961 88
1717192836624 0.56710463631613 89
1717192839538 0.5724315505777603 90
1717192842583 0.5837206873975337 91
1717192845588 0.5892163082561274 92
1717192848501 0.5899953607051148 93
1717192851475 0.588583032504644 94
1717192854384 0.5819251748699711 95
1717192857508 0.59207213675271 96
1717192860470 0.6039892430925651 97
1717192863485 0.6093424952375432 98
1717192866561 0.49596230286210824 99
