1717192577398 0.9663861269877984 1
1717192580069 0.9812763426662044 2
1717192582865 0.9844879910012873 3
1717192585600 0.9852447142409206 4
1717192588367 0.9866576459417943 5
1717192591157 0.9859320687898903 6
1717192593933 0.9859628578391599 7
1717192596848 0.98698229995728 8
1717192599621 0.9859741209691606 9
1717192602473 0.9859151259854275 10
1717192605336 0.9886132234507261 11
1717192608060 0.9903044015911041 12
1717192610762 0.9922664918508105 13
1717192613580 0.9936862042261239 14
1717192616367 0.9946730016726254 15
1717192619094 0.9942613662814218 16
1717192621824 0.9937304981604205 17
1717192624614 0.9944595777071664 18
1717192627479 0.9939905039566753 19
1717192630489 0.9937696520211596 20
1717192633524 0.9933625361124113 21
1717192636385 0.9943087006051571 22
1717192639418 0.9940262688223278 23
1717192642362 0.9954840063227042 24
1717192645290 0.9952003946104157 25
1717192648141 0.9946247762322044 26
1717192651077 0.994551281443351 27
1717192654032 0.9955020061868216 28
1717192657062 0.9947653542142488 29
1717192660061 0.9957614506143431 30
1717192662969 0.9953911463805994 31
1717192666010 0.9959823853424925 32
1717192669008 0.9963525154189947 33
1717192671968 0.9962308885025346 34
1717192674798 0.9962457060891803 35
1717192677723 0.996477453316393 36
1717192680737 0.9964100175033316 37
1717192683742 0.9971766450354159 38
1717192686790 0.9966845748159544 39
1717192689792 0.9966672615785434 40
1717192692763 0.9970467335120473 41
1717192695655 0.9963566935214603 42
1717192698622 0.997289165749156 43
1717192701686 0.9960457516321624 44
1717192704602 0.9967124586698931 45
1717192707600 0.9971927159943155 46
1717192710599 0.9973660618870775 47
1717192713539 0.9976863335375665 48
1717192716553 0.9977543330296732 49
1717192719583 0.9972449756793107 50
1717192722640 0.9978741784414146 51
1717192725742 0.9969538002757523 52
1717192728795 0.9981027360303546 53
1717192731714 0.99855822600646 54
1717192734604 0.9983094991587849 55
1717192737591 0.9988774843512714 56
1717192740567 0.9986173700295214 57
1717192743555 0.9983812026468334 58
1717192746665 0.9986846345256488 59
1717192749596 0.9992572718980094 60
1717192752585 0.9995654731307142 61
1717192755602 0.9992560767443669 62
1717192758407 0.9994740642057744 63
1717192761524 0.9995460367634831 64
1717192764588 0.9997083200344279 65
1717192767435 0.9997026110830997 66
1717192770444 0.9997370591577127 67
1717192773518 0.9997063476633067 68
1717192776547 0.999613508236485 69
1717192779524 0.9995237175414433 70
1717192782492 0.9997102349775658 71
1717192785495 0.9994666840659423 72
1717192788507 0.9997512857832342 73
1717192791614 0.9995130851725422 74
1717192794585 0.9995373405550915 75
1717192797547 0.9997083086217856 76
1717192800453 0.9996853223864064 77
1717192803446 0.9997154154153597 78
1717192806508 0.9997179342565558 79
1717192809469 0.9997475551845469 80
1717192812497 0.9996262077627909 81
1717192815502 0.9996938649722079 82
1717192818557 0.9986203366979453 83
1717192821603 0.997655970318729 84
1717192824668 0.9996962229652935 85
1717192827744 0.999608025169743 86
1717192830644 0.9996497051597981 87
1717192833701 0.9996073416862845 88
1717192836624 0.999717490729023 89
1717192839538 0.999755220017948 90
1717192842583 0.999688440751055 91
1717192845588 0.9997450035351401 92
1717192848501 0.9996789806378038 93
1717192851475 0.9996727268359801 94
1717192854384 0.9997248601692134 95
1717192857508 0.9996274651590893 96
1717192860470 0.9996969226538246 97
1717192863485 0.9998171625066558 98
1717192866561 0.9983666550228495 99
