1717085587035 21488.0 1
1717085588744 21488.0 2
1717085590494 21488.0 3
1717085592268 21488.0 4
1717085593957 21488.0 5
1717085595627 21488.0 6
1717085597678 21488.0 7
1717085599402 21488.0 8
1717085601084 21488.0 9
1717085602752 21488.0 10
1717085604462 21488.0 11
1717085606146 21488.0 12
1717085607882 21488.0 13
1717085609594 21488.0 14
1717085611269 21488.0 15
1717085612961 21488.0 16
1717085614679 21488.0 17
1717085616392 21488.0 18
1717085618047 21488.0 19
1717085619719 21488.0 20
1717085621438 21488.0 21
1717085623117 21488.0 22
1717085624783 21488.0 23
1717085626469 21488.0 24
1717085628136 21488.0 25
1717085629825 21488.0 26
1717085631497 21488.0 27
1717085633179 21488.0 28
1717085634885 21488.0 29
1717085636550 21488.0 30
1717085638261 21488.0 31
1717085639953 21488.0 32
1717085641754 21488.0 33
1717085643399 21488.0 34
1717085645078 21488.0 35
1717085646734 21488.0 36
1717085648449 21488.0 37
1717085650114 21488.0 38
1717085651810 21488.0 39
1717085653496 21488.0 40
1717085655214 21488.0 41
1717085656925 21488.0 42
1717085658624 21488.0 43
1717085660352 21488.0 44
1717085662072 21488.0 45
1717085663793 21488.0 46
1717085665532 21488.0 47
1717085667283 21488.0 48
1717085669026 21488.0 49
1717085670776 21488.0 50
1717085672536 21488.0 51
1717085674285 21488.0 52
1717085676051 21488.0 53
1717085677820 21488.0 54
1717085679590 21488.0 55
1717085681359 21488.0 56
1717085683135 21488.0 57
1717085684904 21488.0 58
1717085686668 21488.0 59
1717085688432 21488.0 60
1717085690213 21488.0 61
1717085692047 21488.0 62
1717085693819 21488.0 63
1717085695613 21488.0 64
1717085697384 21488.0 65
1717085699155 21488.0 66
1717085701082 21488.0 67
1717085702870 21488.0 68
1717085704648 21488.0 69
1717085706452 21488.0 70
1717085708259 21488.0 71
1717085710041 21488.0 72
1717085711836 21488.0 73
1717085713648 21488.0 74
1717085715427 21488.0 75
1717085717234 21488.0 76
1717085719022 21488.0 77
1717085720807 21488.0 78
1717085722599 21488.0 79
1717085724415 21488.0 80
1717085726229 21488.0 81
1717085728044 21488.0 82
1717085729859 21488.0 83
1717085731681 21488.0 84
1717085733494 21488.0 85
1717085735311 21488.0 86
1717085737106 21488.0 87
1717085738924 21488.0 88
1717085740778 21488.0 89
1717085742634 21488.0 90
1717085744438 21488.0 91
1717085746265 21488.0 92
1717085748079 21488.0 93
1717085749879 21488.0 94
1717085751692 21488.0 95
1717085753507 21488.0 96
1717085755327 21488.0 97
1717085757121 21488.0 98
1717085758948 21488.0 99
