1717085587035 0.8064172502185409 1
1717085588744 0.8064172502185409 2
1717085590494 0.8064172502185409 3
1717085592268 0.8064172502185409 4
1717085593957 0.8064172502185409 5
1717085595627 0.8064172502185409 6
1717085597678 0.8064172502185409 7
1717085599402 0.8064172502185409 8
1717085601084 0.8064172502185409 9
1717085602752 0.8064172502185409 10
1717085604462 0.8064172502185409 11
1717085606146 0.8064172502185409 12
1717085607882 0.8064172502185409 13
1717085609594 0.8064172502185409 14
1717085611269 0.8064172502185409 15
1717085612961 0.8064172502185409 16
1717085614679 0.8064172502185409 17
1717085616392 0.8064172502185409 18
1717085618047 0.8064172502185409 19
1717085619719 0.8064172502185409 20
1717085621438 0.8064172502185409 21
1717085623117 0.8064172502185409 22
1717085624783 0.8064172502185409 23
1717085626469 0.8064172502185409 24
1717085628136 0.8064172502185409 25
1717085629825 0.8064172502185409 26
1717085631497 0.8064172502185409 27
1717085633179 0.8064172502185409 28
1717085634885 0.8064172502185409 29
1717085636550 0.8064172502185409 30
1717085638261 0.8064172502185409 31
1717085639953 0.8064172502185409 32
1717085641754 0.8064172502185409 33
1717085643399 0.8064172502185409 34
1717085645078 0.8064172502185409 35
1717085646734 0.8064172502185409 36
1717085648449 0.8086562399917968 37
1717085650114 0.8115984749133628 38
1717085651810 0.8120906298796581 39
1717085653496 0.8142800234130161 40
1717085655214 0.8134869526969642 41
1717085656925 0.8142662944291701 42
1717085658624 0.8099015995751323 43
1717085660352 0.8153614086777364 44
1717085662072 0.8155565036913138 45
1717085663793 0.8144044759288859 46
1717085665532 0.81410326125253 47
1717085667283 0.813051635492883 48
1717085669026 0.8161094210262488 49
1717085670776 0.8173007741300296 50
1717085672536 0.819805739409797 51
1717085674285 0.8215823613339092 52
1717085676051 0.8207020121965198 53
1717085677820 0.8191239563345801 54
1717085679590 0.8210469225253132 55
1717085681359 0.8203875136398823 56
1717085683135 0.8160431675944544 57
1717085684904 0.8082716604459292 58
1717085686668 0.8155006014071162 59
1717085688432 0.8142809793499574 60
1717085690213 0.8213875854067648 61
1717085692047 0.8241743219010252 62
1717085693819 0.8238583215375643 63
1717085695613 0.8238556985411554 64
1717085697384 0.8230815050121784 65
1717085699155 0.8231544082202753 66
1717085701082 0.8232013141665132 67
1717085702870 0.8235175074810963 68
1717085704648 0.8229891721932202 69
1717085706452 0.8227775246321355 70
1717085708259 0.8232865442227719 71
1717085710041 0.8227772735357355 72
1717085711836 0.8231324870305963 73
1717085713648 0.8187241588931973 74
1717085715427 0.8173761706041088 75
1717085717234 0.8207715483392649 76
1717085719022 0.8231061588735625 77
1717085720807 0.8229667344350184 78
1717085722599 0.8227500336470058 79
1717085724415 0.822766578138178 80
1717085726229 0.8222334014148001 81
1717085728044 0.8226555406000126 82
1717085729859 0.822896791096658 83
1717085731681 0.8222095742046771 84
1717085733494 0.8216697516844239 85
1717085735311 0.8234255290298501 86
1717085737106 0.8229614191874342 87
1717085738924 0.8223155877589357 88
1717085740778 0.8222956974710082 89
1717085742634 0.8223721712651318 90
1717085744438 0.8229226429226709 91
1717085746265 0.8219573900989552 92
1717085748079 0.8231494182940736 93
1717085749879 0.822106022234519 94
1717085751692 0.8232016905346463 95
1717085753507 0.8223467659207919 96
1717085755327 0.8232311975898622 97
1717085757121 0.8222490768162694 98
1717085758948 0.8222091608061054 99
