1717327222931 0.033607634847555516 1
1717327229585 0.062153740660022216 2
1717327236237 0.11434904587300906 3
1717327242692 0.11553048761221002 4
1717327249583 0.11553048761221002 5
1717327256267 0.11428300666402501 6
1717327263009 0.03457690016057161 7
1717327270301 0.027957172525977257 8
1717327277403 0.02943395286672137 9
1717327284418 0.02943395286672137 10
1717327291385 0.02943395286672137 11
1717327300829 0.02943395286672137 12
1717327308662 0.027332209118199582 13
1717327317631 0.02943395286672137 14
1717327325187 0.03073410245094158 15
1717327332751 0.0826866174626717 16
1717327340820 0.11553048761221002 17
1717327348210 0.11488137244215169 18
1717327355633 0.11906779609376035 19
1717327363204 0.11801040335646923 20
1717327370923 0.11574661373459895 21
1717327378473 0.11906779609376035 22
1717327385841 0.11780911429166392 23
1717327393317 0.11801040335646923 24
1717327400380 0.11820408844127507 25
1717327407637 0.11699926982596472 26
1717327414880 0.11926148117856619 27
1717327422302 0.11906779609376035 28
1717327429882 0.11801040335646923 29
1717327437257 0.12131109206092322 30
1717327444541 0.11862292234178146 31
1717327452115 0.12001588344052858 32
1717327459840 0.11904274405525217 33
1717327467466 0.11801040335646923 34
1717327475086 0.11801040335646923 35
1717327482721 0.10882438397359093 36
1717327490289 0.11574661373459895 37
1717327498246 0.11801040335646923 38
1717327505789 0.11801040335646923 39
1717327513612 0.11801040335646923 40
1717327521515 0.11801040335646923 41
1717327531604 0.11801040335646923 42
1717327541428 0.11801040335646923 43
1717327550649 0.11801040335646923 44
1717327558604 0.11801040335646923 45
1717327566276 0.11801040335646923 46
1717327574162 0.11801040335646923 47
1717327582230 0.11801040335646923 48
1717327589445 0.11801040335646923 49
1717327596626 0.11801040335646923 50
1717327603941 0.11801040335646923 51
1717327611427 0.11801040335646923 52
1717327618575 0.11801040335646923 53
1717327625995 0.11801040335646923 54
1717327633192 0.11801040335646923 55
1717327640610 0.11801040335646923 56
1717327648080 0.11801040335646923 57
1717327655718 0.11801040335646923 58
1717327663376 0.11801040335646923 59
1717327670707 0.11801040335646923 60
1717327678234 0.11801040335646923 61
1717327685842 0.11801040335646923 62
1717327693456 0.11801040335646923 63
1717327701022 0.11801040335646923 64
1717327708580 0.11801040335646923 65
1717327716102 0.11801040335646923 66
1717327723520 0.11801040335646923 67
1717327730750 0.11801040335646923 68
1717327738144 0.11801040335646923 69
1717327746425 0.11904274405525217 70
1717327754469 0.11801040335646923 71
1717327761915 0.11801040335646923 72
1717327769439 0.11801040335646923 73
1717327776846 0.11801040335646923 74
1717327784666 0.11801040335646923 75
1717327792152 0.11801040335646923 76
1717327799665 0.11801040335646923 77
1717327807224 0.11801040335646923 78
1717327814800 0.11801040335646923 79
1717327822195 0.11801040335646923 80
1717327829707 0.11801040335646923 81
1717327837200 0.11801040335646923 82
1717327844775 0.11801040335646923 83
1717327852631 0.11801040335646923 84
1717327860129 0.11801040335646923 85
1717327867768 0.11801040335646923 86
1717327875500 0.11801040335646923 87
1717327883063 0.11801040335646923 88
1717327890769 0.11801040335646923 89
1717327898359 0.11801040335646923 90
1717327905889 0.11801040335646923 91
1717327913333 0.11801040335646923 92
1717327921029 0.11801040335646923 93
1717327928662 0.11801040335646923 94
1717327936125 0.11801040335646923 95
1717327943717 0.11801040335646923 96
1717327951375 0.11801040335646923 97
1717327959041 0.11801040335646923 98
1717327966431 0.11801040335646923 99
