1717327222931 0.06261846833260888 1
1717327229585 0.1083619364481406 2
1717327236237 0.19612481564082573 3
1717327242692 0.1978337853442546 4
1717327249583 0.1978337853442546 5
1717327256267 0.19613492223552742 6
1717327263009 0.06368817197489511 7
1717327270301 0.052470480660837995 8
1717327277403 0.055271017562262784 9
1717327284418 0.055271017562262784 10
1717327291385 0.055271017562262784 11
1717327300829 0.055271017562262784 12
1717327308662 0.05137082654267704 13
1717327317631 0.055271017562262784 14
1717327325187 0.05775196922462828 15
1717327332751 0.1441336226873996 16
1717327340820 0.1978337853442546 17
1717327348210 0.19711521273845797 18
1717327355633 0.202816375147415 19
1717327363204 0.20138599675729082 20
1717327370923 0.19831139187096225 21
1717327378473 0.202816375147415 22
1717327385841 0.20118241243095336 23
1717327393317 0.20138599675729082 24
1717327400380 0.20152140660556547 25
1717327407637 0.20003619563782157 26
1717327414880 0.20295178499568964 27
1717327422302 0.202816375147415 28
1717327429882 0.20138599675729082 29
1717327437257 0.20581639561485404 30
1717327444541 0.2020973432334081 31
1717327452115 0.20410242933764722 32
1717327459840 0.20279275176141634 33
1717327467466 0.20138599675729082 34
1717327475086 0.20138599675729082 35
1717327482721 0.1864245730136087 36
1717327490289 0.19831139187096225 37
1717327498246 0.20138599675729082 38
1717327505789 0.20138599675729082 39
1717327513612 0.20138599675729082 40
1717327521515 0.20138599675729082 41
1717327531604 0.20138599675729082 42
1717327541428 0.20138599675729082 43
1717327550649 0.20138599675729082 44
1717327558604 0.20138599675729082 45
1717327566276 0.20138599675729082 46
1717327574162 0.20138599675729082 47
1717327582230 0.20138599675729082 48
1717327589445 0.20138599675729082 49
1717327596626 0.20138599675729082 50
1717327603941 0.20138599675729082 51
1717327611427 0.20138599675729082 52
1717327618575 0.20138599675729082 53
1717327625995 0.20138599675729082 54
1717327633192 0.20138599675729082 55
1717327640610 0.20138599675729082 56
1717327648080 0.20138599675729082 57
1717327655718 0.20138599675729082 58
1717327663376 0.20138599675729082 59
1717327670707 0.20138599675729082 60
1717327678234 0.20138599675729082 61
1717327685842 0.20138599675729082 62
1717327693456 0.20138599675729082 63
1717327701022 0.20138599675729082 64
1717327708580 0.20138599675729082 65
1717327716102 0.20138599675729082 66
1717327723520 0.20138599675729082 67
1717327730750 0.20138599675729082 68
1717327738144 0.20138599675729082 69
1717327746425 0.20279275176141634 70
1717327754469 0.20138599675729082 71
1717327761915 0.20138599675729082 72
1717327769439 0.20138599675729082 73
1717327776846 0.20138599675729082 74
1717327784666 0.20138599675729082 75
1717327792152 0.20138599675729082 76
1717327799665 0.20138599675729082 77
1717327807224 0.20138599675729082 78
1717327814800 0.20138599675729082 79
1717327822195 0.20138599675729082 80
1717327829707 0.20138599675729082 81
1717327837200 0.20138599675729082 82
1717327844775 0.20138599675729082 83
1717327852631 0.20138599675729082 84
1717327860129 0.20138599675729082 85
1717327867768 0.20138599675729082 86
1717327875500 0.20138599675729082 87
1717327883063 0.20138599675729082 88
1717327890769 0.20138599675729082 89
1717327898359 0.20138599675729082 90
1717327905889 0.20138599675729082 91
1717327913333 0.20138599675729082 92
1717327921029 0.20138599675729082 93
1717327928662 0.20138599675729082 94
1717327936125 0.20138599675729082 95
1717327943717 0.20138599675729082 96
1717327951375 0.20138599675729082 97
1717327959041 0.20138599675729082 98
1717327966431 0.20138599675729082 99
