1717327222931 0.06261847168207169 1
1717327229585 0.10836193710565567 2
1717327236237 0.1961248219013214 3
1717327242692 0.19783379137516022 4
1717327249583 0.19783379137516022 5
1717327256267 0.19613492488861084 6
1717327263009 0.06368817389011383 7
1717327270301 0.052470482885837555 8
1717327277403 0.05527101829648018 9
1717327284418 0.05527101829648018 10
1717327291385 0.05527101829648018 11
1717327300829 0.05527101829648018 12
1717327308662 0.05137082561850548 13
1717327317631 0.05527101829648018 14
1717327325187 0.05775197222828865 15
1717327332751 0.14413361251354218 16
1717327340820 0.19783379137516022 17
1717327348210 0.1971152126789093 18
1717327355633 0.20281638205051422 19
1717327363204 0.2013860046863556 20
1717327370923 0.19831138849258423 21
1717327378473 0.20281638205051422 22
1717327385841 0.20118241012096405 23
1717327393317 0.2013860046863556 24
1717327400380 0.20152141153812408 25
1717327407637 0.2000361979007721 26
1717327414880 0.20295178890228271 27
1717327422302 0.20281638205051422 28
1717327429882 0.2013860046863556 29
1717327437257 0.20581640303134918 30
1717327444541 0.2020973563194275 31
1717327452115 0.20410244166851044 32
1717327459840 0.20279274880886078 33
1717327467466 0.2013860046863556 34
1717327475086 0.2013860046863556 35
1717327482721 0.18642458319664001 36
1717327490289 0.19831138849258423 37
1717327498246 0.2013860046863556 38
1717327505789 0.2013860046863556 39
1717327513612 0.2013860046863556 40
1717327521515 0.2013860046863556 41
1717327531604 0.2013860046863556 42
1717327541428 0.2013860046863556 43
1717327550649 0.2013860046863556 44
1717327558604 0.2013860046863556 45
1717327566276 0.2013860046863556 46
1717327574162 0.2013860046863556 47
1717327582230 0.2013860046863556 48
1717327589445 0.2013860046863556 49
1717327596626 0.2013860046863556 50
1717327603941 0.2013860046863556 51
1717327611427 0.2013860046863556 52
1717327618575 0.2013860046863556 53
1717327625995 0.2013860046863556 54
1717327633192 0.2013860046863556 55
1717327640610 0.2013860046863556 56
1717327648080 0.2013860046863556 57
1717327655718 0.2013860046863556 58
1717327663376 0.2013860046863556 59
1717327670707 0.2013860046863556 60
1717327678234 0.2013860046863556 61
1717327685842 0.2013860046863556 62
1717327693456 0.2013860046863556 63
1717327701022 0.2013860046863556 64
1717327708580 0.2013860046863556 65
1717327716102 0.2013860046863556 66
1717327723520 0.2013860046863556 67
1717327730750 0.2013860046863556 68
1717327738144 0.2013860046863556 69
1717327746425 0.20279274880886078 70
1717327754469 0.2013860046863556 71
1717327761915 0.2013860046863556 72
1717327769439 0.2013860046863556 73
1717327776846 0.2013860046863556 74
1717327784666 0.2013860046863556 75
1717327792152 0.2013860046863556 76
1717327799665 0.2013860046863556 77
1717327807224 0.2013860046863556 78
1717327814800 0.2013860046863556 79
1717327822195 0.2013860046863556 80
1717327829707 0.2013860046863556 81
1717327837200 0.2013860046863556 82
1717327844775 0.2013860046863556 83
1717327852631 0.2013860046863556 84
1717327860129 0.2013860046863556 85
1717327867768 0.2013860046863556 86
1717327875500 0.2013860046863556 87
1717327883063 0.2013860046863556 88
1717327890769 0.2013860046863556 89
1717327898359 0.2013860046863556 90
1717327905889 0.2013860046863556 91
1717327913333 0.2013860046863556 92
1717327921029 0.2013860046863556 93
1717327928662 0.2013860046863556 94
1717327936125 0.2013860046863556 95
1717327943717 0.2013860046863556 96
1717327951375 0.2013860046863556 97
1717327959041 0.2013860046863556 98
1717327966431 0.2013860046863556 99
