1715018911455 0.2615329921245575 1
1715018911554 0.3176427483558655 2
1715018911645 0.32839417457580566 3
1715018911727 0.328479528427124 4
1715018911806 0.3273642063140869 5
1715018911894 0.3276498317718506 6
1715018911969 0.3286212086677551 7
1715018912052 0.3303951621055603 8
1715018912145 0.3319065570831299 9
1715018912233 0.3339542746543884 10
1715018912310 0.3434792459011078 11
1715018912384 0.3445744216442108 12
1715018912465 0.3447079658508301 13
1715018912551 0.34527599811553955 14
1715018912631 0.34527599811553955 15
1715018912706 0.34844067692756653 16
1715018912781 0.34850621223449707 17
1715018912862 0.34850621223449707 18
1715018912941 0.34850621223449707 19
1715018913016 0.34897735714912415 20
1715018913092 0.34897735714912415 21
1715018913166 0.34897735714912415 22
1715018913241 0.34897735714912415 23
1715018913316 0.34897735714912415 24
1715018913390 0.34897735714912415 25
1715018913464 0.34897735714912415 26
1715018913538 0.34897735714912415 27
1715018913613 0.34884384274482727 28
1715018913688 0.34920522570610046 29
1715018913760 0.3498084247112274 30
1715018913837 0.3498084247112274 31
1715018913913 0.348256915807724 32
1715018913989 0.34842023253440857 33
1715018914064 0.351123183965683 34
1715018914143 0.351123183965683 35
1715018914224 0.351123183965683 36
1715018914305 0.34994545578956604 37
1715018914382 0.350165992975235 38
1715018914458 0.35064828395843506 39
1715018914531 0.35064828395843506 40
1715018914606 0.3507169187068939 41
1715018914686 0.3507169187068939 42
1715018914760 0.3507169187068939 43
1715018914835 0.35056281089782715 44
1715018914911 0.35056281089782715 45
1715018914986 0.35056281089782715 46
1715018915063 0.35056281089782715 47
1715018915140 0.35056281089782715 48
1715018915228 0.35056281089782715 49
1715018915302 0.3522205352783203 50
1715018915377 0.3522205352783203 51
1715018915451 0.3522205352783203 52
1715018915524 0.3522205352783203 53
1715018915598 0.3522205352783203 54
1715018915675 0.35339826345443726 55
1715018915750 0.3549497127532959 56
1715018915824 0.3549497127532959 57
1715018915899 0.3549497127532959 58
1715018915973 0.3549497127532959 59
1715018916050 0.3549497127532959 60
1715018916125 0.3549497127532959 61
1715018916200 0.3549497127532959 62
1715018916274 0.3549497127532959 63
1715018916349 0.3549497127532959 64
1715018916423 0.3549497127532959 65
1715018916498 0.3549497127532959 66
1715018916572 0.3549497127532959 67
1715018916646 0.3564266562461853 68
1715018916721 0.3564266562461853 69
1715018916794 0.3564266562461853 70
1715018916868 0.3564266562461853 71
1715018916941 0.3564266562461853 72
1715018917015 0.3564266562461853 73
1715018917093 0.3564266562461853 74
1715018917169 0.3564266562461853 75
1715018917244 0.3564266562461853 76
1715018917318 0.3564266562461853 77
1715018917393 0.3564266562461853 78
1715018917468 0.3564266562461853 79
1715018917543 0.3564266562461853 80
1715018917619 0.3564266562461853 81
1715018917693 0.3564266562461853 82
1715018917768 0.3564266562461853 83
1715018917843 0.3564266562461853 84
1715018917922 0.3564266562461853 85
1715018917998 0.3564266562461853 86
1715018918073 0.3564266562461853 87
1715018918148 0.3564266562461853 88
1715018918224 0.3564266562461853 89
1715018918303 0.3564266562461853 90
1715018918387 0.3564266562461853 91
1715018918487 0.3564266562461853 92
1715018918566 0.3564266562461853 93
1715018918643 0.3564266562461853 94
1715018918723 0.3564266562461853 95
1715018918799 0.3564266562461853 96
1715018918876 0.3564266562461853 97
1715018918951 0.3564266562461853 98
1715018919026 0.3564266562461853 99
