1717326651278 0.4779553634114937 1
1717326656750 0.5665343350749495 2
1717326662326 0.5964363798771686 3
1717326667923 0.6334286760323337 4
1717326673480 0.6249889489961388 5
1717326679129 0.620337136957808 6
1717326684661 0.6100091864394243 7
1717326690235 0.6139544488485834 8
1717326695787 0.6203991142274073 9
1717326701400 0.6282448457405547 10
1717326707015 0.6296932269678116 11
1717326712598 0.6193500806888449 12
1717326718107 0.6207456183715575 13
1717326723586 0.6255656335398675 14
1717326729062 0.6237424773623372 15
1717326734533 0.6188991097188695 16
1717326740022 0.6132751495813904 17
1717326745510 0.6115608521566481 18
1717326751011 0.6131309833481396 19
1717326756465 0.6171417054092013 20
1717326761935 0.6126148114058335 21
1717326767393 0.6030102783557298 22
1717326772899 0.598154875671292 23
1717326778366 0.60020186339193 24
1717326783850 0.5991953117006809 25
1717326789365 0.5969943106686639 26
1717326794975 0.5997514449219828 27
1717326800610 0.6100748442004943 28
1717326806190 0.5921389138032016 29
1717326811788 0.5926794524486333 30
1717326817403 0.593903360791208 31
1717326823039 0.5971796038284185 32
1717326828817 0.5965316573962084 33
1717326834542 0.5964324283425377 34
1717326840154 0.5936139496988405 35
1717326845809 0.5926285796119913 36
1717326851627 0.5943293057947321 37
1717326857256 0.5967571488101703 38
1717326863011 0.5959935259904796 39
1717326869159 0.5991979717216559 40
1717326875527 0.5950548419289905 41
1717326881133 0.6024841877335729 42
1717326887216 0.601106819698558 43
1717326893589 0.6172520885208487 44
1717326899923 0.6433699721327011 45
1717326906329 0.672626729751434 46
1717326912671 0.6849030075435493 47
1717326918996 0.6950863440975754 48
1717326924575 0.7105444422467817 49
1717326930283 0.726032479324154 50
1717326935805 0.7347577812439164 51
1717326941367 0.7353946339691416 52
1717326947153 0.74056093281545 53
1717326953165 0.7507515291100554 54
1717326958864 0.7578898689238944 55
1717326964489 0.753719967412934 56
1717326970112 0.7496565655817161 57
1717326975861 0.7559625159124469 58
1717326981445 0.7604498536083856 59
1717326987146 0.7618361153869975 60
1717326992838 0.7649140312119939 61
1717326998553 0.7710049155447201 62
1717327004297 0.7688002671275708 63
1717327009929 0.7762907888633677 64
1717327015466 0.7799196000277678 65
1717327021085 0.7817033090771277 66
1717327026603 0.781919936305389 67
1717327032201 0.7845865516455323 68
1717327037784 0.7876636732960857 69
1717327043463 0.7913044827257548 70
1717327049176 0.7891010772794487 71
1717327054863 0.7934397627279677 72
1717327060571 0.796819130578315 73
1717327066360 0.7913168347627432 74
1717327071990 0.796425150817913 75
1717327077499 0.799961316014472 76
1717327083048 0.8030394844193977 77
1717327088591 0.804291700733392 78
1717327094118 0.7996215506777519 79
1717327099717 0.7667165084241779 80
1717327105293 0.7713649162350963 81
1717327110790 0.787099704735728 82
1717327116561 0.7906200421267221 83
1717327122367 0.7865041949677533 84
1717327128103 0.7915273564612142 85
1717327133821 0.793506218294267 86
1717327139538 0.8018098605057219 87
1717327145240 0.8032387025465503 88
1717327151079 0.8064459033195555 89
1717327156798 0.8094725650456177 90
1717327162518 0.806941756365419 91
1717327168269 0.811350567115623 92
1717327173924 0.8144916519870059 93
1717327179658 0.8158938910736283 94
1717327185389 0.8179278824516616 95
1717327191199 0.8198899891879571 96
1717327196852 0.8168973419944844 97
1717327202621 0.8210807715709714 98
1717327208313 0.8206353771400404 99
