1717326651278 163805.0 1
1717326656750 192775.0 2
1717326662326 202882.0 3
1717326667923 215182.0 4
1717326673480 211655.0 5
1717326679129 209850.0 6
1717326684661 206051.0 7
1717326690235 207869.0 8
1717326695787 209875.0 9
1717326701400 212163.0 10
1717326707015 212867.0 11
1717326712598 208979.0 12
1717326718107 209523.0 13
1717326723586 211156.0 14
1717326729062 210213.0 15
1717326734533 208242.0 16
1717326740022 206542.0 17
1717326745510 205723.0 18
1717326751011 206447.0 19
1717326756465 207629.0 20
1717326761935 206083.0 21
1717326767393 202458.0 22
1717326772899 201308.0 23
1717326778366 201656.0 24
1717326783850 201340.0 25
1717326789365 200641.0 26
1717326794975 201258.0 27
1717326800610 205008.0 28
1717326806190 198608.0 29
1717326811788 198814.0 30
1717326817403 199392.0 31
1717326823039 200369.0 32
1717326828817 200132.0 33
1717326834542 199886.0 34
1717326840154 198761.0 35
1717326845809 198717.0 36
1717326851627 198993.0 37
1717326857256 200021.0 38
1717326863011 199907.0 39
1717326869159 201121.0 40
1717326875527 199188.0 41
1717326881133 202115.0 42
1717326887216 201201.0 43
1717326893589 206836.0 44
1717326899923 215440.0 45
1717326906329 225502.0 46
1717326912671 229899.0 47
1717326918996 232989.0 48
1717326924575 237839.0 49
1717326930283 242941.0 50
1717326935805 245741.0 51
1717326941367 246228.0 52
1717326947153 247461.0 53
1717326953165 250996.0 54
1717326958864 253346.0 55
1717326964489 252243.0 56
1717326970112 250712.0 57
1717326975861 252762.0 58
1717326981445 253893.0 59
1717326987146 254266.0 60
1717326992838 255467.0 61
1717326998553 257184.0 62
1717327004297 256627.0 63
1717327009929 258980.0 64
1717327015466 260117.0 65
1717327021085 260688.0 66
1717327026603 260535.0 67
1717327032201 261446.0 68
1717327037784 262285.0 69
1717327043463 263772.0 70
1717327049176 262854.0 71
1717327054863 264280.0 72
1717327060571 265465.0 73
1717327066360 263544.0 74
1717327071990 265052.0 75
1717327077499 266395.0 76
1717327083048 267572.0 77
1717327088591 267589.0 78
1717327094118 266861.0 79
1717327099717 256485.0 80
1717327105293 257033.0 81
1717327110790 262275.0 82
1717327116561 263365.0 83
1717327122367 261769.0 84
1717327128103 263563.0 85
1717327133821 264111.0 86
1717327139538 266808.0 87
1717327145240 267106.0 88
1717327151079 268325.0 89
1717327156798 269240.0 90
1717327162518 268352.0 91
1717327168269 269872.0 92
1717327173924 270948.0 93
1717327179658 271315.0 94
1717327185389 271969.0 95
1717327191199 272674.0 96
1717327196852 271664.0 97
1717327202621 273134.0 98
1717327208313 272924.0 99
