1717326651278 0.7062214722996396 1
1717326656750 0.7213729273478189 2
1717326662326 0.7314265784224363 3
1717326667923 0.7384363580283474 4
1717326673480 0.7756918223973379 5
1717326679129 0.7859415379219545 6
1717326684661 0.7928167798443816 7
1717326690235 0.785605537560885 8
1717326695787 0.7987858535018407 9
1717326701400 0.7976017419595 10
1717326707015 0.7957330089830104 11
1717326712598 0.8054660093855 12
1717326718107 0.8087865767757533 13
1717326723586 0.8066979441162218 14
1717326729062 0.8170248486341967 15
1717326734533 0.8245697334260997 16
1717326740022 0.8313332648038676 17
1717326745510 0.836632079593819 18
1717326751011 0.8351601936313802 19
1717326756465 0.8308656869944709 20
1717326761935 0.8356681985612565 21
1717326767393 0.8502040446029502 22
1717326772899 0.8530721947061298 23
1717326778366 0.8551332743953366 24
1717326783850 0.8566621929340164 25
1717326789365 0.8599210375026366 26
1717326794975 0.8531577884287398 27
1717326800610 0.8406352002006381 28
1717326806190 0.8663602178141726 29
1717326811788 0.867612162196023 30
1717326817403 0.8657863709777259 31
1717326823039 0.8654650477163898 32
1717326828817 0.8638503283010684 33
1717326834542 0.8683222343056882 34
1717326840154 0.8701961719156223 35
1717326845809 0.8716791692740882 36
1717326851627 0.8665501572513712 37
1717326857256 0.8681952039362875 38
1717326863011 0.8674662316849919 39
1717326869159 0.8637744902825567 40
1717326875527 0.8736895231292849 41
1717326881133 0.866049182462987 42
1717326887216 0.8733779189834431 43
1717326893589 0.8573861042272872 44
1717326899923 0.8507938782688678 45
1717326906329 0.8317152520119722 46
1717326912671 0.8346809468685985 47
1717326918996 0.8367204366821017 48
1717326924575 0.8324177555683968 49
1717326930283 0.8371891481556173 50
1717326935805 0.8413414954775867 51
1717326941367 0.8380520822443958 52
1717326947153 0.8493760240047735 53
1717326953165 0.8457998025165777 54
1717326958864 0.8385375333264187 55
1717326964489 0.8430324420359395 56
1717326970112 0.8505676786446391 57
1717326975861 0.8559414488640327 58
1717326981445 0.8611921888174815 59
1717326987146 0.8629021371374785 60
1717326992838 0.8614893207786077 61
1717326998553 0.8731709702881306 62
1717327004297 0.8763964623346604 63
1717327009929 0.878025721602468 64
1717327015466 0.8770123939514356 65
1717327021085 0.8780123104749367 66
1717327026603 0.8862862594234521 67
1717327032201 0.8829931306125324 68
1717327037784 0.8880372017032788 69
1717327043463 0.8795758993539746 70
1717327049176 0.8860954445110183 71
1717327054863 0.889946693141252 72
1717327060571 0.8887395027317535 73
1717327066360 0.8895965978166533 74
1717327071990 0.893797348916913 75
1717327077499 0.8915639780334214 76
1717327083048 0.8897749053126885 77
1717327088591 0.894995599258986 78
1717327094118 0.8747952499259548 79
1717327099717 0.8493086296708766 80
1717327105293 0.8814539893194995 81
1717327110790 0.887463982260551 82
1717327116561 0.8905189599703299 83
1717327122367 0.8976091612042056 84
1717327128103 0.8913655648351599 85
1717327133821 0.8928797367430001 86
1717327139538 0.8921705543623846 87
1717327145240 0.8995611539972476 88
1717327151079 0.8993032841573333 89
1717327156798 0.8969033530883741 90
1717327162518 0.8999132659397001 91
1717327168269 0.9028881767112894 92
1717327173924 0.903756883869617 93
1717327179658 0.9031612434165104 94
1717327185389 0.9050645380445633 95
1717327191199 0.9010486133175868 96
1717327196852 0.9047243202574474 97
1717327202621 0.9006002464612642 98
1717327208313 0.9010106311935988 99
