1717326651278 0.15083609521389008 1
1717326656750 0.17896397411823273 2
1717326662326 0.19161133468151093 3
1717326667923 0.20760144293308258 4
1717326673480 0.21329285204410553 5
1717326679129 0.21371133625507355 6
1717326684661 0.21114161610603333 7
1717326690235 0.21094872057437897 8
1717326695787 0.21688957512378693 9
1717326701400 0.21996912360191345 10
1717326707015 0.22024403512477875 11
1717326712598 0.21789290010929108 12
1717326718107 0.21948543190956116 13
1717326723586 0.22100524604320526 14
1717326729062 0.22275634109973907 15
1717326734533 0.2223212569952011 16
1717326740022 0.22151781618595123 17
1717326745510 0.22207994759082794 18
1717326751011 0.22239772975444794 19
1717326756465 0.22307135164737701 20
1717326761935 0.2222854197025299 21
1717326767393 0.22146214544773102 22
1717326772899 0.22025296092033386 23
1717326778366 0.22152142226696014 24
1717326783850 0.2214599847793579 25
1717326789365 0.22131986916065216 26
1717326794975 0.220802903175354 27
1717326800610 0.22228986024856567 28
1717326806190 0.22063229978084564 29
1717326811788 0.22115212678909302 30
1717326817403 0.22134193778038025 31
1717326823039 0.22255654633045197 32
1717326828817 0.22194348275661469 33
1717326834542 0.22283554077148438 34
1717326840154 0.22208020091056824 35
1717326845809 0.22204700112342834 36
1717326851627 0.2215627133846283 37
1717326857256 0.2229604721069336 38
1717326863011 0.22257046401500702 39
1717326869159 0.222997784614563 40
1717326875527 0.2234352082014084 41
1717326881133 0.22485469281673431 42
1717326887216 0.22592893242835999 43
1717326893589 0.22929544746875763 44
1717326899923 0.2400180846452713 45
1717326906329 0.25047242641448975 46
1717326912671 0.2586575448513031 47
1717326918996 0.2649343013763428 48
1717326924575 0.273735910654068 49
1717326930283 0.28585535287857056 50
1717326935805 0.2933228015899658 51
1717326941367 0.2930471897125244 52
1717326947153 0.30006805062294006 53
1717326953165 0.30713358521461487 54
1717326958864 0.31094250082969666 55
1717326964489 0.30896854400634766 56
1717326970112 0.3078935444355011 57
1717326975861 0.314535915851593 58
1717326981445 0.32007309794425964 59
1717326987146 0.3217761516571045 60
1717326992838 0.3240824341773987 61
1717326998553 0.33333152532577515 62
1717327004297 0.33237701654434204 63
1717327009929 0.3399848937988281 64
1717327015466 0.3429845869541168 65
1717327021085 0.34513989090919495 66
1717327026603 0.34796249866485596 67
1717327032201 0.3497585654258728 68
1717327037784 0.3544803857803345 69
1717327043463 0.35549959540367126 70
1717327049176 0.3553416430950165 71
1717327054863 0.3614121973514557 72
1717327060571 0.36461398005485535 73
1717327066360 0.3589722514152527 74
1717327071990 0.36582696437835693 75
1717327077499 0.3689972758293152 76
1717327083048 0.37179335951805115 77
1717327088591 0.3751009702682495 78
1717327094118 0.36329928040504456 79
1717327099717 0.321857213973999 80
1717327105293 0.3365021049976349 81
1717327110790 0.3538309931755066 82
1717327116561 0.35851606726646423 83
1717327122367 0.3565116226673126 84
1717327128103 0.3596493899822235 85
1717327133821 0.36234864592552185 86
1717327139538 0.3713851273059845 87
1717327145240 0.37553349137306213 88
1717327151079 0.37904196977615356 89
1717327156798 0.3818654716014862 90
1717327162518 0.37986525893211365 91
1717327168269 0.38619938492774963 92
1717327173924 0.3901541233062744 93
1717327179658 0.39171314239501953 94
1717327185389 0.3949663043022156 95
1717327191199 0.39602649211883545 96
1717327196852 0.3935578763484955 97
1717327202621 0.397418349981308 98
1717327208313 0.39708468317985535 99
