1716280010289 0.873845511261946 1
1716280012238 0.91979101904069 2
1716280014053 0.9538131952884411 3
1716280016028 0.9587603250031848 4
1716280018036 0.970016788663566 5
1716280019921 0.9795268925840963 6
1716280021864 0.9830846365069313 7
1716280023744 0.9831983941200534 8
1716280025639 0.9835013199977501 9
1716280027555 0.9836975334120621 10
1716280029415 0.9840211704720357 11
1716280031331 0.9844251030657954 12
1716280033187 0.9848927687894306 13
1716280035143 0.9851817108004247 14
1716280037051 0.9854991464925095 15
1716280038946 0.9858663755326911 16
1716280040971 0.9860007980446343 17
1716280043044 0.9861648150581809 18
1716280045064 0.9864282042773787 19
1716280047008 0.9867116568417851 20
1716280048904 0.986884291091595 21
1716280050793 0.9870734640117715 22
1716280052664 0.9873341144125864 23
1716280054530 0.9875139653777705 24
1716280056502 0.9879646112661723 25
1716280058444 0.9880718489370289 26
1716280060386 0.9881899440438158 27
1716280062271 0.9883584761802413 28
1716280064285 0.9886498505263148 29
1716280066219 0.9888562245166154 30
1716280068054 0.9891901266107714 31
1716280070175 0.9894958096063803 32
1716280072094 0.9897518702300013 33
1716280074014 0.9900534564692719 34
1716280075996 0.9901502324920218 35
1716280077770 0.9903866013746275 36
1716280079605 0.990555119261531 37
1716280081499 0.9908729442033373 38
1716280083323 0.9911433794238195 39
1716280085175 0.9912477939335793 40
1716280087263 0.9914779539496572 41
1716280089085 0.9917003673643495 42
1716280090964 0.9917872816336996 43
1716280092871 0.9918904984957481 44
1716280094806 0.9920877291467659 45
1716280096781 0.9922512812948293 46
1716280098823 0.9923825299685703 47
1716280100780 0.9924006464377189 48
1716280102696 0.9927515203677356 49
1716280104584 0.9928681723190161 50
1716280106408 0.9928584352602803 51
1716280108444 0.9929514912219642 52
1716280110444 0.9931238365005906 53
1716280112335 0.9932158387897903 54
1716280114351 0.9933612250676888 55
1716280116263 0.9934803499478437 56
1716280118166 0.993642371770251 57
1716280120092 0.9937202904890404 58
1716280121976 0.9937706882080173 59
1716280317808 0.9937622484868234 60
1716280319845 0.9938895273905651 61
1716280321648 0.9940205482094837 62
1716280323653 0.994052061551119 63
1716280325524 0.9940415667516987 64
1716280327394 0.9940150701247449 65
1716280329288 0.9940177788368311 66
1716280331190 0.9940102382429067 67
1716280333096 0.9940855202052239 68
1716280335032 0.9941591924631435 69
1716280336845 0.9941847582812935 70
1716280338728 0.994230675866044 71
1716280340684 0.9942201197120485 72
1716280342551 0.9943067119115901 73
1716280344554 0.99433750683231 74
1716280346378 0.9943403205280236 75
1716280348256 0.9944106886936237 76
1716280350158 0.9944249928395729 77
1716280352162 0.9944367457687135 78
1716280354037 0.9945017047929466 79
1716280356027 0.9946201062047653 80
1716280357894 0.9944315129627126 81
1716280359694 0.9946159151704327 82
1716280361568 0.9946032438003775 83
1716280363496 0.9945668170928536 84
1716280365516 0.9947155469322612 85
1716280367467 0.994572032952351 86
1716280369379 0.9946025347642772 87
1716280371253 0.9945300191537638 88
1716280373189 0.994546864100951 89
1716280375182 0.9945957163912439 90
1716280377173 0.9945015542957765 91
1716280379131 0.9944229565183105 92
1716280380972 0.9945722484204075 93
1716280383062 0.99440089115174 94
1716280384958 0.9945879890391521 95
1716280386830 0.9944477325909196 96
1716280388747 0.994513823216498 97
1716280390642 0.9945284013472323 98
1716280392593 0.9945589678245571 99
