1716280010289 0.20806793868541718 1
1716280012238 0.2176259160041809 2
1716280014053 0.29145312309265137 3
1716280016028 0.35273659229278564 4
1716280018036 0.44898268580436707 5
1716280019921 0.4993427097797394 6
1716280021864 0.5289550423622131 7
1716280023744 0.5369762778282166 8
1716280025639 0.541665256023407 9
1716280027555 0.5455247759819031 10
1716280029415 0.5481683015823364 11
1716280031331 0.5495032072067261 12
1716280033187 0.5505586266517639 13
1716280035143 0.5516411662101746 14
1716280037051 0.5530344843864441 15
1716280038946 0.5549740195274353 16
1716280040971 0.5566920042037964 17
1716280043044 0.5584709048271179 18
1716280045064 0.5607010722160339 19
1716280047008 0.5639451146125793 20
1716280048904 0.5685782432556152 21
1716280050793 0.5727761387825012 22
1716280052664 0.5771499276161194 23
1716280054530 0.5801820158958435 24
1716280056502 0.5841516256332397 25
1716280058444 0.5869128108024597 26
1716280060386 0.5906184911727905 27
1716280062271 0.5931283235549927 28
1716280064285 0.5962054133415222 29
1716280066219 0.5985673069953918 30
1716280068054 0.6012800335884094 31
1716280070175 0.6036045551300049 32
1716280072094 0.605212926864624 33
1716280074014 0.6068865656852722 34
1716280075996 0.6081876754760742 35
1716280077770 0.6099240183830261 36
1716280079605 0.6107312440872192 37
1716280081499 0.6126776337623596 38
1716280083323 0.6142143607139587 39
1716280085175 0.614822506904602 40
1716280087263 0.6158822178840637 41
1716280089085 0.6167500615119934 42
1716280090964 0.6172879338264465 43
1716280092871 0.6179776787757874 44
1716280094806 0.6188310384750366 45
1716280096781 0.6197547912597656 46
1716280098823 0.6206251978874207 47
1716280100780 0.6210896372795105 48
1716280102696 0.6225774884223938 49
1716280104584 0.6235724091529846 50
1716280106408 0.6238672733306885 51
1716280108444 0.6241727471351624 52
1716280110444 0.62489253282547 53
1716280112335 0.6252933144569397 54
1716280114351 0.6258474588394165 55
1716280116263 0.6262847185134888 56
1716280118166 0.6268779039382935 57
1716280120092 0.6269523501396179 58
1716280121976 0.6270557045936584 59
1716280317808 0.6272608637809753 60
1716280319845 0.6278082132339478 61
1716280321648 0.6282591223716736 62
1716280323653 0.628208577632904 63
1716280325524 0.6283944845199585 64
1716280327394 0.6281922459602356 65
1716280329288 0.62826007604599 66
1716280331190 0.6282739043235779 67
1716280333096 0.6285795569419861 68
1716280335032 0.6291400790214539 69
1716280336845 0.6295174360275269 70
1716280338728 0.6304824352264404 71
1716280340684 0.6303538084030151 72
1716280342551 0.6309378147125244 73
1716280344554 0.6311082243919373 74
1716280346378 0.6312780380249023 75
1716280348256 0.6315447092056274 76
1716280350158 0.6319355368614197 77
1716280352162 0.6312640309333801 78
1716280354037 0.6327064037322998 79
1716280356027 0.6329880952835083 80
1716280357894 0.6317843198776245 81
1716280359694 0.6333251595497131 82
1716280361568 0.6329270601272583 83
1716280363496 0.6326315999031067 84
1716280365516 0.633604109287262 85
1716280367467 0.6326801180839539 86
1716280369379 0.6329370141029358 87
1716280371253 0.6322001218795776 88
1716280373189 0.6323549151420593 89
1716280375182 0.6327744722366333 90
1716280377173 0.6319337487220764 91
1716280379131 0.6317429542541504 92
1716280380972 0.6323426961898804 93
1716280383062 0.6317610144615173 94
1716280384958 0.6322323679924011 95
1716280386830 0.6320921182632446 96
1716280388747 0.631843626499176 97
1716280390642 0.6317072510719299 98
1716280392593 0.6324533820152283 99
