1717226798263 152640.0 1
1717226804071 126656.0 2
1717226809884 139612.0 3
1717226815725 139612.0 4
1717226822207 139612.0 5
1717226828121 139612.0 6
1717226833961 139612.0 7
1717226839785 139612.0 8
1717226845678 139612.0 9
1717226851442 139612.0 10
1717226857722 139612.0 11
1717226863918 139612.0 12
1717226869884 139612.0 13
1717226875849 139612.0 14
1717226881847 139612.0 15
1717226887883 139612.0 16
1717226893888 139612.0 17
1717226899843 139612.0 18
1717226905867 139302.0 19
1717226911782 139612.0 20
1717226917818 139612.0 21
1717226923916 139612.0 22
1717226929869 139612.0 23
1717226935898 139612.0 24
1717226941880 139612.0 25
1717226947906 139612.0 26
1717226954154 139612.0 27
1717226960265 139612.0 28
1717226966241 139612.0 29
1717226972237 139612.0 30
1717226978276 139612.0 31
1717226984327 139612.0 32
1717226990331 139612.0 33
1717226996387 139612.0 34
1717227002641 139612.0 35
1717227008655 139612.0 36
1717227014870 139612.0 37
1717227020857 139612.0 38
1717227026910 139612.0 39
1717227032885 139612.0 40
1717227038927 139612.0 41
1717227044866 139612.0 42
1717227050806 139612.0 43
1717227056745 139612.0 44
1717227062783 139612.0 45
1717227068818 139612.0 46
1717227074876 139612.0 47
1717227081182 139612.0 48
1717227087332 139612.0 49
1717227093227 139612.0 50
1717227099281 139612.0 51
1717227105290 139612.0 52
1717227111295 139612.0 53
1717227117352 139612.0 54
1717227123461 139612.0 55
1717227130307 139612.0 56
1717227136713 139612.0 57
1717227143768 139612.0 58
1717227150457 139612.0 59
1717227157034 139612.0 60
1717227164081 139612.0 61
1717227171735 139612.0 62
1717227178796 139612.0 63
1717227186926 139612.0 64
1717227195069 139612.0 65
1717227203270 139612.0 66
1717227211497 139612.0 67
1717227219016 139612.0 68
1717227225778 139612.0 69
1717227232357 139612.0 70
1717227239025 139612.0 71
1717227245713 139612.0 72
1717227252383 139612.0 73
1717227258776 139612.0 74
1717227265299 139612.0 75
1717227271745 139612.0 76
1717227278275 139612.0 77
1717227284778 139612.0 78
1717227291164 139612.0 79
1717227297697 139612.0 80
1717227304210 139612.0 81
1717227310942 139612.0 82
1717227317604 139612.0 83
1717227324121 139612.0 84
1717227330695 139612.0 85
1717227337308 139612.0 86
1717227343781 139612.0 87
1717227350188 139612.0 88
1717227356808 139612.0 89
1717227363436 139612.0 90
1717227370394 139612.0 91
1717227376629 139612.0 92
1717227382652 139612.0 93
1717227388630 139612.0 94
1717227394804 139612.0 95
1717227400893 139612.0 96
1717227406887 139612.0 97
1717227412972 139612.0 98
1717227419038 139612.0 99
