1717226798263 160230.0 1
1717226804071 186214.0 2
1717226809884 173258.0 3
1717226815725 173258.0 4
1717226822207 173258.0 5
1717226828121 173258.0 6
1717226833961 173258.0 7
1717226839785 173258.0 8
1717226845678 173258.0 9
1717226851442 173258.0 10
1717226857722 173258.0 11
1717226863918 173258.0 12
1717226869884 173258.0 13
1717226875849 173258.0 14
1717226881847 173258.0 15
1717226887883 173258.0 16
1717226893888 173258.0 17
1717226899843 173258.0 18
1717226905867 173568.0 19
1717226911782 173258.0 20
1717226917818 173258.0 21
1717226923916 173258.0 22
1717226929869 173258.0 23
1717226935898 173258.0 24
1717226941880 173258.0 25
1717226947906 173258.0 26
1717226954154 173258.0 27
1717226960265 173258.0 28
1717226966241 173258.0 29
1717226972237 173258.0 30
1717226978276 173258.0 31
1717226984327 173258.0 32
1717226990331 173258.0 33
1717226996387 173258.0 34
1717227002641 173258.0 35
1717227008655 173258.0 36
1717227014870 173258.0 37
1717227020857 173258.0 38
1717227026910 173258.0 39
1717227032885 173258.0 40
1717227038927 173258.0 41
1717227044866 173258.0 42
1717227050806 173258.0 43
1717227056745 173258.0 44
1717227062783 173258.0 45
1717227068818 173258.0 46
1717227074876 173258.0 47
1717227081182 173258.0 48
1717227087332 173258.0 49
1717227093227 173258.0 50
1717227099281 173258.0 51
1717227105290 173258.0 52
1717227111295 173258.0 53
1717227117352 173258.0 54
1717227123461 173258.0 55
1717227130307 173258.0 56
1717227136713 173258.0 57
1717227143768 173258.0 58
1717227150457 173258.0 59
1717227157034 173258.0 60
1717227164081 173258.0 61
1717227171735 173258.0 62
1717227178796 173258.0 63
1717227186926 173258.0 64
1717227195069 173258.0 65
1717227203270 173258.0 66
1717227211497 173258.0 67
1717227219016 173258.0 68
1717227225778 173258.0 69
1717227232357 173258.0 70
1717227239025 173258.0 71
1717227245713 173258.0 72
1717227252383 173258.0 73
1717227258776 173258.0 74
1717227265299 173258.0 75
1717227271745 173258.0 76
1717227278275 173258.0 77
1717227284778 173258.0 78
1717227291164 173258.0 79
1717227297697 173258.0 80
1717227304210 173258.0 81
1717227310942 173258.0 82
1717227317604 173258.0 83
1717227324121 173258.0 84
1717227330695 173258.0 85
1717227337308 173258.0 86
1717227343781 173258.0 87
1717227350188 173258.0 88
1717227356808 173258.0 89
1717227363436 173258.0 90
1717227370394 173258.0 91
1717227376629 173258.0 92
1717227382652 173258.0 93
1717227388630 173258.0 94
1717227394804 173258.0 95
1717227400893 173258.0 96
1717227406887 173258.0 97
1717227412972 173258.0 98
1717227419038 173258.0 99
