1717240021083 0.13247597217559814 1
1717240021530 0.1508907526731491 2
1717240021980 0.42205891013145447 3
1717240022425 0.5689029693603516 4
1717240022869 0.6237815618515015 5
1717240023319 0.6515806317329407 6
1717240023778 0.6702520251274109 7
1717240024237 0.6823605895042419 8
1717240024688 0.6914690732955933 9
1717240025177 0.6982042193412781 10
1717240025669 0.7044652700424194 11
1717240026120 0.7106412649154663 12
1717240026582 0.7151265144348145 13
1717240027046 0.7189205288887024 14
1717240027505 0.7208274602890015 15
1717240027970 0.7238835096359253 16
1717240028423 0.7269819974899292 17
1717240028888 0.7304285168647766 18
1717240029332 0.7339984774589539 19
1717240029882 0.7357581257820129 20
1717240030365 0.7375333905220032 21
1717240030833 0.743798017501831 22
1717240031291 0.7460216283798218 23
1717240031765 0.7522103190422058 24
1717240032238 0.7536659240722656 25
1717240032686 0.7600691318511963 26
1717240033150 0.761541485786438 27
1717240033610 0.7644308805465698 28
1717240034066 0.7703150510787964 29
1717240034532 0.7713717818260193 30
1717240035009 0.7798832058906555 31
1717240035480 0.7844957113265991 32
1717240035919 0.7859693765640259 33
1717240036392 0.7889719605445862 34
1717240036855 0.7977588772773743 35
1717240037308 0.7959389686584473 36
1717240037793 0.8020547032356262 37
1717240038243 0.8007138967514038 38
1717240038697 0.8081995248794556 39
1717240039148 0.8084684610366821 40
1717240039622 0.8061982989311218 41
1717240040086 0.8126398324966431 42
1717240040555 0.8111664056777954 43
1717240041030 0.8145022392272949 44
1717240041490 0.8145800828933716 45
1717240041951 0.8177959322929382 46
1717240042402 0.8160625696182251 47
1717240042867 0.8185375332832336 48
1717240043314 0.8168145418167114 49
1717240043780 0.8222068548202515 50
1717240044253 0.8212234377861023 51
1717240044711 0.8239453434944153 52
1717240045178 0.8234116435050964 53
1717240045653 0.8260113000869751 54
1717240046124 0.8232036828994751 55
1717240046579 0.8252798914909363 56
1717240047031 0.8266198039054871 57
1717240047493 0.8287854194641113 58
1717240047972 0.8294112086296082 59
1717240048434 0.8290961980819702 60
1717240048907 0.8240340352058411 61
1717240049386 0.8309963345527649 62
1717240049852 0.8307170867919922 63
1717240050326 0.8312247395515442 64
1717240050802 0.8317229151725769 65
1717240051252 0.8310602307319641 66
1717240051707 0.8340709805488586 67
1717240052165 0.835361659526825 68
1717240052640 0.8366182446479797 69
1717240053089 0.8353947401046753 70
1717240053543 0.8344522714614868 71
1717240054017 0.8341385126113892 72
1717240054471 0.837875485420227 73
1717240054944 0.8381656408309937 74
1717240055405 0.8367937207221985 75
1717240055863 0.8361313939094543 76
1717240056332 0.8387680053710938 77
1717240056798 0.8406982421875 78
1717240057261 0.8401514887809753 79
1717240057749 0.8384678959846497 80
1717240058236 0.8361419439315796 81
1717240058716 0.8420215845108032 82
1717240059202 0.8416360020637512 83
1717240059669 0.8417256474494934 84
1717240060117 0.8382929563522339 85
1717240060606 0.843353271484375 86
1717240061081 0.8439706563949585 87
1717240061550 0.8433409929275513 88
1717240062007 0.8420138359069824 89
1717240062479 0.8403704762458801 90
1717240062960 0.8449052572250366 91
1717240063427 0.8464657664299011 92
1717240063902 0.8452049493789673 93
1717240064365 0.8435372114181519 94
1717240064814 0.8461835980415344 95
1717240065282 0.8471136093139648 96
1717240065740 0.8445459604263306 97
1717240066182 0.8464924097061157 98
1717240066694 0.8482149243354797 99
