1717520587658 101748.0 1
1717520592763 110950.0 2
1717520598043 110943.0 3
1717520603209 110659.0 4
1717520608516 109804.0 5
1717520613827 109046.0 6
1717520619056 108189.0 7
1717520624397 107073.0 8
1717520629721 106763.0 9
1717520634973 107650.0 10
1717520640358 106648.0 11
1717520645596 105819.0 12
1717520650921 105761.0 13
1717520656519 105664.0 14
1717520661880 105525.0 15
1717520667700 105131.0 16
1717520673332 105407.0 17
1717520678746 104604.0 18
1717520684158 104263.0 19
1717520689592 103681.0 20
1717520695057 105056.0 21
1717520700945 103338.0 22
1717520706740 103568.0 23
1717520712120 103784.0 24
1717520717717 103943.0 25
1717520723133 103499.0 26
1717520728466 103136.0 27
1717520733730 103546.0 28
1717520739209 103477.0 29
1717520744577 103092.0 30
1717520750196 103485.0 31
1717520755559 103154.0 32
1717520760959 103342.0 33
1717520766316 103481.0 34
1717520771869 102874.0 35
1717520777325 102633.0 36
1717520782728 102616.0 37
1717520788158 102575.0 38
1717520793619 102512.0 39
1717520799017 102776.0 40
1717520804491 102629.0 41
1717520810350 103130.0 42
1717520815872 102683.0 43
1717520821302 103971.0 44
1717520826720 104795.0 45
1717520832146 105015.0 46
1717520837586 105301.0 47
1717520843059 104589.0 48
1717520848456 104680.0 49
1717520853983 103849.0 50
1717520859496 103306.0 51
1717520865070 103350.0 52
1717520870788 103737.0 53
1717520876309 103208.0 54
1717520881663 103303.0 55
1717520887534 103006.0 56
1717520893280 102773.0 57
1717520898747 103271.0 58
1717520904222 103175.0 59
1717520909706 102551.0 60
1717520915199 102886.0 61
1717520920587 102711.0 62
1717520926341 103138.0 63
1717520932070 102915.0 64
1717520937452 103481.0 65
1717520943117 104926.0 66
1717520948768 107335.0 67
1717520954376 105463.0 68
1717520959879 104713.0 69
1717520965447 104384.0 70
1717520970937 104235.0 71
1717520976317 104257.0 72
1717520981764 104623.0 73
1717520987261 104249.0 74
1717520992874 103524.0 75
1717520998614 104098.0 76
1717521005301 103245.0 77
1717521013776 103737.0 78
1717521020471 102755.0 79
1717521027145 103008.0 80
1717521034483 103959.0 81
1717521041604 102518.0 82
1717521048039 103290.0 83
1717521054062 103991.0 84
1717521060285 103433.0 85
1717521067191 103021.0 86
1717521073371 103626.0 87
1717521079921 103239.0 88
1717521086361 102981.0 89
1717521092311 103765.0 90
1717521098351 103539.0 91
1717521104634 103414.0 92
1717521110992 103723.0 93
1717521117268 103056.0 94
1717521123347 103290.0 95
1717521129370 102393.0 96
1717521136490 102584.0 97
1717521142400 102083.0 98
1717521148470 102958.0 99
