1717334495685 329923.0 1
1717334496940 329923.0 2
1717334498132 329923.0 3
1717334499356 329923.0 4
1717334500621 329923.0 5
1717334501829 329923.0 6
1717334503106 329923.0 7
1717334504406 329923.0 8
1717334505707 329923.0 9
1717334507511 329923.0 10
1717334508998 329923.0 11
1717334510273 329923.0 12
1717334511573 329923.0 13
1717334512879 329923.0 14
1717334514192 329923.0 15
1717334515509 329923.0 16
1717334516781 329923.0 17
1717334518084 329923.0 18
1717334519359 329923.0 19
1717334520674 329923.0 20
1717334521968 329923.0 21
1717334523268 329923.0 22
1717334524565 329923.0 23
1717334525880 329923.0 24
1717334527191 329923.0 25
1717334528480 329923.0 26
1717334529746 329923.0 27
1717334531097 329923.0 28
1717334532389 329923.0 29
1717334533678 329923.0 30
1717334534971 329923.0 31
1717334536287 329923.0 32
1717334537642 329923.0 33
1717334539031 329923.0 34
1717334540902 329923.0 35
1717334542460 329923.0 36
1717334543750 329923.0 37
1717334545013 329923.0 38
1717334546311 329923.0 39
1717334547607 329923.0 40
1717334548911 329923.0 41
1717334550213 329923.0 42
1717334551529 329923.0 43
1717334552794 329923.0 44
1717334554066 329923.0 45
1717334555319 329923.0 46
1717334556606 329923.0 47
1717334557857 329923.0 48
1717334559146 329923.0 49
1717334560703 329923.0 50
1717334562144 329923.0 51
1717334563507 329923.0 52
1717334564807 329923.0 53
1717334566078 329923.0 54
1717334567356 329923.0 55
1717334568616 329923.0 56
1717334569905 329923.0 57
1717334571152 329923.0 58
1717334572377 329923.0 59
1717334573619 329923.0 60
1717334574926 329923.0 61
1717334576170 329923.0 62
1717334577423 329923.0 63
1717334578692 329923.0 64
1717334579936 329923.0 65
1717334581150 329923.0 66
1717334582382 329923.0 67
1717334583626 329923.0 68
1717334584860 329923.0 69
1717334586092 329923.0 70
1717334587403 329923.0 71
1717334588662 329923.0 72
1717334589906 329923.0 73
1717334591183 329923.0 74
1717334592437 329923.0 75
1717334593651 329923.0 76
1717334594899 329923.0 77
1717334596145 329923.0 78
1717334597393 329923.0 79
1717334598640 329923.0 80
1717334599884 329923.0 81
1717334601114 329923.0 82
1717334602375 329923.0 83
1717334603610 329923.0 84
1717334604827 329923.0 85
1717334606082 329923.0 86
1717334607300 329923.0 87
1717334608544 329923.0 88
1717334609801 329923.0 89
1717334611054 329923.0 90
1717334612285 329923.0 91
1717334613513 329923.0 92
1717334614765 329923.0 93
1717334616021 329923.0 94
1717334617270 329923.0 95
1717334618527 329923.0 96
1717334619777 329923.0 97
1717334621183 329923.0 98
1717334622825 329923.0 99
