1717334495685 0.11398206651210785 1
1717334496940 0.18541565537452698 2
1717334498132 0.1801331490278244 3
1717334499356 0.1854180097579956 4
1717334500621 0.18547971546649933 5
1717334501829 0.19085972011089325 6
1717334503106 0.19506630301475525 7
1717334504406 0.2030242681503296 8
1717334505707 0.2056722640991211 9
1717334507511 0.2105381190776825 10
1717334508998 0.21424269676208496 11
1717334510273 0.21776148676872253 12
1717334511573 0.21912530064582825 13
1717334512879 0.22132058441638947 14
1717334514192 0.2226853370666504 15
1717334515509 0.22581784427165985 16
1717334516781 0.23333826661109924 17
1717334518084 0.23854339122772217 18
1717334519359 0.23271770775318146 19
1717334520674 0.2383149415254593 20
1717334521968 0.24582616984844208 21
1717334523268 0.25278669595718384 22
1717334524565 0.271314412355423 23
1717334525880 0.2882887125015259 24
1717334527191 0.30240386724472046 25
1717334528480 0.3183934688568115 26
1717334529746 0.3327893316745758 27
1717334531097 0.34344908595085144 28
1717334532389 0.34920239448547363 29
1717334533678 0.35246017575263977 30
1717334534971 0.3544487953186035 31
1717334536287 0.3557186424732208 32
1717334537642 0.35833194851875305 33
1717334539031 0.361017644405365 34
1717334540902 0.36219480633735657 35
1717334542460 0.36267033219337463 36
1717334543750 0.36306118965148926 37
1717334545013 0.36415228247642517 38
1717334546311 0.36347219347953796 39
1717334547607 0.36485981941223145 40
1717334548911 0.3663329482078552 41
1717334550213 0.3669428527355194 42
1717334551529 0.3672885298728943 43
1717334552794 0.3681403398513794 44
1717334554066 0.3697240650653839 45
1717334555319 0.37011438608169556 46
1717334556606 0.3707519769668579 47
1717334557857 0.3717063069343567 48
1717334559146 0.3744308650493622 49
1717334560703 0.3738214373588562 50
1717334562144 0.3756684958934784 51
1717334563507 0.37553849816322327 52
1717334564807 0.3766760230064392 53
1717334566078 0.3793039917945862 54
1717334567356 0.3796750605106354 55
1717334568616 0.3806370794773102 56
1717334569905 0.3828743100166321 57
1717334571152 0.3828185498714447 58
1717334572377 0.3851432800292969 59
1717334573619 0.3881775140762329 60
1717334574926 0.3899219334125519 61
1717334576170 0.390296995639801 62
1717334577423 0.3918284773826599 63
1717334578692 0.392555296421051 64
1717334579936 0.3939162492752075 65
1717334581150 0.39376920461654663 66
1717334582382 0.39523857831954956 67
1717334583626 0.3953550159931183 68
1717334584860 0.3962972164154053 69
1717334586092 0.39665618538856506 70
1717334587403 0.39736559987068176 71
1717334588662 0.3978244364261627 72
1717334589906 0.3983999490737915 73
1717334591183 0.398578941822052 74
1717334592437 0.39898431301116943 75
1717334593651 0.3987928032875061 76
1717334594899 0.3990408182144165 77
1717334596145 0.39975932240486145 78
1717334597393 0.40003013610839844 79
1717334598640 0.39969387650489807 80
1717334599884 0.40060439705848694 81
1717334601114 0.40026283264160156 82
1717334602375 0.4003092646598816 83
1717334603610 0.392525315284729 84
1717334604827 0.40002745389938354 85
1717334606082 0.4003322124481201 86
1717334607300 0.40073496103286743 87
1717334608544 0.4007960259914398 88
1717334609801 0.40137070417404175 89
1717334611054 0.40135806798934937 90
1717334612285 0.4014228880405426 91
1717334613513 0.40168553590774536 92
1717334614765 0.40163636207580566 93
1717334616021 0.401867538690567 94
1717334617270 0.4020901620388031 95
1717334618527 0.4020186960697174 96
1717334619777 0.40232664346694946 97
1717334621183 0.40228748321533203 98
1717334622825 0.4026215076446533 99
