1717533058071 0.9361434450389865 1
1717533066080 0.9361434450389865 2
1717533073894 0.9361434450389865 3
1717533081943 0.9361434450389865 4
1717533089762 0.9361434450389865 5
1717533097809 0.9361434450389865 6
1717533105950 0.9361434450389865 7
1717533113641 0.9361434450389865 8
1717533121513 0.9361434450389865 9
1717533129362 0.9361434450389865 10
1717533137196 0.9361434450389865 11
1717533144871 0.9361434450389865 12
1717533152759 0.9361434450389865 13
1717533160715 0.9361434450389865 14
1717533168458 0.9361434450389865 15
1717533176441 0.9361434450389865 16
1717533184611 0.9361434450389865 17
1717533192796 0.9361434450389865 18
1717533200948 0.9361434450389865 19
1717533208755 0.9361434450389865 20
1717533216607 0.9361434450389865 21
1717533224487 0.9361434450389865 22
1717533232341 0.9361434450389865 23
1717533240241 0.9361434450389865 24
1717533248224 0.9361434450389865 25
1717533256103 0.9361434450389865 26
1717533263987 0.9361434450389865 27
1717533271728 0.9361434450389865 28
1717533279661 0.9361434450389865 29
1717533287534 0.9361434450389865 30
1717533295405 0.9361434450389865 31
1717533303422 0.9361434450389865 32
1717533311344 0.9361434450389865 33
1717533319213 0.9361434450389865 34
1717533327072 0.9361434450389865 35
1717533334957 0.9361434450389865 36
1717533342760 0.9361434450389865 37
1717533350543 0.9361434450389865 38
1717533357964 0.9361434450389865 39
1717533365963 0.9361434450389865 40
1717533373695 0.9361434450389865 41
1717533381564 0.9361434450389865 42
1717533389276 0.9361434450389865 43
1717533397023 0.9361434450389865 44
1717533404682 0.9361434450389865 45
1717533412767 0.9361434450389865 46
1717533420494 0.9361434450389865 47
1717533428331 0.9361434450389865 48
1717533436219 0.9361434450389865 49
1717533443904 0.9361434450389865 50
1717533451838 0.9361434450389865 51
1717533459692 0.9361434450389865 52
1717533467663 0.9361434450389865 53
1717533475766 0.9361434450389865 54
1717533483807 0.9361434450389865 55
1717533491691 0.9361434450389865 56
1717533499625 0.9361434450389865 57
1717533507321 0.9361434450389865 58
1717533515349 0.9361434450389865 59
1717533523179 0.9361434450389865 60
1717533531147 0.9361434450389865 61
1717533538946 0.9361434450389865 62
1717533546820 0.9361434450389865 63
1717533554783 0.9361434450389865 64
1717533562576 0.9361434450389865 65
1717533570676 0.9361434450389865 66
1717533578434 0.9361434450389865 67
1717533586386 0.9361434450389865 68
1717533594474 0.9361434450389865 69
1717533602519 0.9361434450389865 70
1717533610557 0.9361434450389865 71
1717533618442 0.9361434450389865 72
1717533626063 0.9361434450389865 73
1717533634104 0.9361434450389865 74
1717533642166 0.9361434450389865 75
1717533650209 0.9361434450389865 76
1717533658075 0.9361434450389865 77
1717533666107 0.9361434450389865 78
1717533673993 0.9361434450389865 79
1717533681863 0.9361434450389865 80
1717533689757 0.9361434450389865 81
1717533697532 0.9361434450389865 82
1717533705508 0.9361434450389865 83
1717533713464 0.9361434450389865 84
1717533721203 0.9361434450389865 85
1717533729113 0.9361434450389865 86
1717533737001 0.9361434450389865 87
1717533745164 0.9361434450389865 88
1717533753146 0.9361434450389865 89
1717533761211 0.9361434450389865 90
1717533769398 0.9361434450389865 91
1717533777094 0.9361434450389865 92
1717533784910 0.9361434450389865 93
1717533793000 0.9361434450389865 94
1717533800871 0.9361434450389865 95
1717533808580 0.9361434450389865 96
1717533816327 0.9361434450389865 97
1717533824092 0.9361434450389865 98
1717533831934 0.9361434450389865 99
