1717533058071 100.32421875 1
1717533066080 100.32421875 2
1717533073894 100.32421875 3
1717533081943 100.32421875 4
1717533089762 100.32421875 5
1717533097809 100.32421875 6
1717533105950 100.32421875 7
1717533113641 100.32421875 8
1717533121513 100.32421875 9
1717533129362 100.32421875 10
1717533137196 100.32421875 11
1717533144871 100.32421875 12
1717533152759 100.32421875 13
1717533160715 100.32421875 14
1717533168458 100.32421875 15
1717533176441 100.32421875 16
1717533184611 100.32421875 17
1717533192796 100.32421875 18
1717533200948 100.32421875 19
1717533208755 100.32421875 20
1717533216607 100.32421875 21
1717533224487 100.32421875 22
1717533232341 100.32421875 23
1717533240241 100.32421875 24
1717533248224 100.32421875 25
1717533256103 100.32421875 26
1717533263987 100.32421875 27
1717533271728 100.32421875 28
1717533279661 100.32421875 29
1717533287534 100.32421875 30
1717533295405 100.32421875 31
1717533303422 100.32421875 32
1717533311344 100.32421875 33
1717533319213 100.32421875 34
1717533327072 100.32421875 35
1717533334957 100.32421875 36
1717533342760 100.32421875 37
1717533350543 100.32421875 38
1717533357964 100.32421875 39
1717533365963 100.32421875 40
1717533373695 100.32421875 41
1717533381564 100.32421875 42
1717533389276 100.32421875 43
1717533397023 100.32421875 44
1717533404682 100.32421875 45
1717533412767 100.32421875 46
1717533420494 100.32421875 47
1717533428331 100.32421875 48
1717533436219 100.32421875 49
1717533443904 100.32421875 50
1717533451838 100.32421875 51
1717533459692 100.32421875 52
1717533467663 100.32421875 53
1717533475766 100.32421875 54
1717533483807 100.32421875 55
1717533491691 100.32421875 56
1717533499625 100.32421875 57
1717533507321 100.32421875 58
1717533515349 100.32421875 59
1717533523179 100.32421875 60
1717533531147 100.32421875 61
1717533538946 100.32421875 62
1717533546820 100.32421875 63
1717533554783 100.32421875 64
1717533562576 100.32421875 65
1717533570676 100.32421875 66
1717533578434 100.32421875 67
1717533586386 100.32421875 68
1717533594474 100.32421875 69
1717533602519 100.32421875 70
1717533610557 100.32421875 71
1717533618442 100.32421875 72
1717533626063 100.32421875 73
1717533634104 100.32421875 74
1717533642166 100.32421875 75
1717533650209 100.32421875 76
1717533658075 100.32421875 77
1717533666107 100.32421875 78
1717533673993 100.32421875 79
1717533681863 100.32421875 80
1717533689757 100.32421875 81
1717533697532 100.32421875 82
1717533705508 100.32421875 83
1717533713464 100.32421875 84
1717533721203 100.32421875 85
1717533729113 100.32421875 86
1717533737001 100.32421875 87
1717533745164 100.32421875 88
1717533753146 100.32421875 89
1717533761211 100.32421875 90
1717533769398 100.32421875 91
1717533777094 100.32421875 92
1717533784910 100.32421875 93
1717533793000 100.32421875 94
1717533800871 100.32421875 95
1717533808580 100.32421875 96
1717533816327 100.32421875 97
1717533824092 100.32421875 98
1717533831934 100.32421875 99
