1717240101955 1.6468374729156494 1
1717240103982 1.3762481212615967 2
1717240106019 1.2588720321655273 3
1717240108019 1.163339614868164 4
1717240110003 1.1027605533599854 5
1717240111985 1.0750113725662231 6
1717240113983 1.0435980558395386 7
1717240115996 1.021621584892273 8
1717240117989 1.0052534341812134 9
1717240120074 1.002604603767395 10
1717240122113 0.9978736042976379 11
1717240124116 0.9842398762702942 12
1717240126104 0.9569694399833679 13
1717240128149 0.9356027841567993 14
1717240130165 0.9154145121574402 15
1717240132210 0.9011293649673462 16
1717240134198 0.8822060823440552 17
1717240136219 0.868124783039093 18
1717240138217 0.851132869720459 19
1717240140243 0.8228095769882202 20
1717240142293 0.7831117510795593 21
1717240144310 0.7367737293243408 22
1717240146359 0.691922664642334 23
1717240148370 0.6534284949302673 24
1717240150400 0.6258598566055298 25
1717240152398 0.6114252805709839 26
1717240154409 0.6024834513664246 27
1717240156404 0.5981720089912415 28
1717240158417 0.576920211315155 29
1717240160418 0.5628571510314941 30
1717240163065 0.5408713221549988 31
1717240165176 0.5251410007476807 32
1717240167232 0.5045572519302368 33
1717240169234 0.49981293082237244 34
1717240171259 0.4898141324520111 35
1717240173355 0.5031577348709106 36
1717240175439 0.47890597581863403 37
1717240177489 0.4631164073944092 38
1717240179496 0.4418517053127289 39
1717240181567 0.4445922374725342 40
1717240183604 0.40171852707862854 41
1717240185639 0.3772394061088562 42
1717240187696 0.366424560546875 43
1717240189772 0.3505415916442871 44
1717240191830 0.42933759093284607 45
1717240193848 0.39761295914649963 46
1717240195934 0.36145853996276855 47
1717240197980 0.361969530582428 48
1717240199996 0.3597760796546936 49
1717240202012 0.35865747928619385 50
1717240204102 0.33360761404037476 51
1717240206178 0.34712716937065125 52
1717240208240 0.32192641496658325 53
1717240210503 0.3497658371925354 54
1717240212536 0.3404531180858612 55
1717240214582 0.3215278685092926 56
1717240216629 0.3067212700843811 57
1717240218670 0.29974254965782166 58
1717240220711 0.2992714047431946 59
1717240222748 0.2782827317714691 60
1717240224792 0.29052942991256714 61
1717240226828 0.2698229253292084 62
1717240228870 0.2663409411907196 63
1717240230915 0.2821749746799469 64
1717240232966 0.2911406457424164 65
1717240235005 0.30699634552001953 66
1717240237097 0.31484395265579224 67
1717240239138 0.3157552182674408 68
1717240241173 0.29590028524398804 69
1717240243220 0.25176700949668884 70
1717240245274 0.23496751487255096 71
1717240247420 0.21885034441947937 72
1717240249493 0.21420082449913025 73
1717240251528 0.2218298614025116 74
1717240253621 0.22169451415538788 75
1717240255672 0.21197786927223206 76
1717240257734 0.20793871581554413 77
1717240259841 0.1980215609073639 78
1717240261902 0.194161519408226 79
1717240263937 0.1935070902109146 80
1717240266031 0.18194665014743805 81
1717240268075 0.17379601299762726 82
1717240270130 0.1688164919614792 83
1717240272160 0.16559730470180511 84
1717240274219 0.16630585491657257 85
1717240276255 0.16609075665473938 86
1717240278284 0.15685370564460754 87
1717240280586 0.152614027261734 88
1717240282841 0.15639975666999817 89
1717240285065 0.15415474772453308 90
1717240287276 0.17420315742492676 91
1717240289522 0.212706059217453 92
1717240291733 0.22402255237102509 93
1717240293966 0.19793254137039185 94
1717240296219 0.17500647902488708 95
1717240298648 0.16619502007961273 96
1717240301170 0.1618315875530243 97
1717240303391 0.15444639325141907 98
1717240305623 0.1392143815755844 99
