1717240101955 50274.0 1
1717240103982 52954.0 2
1717240106019 53266.0 3
1717240108019 52559.0 4
1717240110003 51859.0 5
1717240111985 51802.0 6
1717240113983 51592.0 7
1717240115996 51607.0 8
1717240117989 51811.0 9
1717240120074 51772.0 10
1717240122113 51197.0 11
1717240124116 51672.0 12
1717240126104 52045.0 13
1717240128149 51080.0 14
1717240130165 50493.0 15
1717240132210 50766.0 16
1717240134198 49846.0 17
1717240136219 49812.0 18
1717240138217 48718.0 19
1717240140243 48156.0 20
1717240142293 46362.0 21
1717240144310 44036.0 22
1717240146359 43720.0 23
1717240148370 43266.0 24
1717240150400 43291.0 25
1717240152398 43498.0 26
1717240154409 43700.0 27
1717240156404 43959.0 28
1717240158417 42974.0 29
1717240160418 43919.0 30
1717240163065 43865.0 31
1717240165176 43295.0 32
1717240167232 44254.0 33
1717240169234 44662.0 34
1717240171259 44468.0 35
1717240173355 44432.0 36
1717240175439 44681.0 37
1717240177489 44485.0 38
1717240179496 45092.0 39
1717240181567 45017.0 40
1717240183604 45716.0 41
1717240185639 45848.0 42
1717240187696 45953.0 43
1717240189772 46429.0 44
1717240191830 44818.0 45
1717240193848 46266.0 46
1717240195934 46272.0 47
1717240197980 46353.0 48
1717240199996 45890.0 49
1717240202012 46115.0 50
1717240204102 46579.0 51
1717240206178 46304.0 52
1717240208240 46575.0 53
1717240210503 46236.0 54
1717240212536 46591.0 55
1717240214582 46082.0 56
1717240216629 46789.0 57
1717240218670 46847.0 58
1717240220711 46642.0 59
1717240222748 46938.0 60
1717240224792 46854.0 61
1717240226828 46990.0 62
1717240228870 46981.0 63
1717240230915 47178.0 64
1717240232966 47065.0 65
1717240235005 46435.0 66
1717240237097 46924.0 67
1717240239138 46494.0 68
1717240241173 47359.0 69
1717240243220 47362.0 70
1717240245274 47271.0 71
1717240247420 47192.0 72
1717240249493 47362.0 73
1717240251528 47497.0 74
1717240253621 47425.0 75
1717240255672 47459.0 76
1717240257734 47630.0 77
1717240259841 47776.0 78
1717240261902 47488.0 79
1717240263937 47508.0 80
1717240266031 47847.0 81
1717240268075 47957.0 82
1717240270130 47941.0 83
1717240272160 47894.0 84
1717240274219 47828.0 85
1717240276255 47861.0 86
1717240278284 48056.0 87
1717240280586 47946.0 88
1717240282841 48005.0 89
1717240285065 47836.0 90
1717240287276 48031.0 91
1717240289522 48235.0 92
1717240291733 47766.0 93
1717240293966 47720.0 94
1717240296219 47716.0 95
1717240298648 47970.0 96
1717240301170 48040.0 97
1717240303391 48061.0 98
1717240305623 48117.0 99
