1717632101830 25966.0 1
1717632102465 25966.0 2
1717632103061 25966.0 3
1717632103681 25966.0 4
1717632104357 25966.0 5
1717632105010 25966.0 6
1717632105720 25966.0 7
1717632106389 25966.0 8
1717632107116 25966.0 9
1717632107724 25966.0 10
1717632108363 25966.0 11
1717632109019 25966.0 12
1717632109637 25966.0 13
1717632110277 25966.0 14
1717632110919 25966.0 15
1717632111611 25966.0 16
1717632112308 25966.0 17
1717632112924 25966.0 18
1717632113540 25966.0 19
1717632114229 25966.0 20
1717632114979 25966.0 21
1717632115645 25966.0 22
1717632116319 25966.0 23
1717632116950 25966.0 24
1717632117627 25966.0 25
1717632118332 25966.0 26
1717632119032 25966.0 27
1717632119748 25966.0 28
1717632120458 25966.0 29
1717632121136 25966.0 30
1717632121784 25966.0 31
1717632122537 25966.0 32
1717632123219 25966.0 33
1717632123925 25966.0 34
1717632124605 25966.0 35
1717632125321 25966.0 36
1717632126010 25966.0 37
1717632126677 25966.0 38
1717632127320 25966.0 39
1717632127950 25966.0 40
1717632128670 25966.0 41
1717632129422 25966.0 42
1717632130169 25966.0 43
1717632130862 25966.0 44
1717632131549 25966.0 45
1717632132262 25966.0 46
1717632132897 25966.0 47
1717632133511 25966.0 48
1717632134143 25966.0 49
1717632134797 25966.0 50
1717632135438 25966.0 51
1717632136069 25966.0 52
1717632136689 25966.0 53
1717632137301 25966.0 54
1717632137890 25966.0 55
1717632138535 25966.0 56
1717632139252 25966.0 57
1717632139996 25966.0 58
1717632140732 25966.0 59
1717632141438 25966.0 60
1717632142115 25966.0 61
1717632142774 25966.0 62
1717632143486 25966.0 63
1717632144169 25966.0 64
1717632144861 25966.0 65
1717632145609 25966.0 66
1717632146269 25966.0 67
1717632146920 25966.0 68
1717632147545 25966.0 69
1717632148214 25966.0 70
1717632148858 25966.0 71
1717632149554 25966.0 72
1717632150234 25966.0 73
1717632150916 25966.0 74
1717632151628 25966.0 75
1717632152247 25966.0 76
1717632152890 25966.0 77
1717632153547 25966.0 78
1717632154164 25966.0 79
1717632154828 25966.0 80
1717632155468 25966.0 81
1717632156131 25966.0 82
1717632156742 25966.0 83
1717632157541 25966.0 84
1717632158224 25966.0 85
1717632158903 25966.0 86
1717632159613 25966.0 87
1717632160220 25966.0 88
1717632160946 25966.0 89
1717632161689 25966.0 90
1717632162363 25966.0 91
1717632163121 25966.0 92
1717632163859 25966.0 93
1717632164598 25966.0 94
1717632165420 25966.0 95
1717632166195 25966.0 96
1717632166970 25966.0 97
1717632167582 25966.0 98
1717632168351 25966.0 99
