1717632101830 0.6981123004380402 1
1717632102465 0.7842205187945732 2
1717632103061 0.8397457078273731 3
1717632103681 0.8545222028087355 4
1717632104357 0.8581128969328707 5
1717632105010 0.8695108783211796 6
1717632105720 0.8850833547017203 7
1717632106389 0.8899879108584016 8
1717632107116 0.8946531923186161 9
1717632107724 0.8985303536455304 10
1717632108363 0.8978779645896465 11
1717632109019 0.8978962282766288 12
1717632109637 0.8990470821223696 13
1717632110277 0.9035193289181247 14
1717632110919 0.9010884960974198 15
1717632111611 0.9045744399941482 16
1717632112308 0.9051671656432289 17
1717632112924 0.9024040389833944 18
1717632113540 0.9047707104224118 19
1717632114229 0.905810786675089 20
1717632114979 0.9050564276215883 21
1717632115645 0.9031819498223197 22
1717632116319 0.9043133070023585 23
1717632116950 0.9046930251400307 24
1717632117627 0.9036496609447452 25
1717632118332 0.9015135557395663 26
1717632119032 0.908223415917303 27
1717632119748 0.903811856540921 28
1717632120458 0.9059271019708672 29
1717632121136 0.9072901486179804 30
1717632121784 0.9038219636044235 31
1717632122537 0.903988286031086 32
1717632123219 0.9074739135598737 33
1717632123925 0.9072746497075462 34
1717632124605 0.9044805322575018 35
1717632125321 0.9017297036468647 36
1717632126010 0.9054415025735804 37
1717632126677 0.9108050965763806 38
1717632127320 0.9088047985585291 39
1717632127950 0.9093590314081864 40
1717632128670 0.9083433307726624 41
1717632129422 0.9124280950170267 42
1717632130169 0.9133479557699525 43
1717632130862 0.9136506312014083 44
1717632131549 0.9121143525622603 45
1717632132262 0.9127699760327156 46
1717632132897 0.9121062787146608 47
1717632133511 0.9115846542915834 48
1717632134143 0.91307808089596 49
1717632134797 0.9143155134377438 50
1717632135438 0.914819547043369 51
1717632136069 0.9157683970971755 52
1717632136689 0.9133260548911978 53
1717632137301 0.9135491561374608 54
1717632137890 0.9165394335781067 55
1717632138535 0.916345429823952 56
1717632139252 0.913494974636244 57
1717632139996 0.9160814921321867 58
1717632140732 0.9154932036317975 59
1717632141438 0.9142621841546575 60
1717632142115 0.9179084061421117 61
1717632142774 0.91495963133599 62
1717632143486 0.9173862005109935 63
1717632144169 0.9169329136136073 64
1717632144861 0.9147939894284004 65
1717632145609 0.9167592283639256 66
1717632146269 0.9142239986480881 67
1717632146920 0.9155142674068973 68
1717632147545 0.9167014061163172 69
1717632148214 0.9188687904005283 70
1717632148858 0.9179801284998474 71
1717632149554 0.9190088030228234 72
1717632150234 0.9168637465256188 73
1717632150916 0.9204387026554294 74
1717632151628 0.917883965057266 75
1717632152247 0.9182283241606758 76
1717632152890 0.9157500623420827 77
1717632153547 0.916593721923911 78
1717632154164 0.9162279178566092 79
1717632154828 0.9144697097734547 80
1717632155468 0.9148201684763694 81
1717632156131 0.9147566583499994 82
1717632156742 0.9171576845474796 83
1717632157541 0.9190956717079762 84
1717632158224 0.9193581344929344 85
1717632158903 0.9207802285338212 86
1717632159613 0.9208845612245354 87
1717632160220 0.9199671215184996 88
1717632160946 0.9203278237710871 89
1717632161689 0.9215340361202962 90
1717632162363 0.9244735659726162 91
1717632163121 0.921607514434507 92
1717632163859 0.9216302495201377 93
1717632164598 0.9231135681236858 94
1717632165420 0.9217779863739729 95
1717632166195 0.923754272223692 96
1717632166970 0.9244677005221918 97
1717632167582 0.9247820411743249 98
1717632168351 0.9248312173236081 99
