1717266766281 850782.0 1
1717266788933 811872.0 2
1717266811515 796064.0 3
1717266834912 787967.0 4
1717266857923 783481.0 5
1717266879889 779529.0 6
1717266902795 778466.0 7
1717266925722 777126.0 8
1717266948229 774410.0 9
1717266970718 773098.0 10
1717266992684 771754.0 11
1717267014835 770510.0 12
1717267036294 768245.0 13
1717267058252 767050.0 14
1717267080420 767932.0 15
1717267101606 765712.0 16
1717267124347 765329.0 17
1717267147119 764275.0 18
1717267169659 764385.0 19
1717267191181 763699.0 20
1717267214363 762762.0 21
1717267236648 763795.0 22
1717267258770 761971.0 23
1717267280123 761327.0 24
1717267302088 760531.0 25
1717267324561 760728.0 26
1717267348376 759943.0 27
1717267370414 759609.0 28
1717267392482 758648.0 29
1717267414531 758799.0 30
1717267436894 759023.0 31
1717267459824 758387.0 32
1717267481620 757847.0 33
1717267504744 757965.0 34
1717267527127 757464.0 35
1717267549779 757403.0 36
1717267572086 757399.0 37
1717267594776 756378.0 38
1717267616170 757037.0 39
1717267638481 756168.0 40
1717267661097 756291.0 41
1717267682799 755990.0 42
1717267704454 756539.0 43
1717267726482 756075.0 44
1717267748460 755907.0 45
1717267770210 756267.0 46
1717267792475 755725.0 47
1717267813573 755427.0 48
1717267836260 755987.0 49
1717267858007 755790.0 50
1717267880234 755845.0 51
1717267902121 755655.0 52
1717267923409 755491.0 53
1717267945468 755707.0 54
1717267968544 755656.0 55
1717267991021 755115.0 56
1717268012850 756025.0 57
1717268035132 755436.0 58
1717268056784 755475.0 59
1717268078442 755384.0 60
1717268101504 755635.0 61
1717268123123 755338.0 62
1717268144308 755352.0 63
1717268165753 755787.0 64
1717268187461 754915.0 65
1717268208677 754834.0 66
1717268230727 755726.0 67
1717268251910 755166.0 68
1717268272765 754906.0 69
1717268293674 755331.0 70
1717268314329 755217.0 71
1717268335809 755281.0 72
1717268357472 754522.0 73
1717268378990 755258.0 74
1717268399930 755182.0 75
1717268420900 755079.0 76
1717268441638 754887.0 77
1717268464213 755727.0 78
1717268485821 755038.0 79
1717268506526 754990.0 80
1717268527555 754874.0 81
1717268548364 754686.0 82
1717268569295 754598.0 83
1717268590834 754781.0 84
1717268612072 754869.0 85
1717268633922 753941.0 86
1717268655639 754094.0 87
1717268676647 754355.0 88
1717268697886 754491.0 89
1717268720356 754317.0 90
1717268741905 753819.0 91
1717268763511 754968.0 92
1717268784502 754384.0 93
1717268805767 754268.0 94
1717268826421 754077.0 95
1717268850365 753973.0 96
1717268872123 753799.0 97
1717268893448 754077.0 98
1717268914462 753997.0 99
