1717360394610 0.9290931431552167 1
1717360398730 0.9577736860488175 2
1717360402845 0.9675627504150438 3
1717360407003 0.9750934656192101 4
1717360411144 0.977443066708947 5
1717360415290 0.979337854932841 6
1717360419438 0.9799680724897405 7
1717360423581 0.9808390378021261 8
1717360427658 0.9814684331074127 9
1717360431792 0.9818377634081534 10
1717360435907 0.9824382183902863 11
1717360440155 0.9831407703846596 12
1717360444362 0.9834912224917536 13
1717360448462 0.9837956979230551 14
1717360452692 0.9841768467631408 15
1717360456820 0.9843003878193135 16
1717360461085 0.9844599031872263 17
1717360465271 0.9845826008316695 18
1717360469489 0.9846269542520941 19
1717360473627 0.9847750351694541 20
1717360477782 0.9849399589130621 21
1717360481955 0.9848784407564417 22
1717360486118 0.9850760535407185 23
1717360490298 0.9851380936983404 24
1717360494504 0.9851040528790035 25
1717360498655 0.9851570743126411 26
1717360502894 0.9852150839406193 27
1717360507042 0.9852400061683603 28
1717360511304 0.9852730648538763 29
1717360592429 0.9853234575945355 30
1717360596527 0.9853244225788131 31
1717360602190 0.9853777333657846 32
1717360606605 0.9854454034400438 33
1717361115938 0.9855555292095379 34
1717361120537 0.9855277812959223 35
1717363163367 0.9856493188761747 36
1717364430915 0.985646386248935 37
1717365439101 0.9856886767014328 38
1717366353379 0.985734542122046 39
1717367772004 0.9858491310044832 40
1717368042951 0.9859681686959504 41
1717368049137 0.985926821423897 42
1717369066039 0.9859292397099577 43
1717369972197 0.9860187974550717 44
1717371428843 0.9860384125170043 45
1717371433745 0.9860590977512166 46
1717372437218 0.9861204972377724 47
1717373471089 0.9861602280778231 48
1717374549252 0.9861726322491734 49
1717375523188 0.9862520426750928 50
1717377538856 0.986323683146646 51
1717377542995 0.986261813406388 52
1717378622094 0.9862235064816767 53
1717379698132 0.986366324740815 54
1717381757487 0.9862835188096098 55
1717381762222 0.9863997335232437 56
1717383660384 0.98646425284211 57
1717383664753 0.9864758401598812 58
1717383977778 0.9865507332305526 59
1717385002386 0.9865209295617147 60
1717385487976 0.9866633460792673 61
1717385492199 0.9866620887209921 62
1717385496504 0.9865784555809604 63
1717385500830 0.9866996381451588 64
1717385505107 0.9867444571654599 65
1717385509356 0.9866340872351048 66
1717386422359 0.9867331183740095 67
1717387263424 0.9868136790008347 68
1717387267752 0.9867859994537036 69
1717387272071 0.9868348234623847 70
1717389381947 0.9867799839410945 71
1717389386330 0.9869256968982881 72
1717390319594 0.9868659919506684 73
1717391397739 0.986923009505207 74
1717391504538 0.9869133433114129 75
1717391508736 0.9869308799145281 76
1717392566099 0.9869486365692274 77
1717393213840 0.9869763874722668 78
1717393218062 0.9870213324394066 79
1717394178834 0.9870546904097433 80
1717394523938 0.9870198747547502 81
1717395323371 0.9871044235014261 82
1717395327817 0.9872120823365859 83
1717395332189 0.9872371254954775 84
1717396062873 0.9873815498640494 85
1717396955093 0.9872758661873473 86
1717396959679 0.9872854215153952 87
1717397627178 0.9874286594666578 88
1717398182276 0.9873652708718499 89
1717398186507 0.9872223225238858 90
1717399127463 0.9874242468482992 91
1717400129230 0.9875907480512274 92
1717401205030 0.9874256519405618 93
1717401843873 0.9874395096744087 94
1717402838275 0.9876443423513259 95
1717403870286 0.9875746230171273 96
1717404916224 0.9876585250417136 97
1717405504277 0.9876324368010027 98
1717406580782 0.9876666588106374 99
