1717360394610 143327.0 1
1717360398730 143327.0 2
1717360402845 143327.0 3
1717360407003 143327.0 4
1717360411144 143327.0 5
1717360415290 143327.0 6
1717360419438 143327.0 7
1717360423581 143327.0 8
1717360427658 143327.0 9
1717360431792 143327.0 10
1717360435907 143327.0 11
1717360440155 143327.0 12
1717360444362 143327.0 13
1717360448462 143327.0 14
1717360452692 143327.0 15
1717360456820 143327.0 16
1717360461085 143327.0 17
1717360465271 143327.0 18
1717360469489 143327.0 19
1717360473627 143327.0 20
1717360477782 143327.0 21
1717360481955 143327.0 22
1717360486118 143327.0 23
1717360490298 143327.0 24
1717360494504 143327.0 25
1717360498655 143327.0 26
1717360502894 143327.0 27
1717360507042 143327.0 28
1717360511304 143327.0 29
1717360592429 143327.0 30
1717360596527 143327.0 31
1717360602190 143327.0 32
1717360606605 143327.0 33
1717361115938 143327.0 34
1717361120537 143327.0 35
1717363163367 143327.0 36
1717364430915 143327.0 37
1717365439101 143327.0 38
1717366353379 143327.0 39
1717367772004 143327.0 40
1717368042951 143327.0 41
1717368049137 143327.0 42
1717369066039 143327.0 43
1717369972197 143327.0 44
1717371428843 143327.0 45
1717371433745 143327.0 46
1717372437218 143327.0 47
1717373471089 143327.0 48
1717374549252 143327.0 49
1717375523188 143327.0 50
1717377538856 143327.0 51
1717377542995 143327.0 52
1717378622094 143327.0 53
1717379698132 143327.0 54
1717381757487 143327.0 55
1717381762222 143327.0 56
1717383660384 143327.0 57
1717383664753 143327.0 58
1717383977778 143327.0 59
1717385002386 143327.0 60
1717385487976 143327.0 61
1717385492199 143327.0 62
1717385496504 143327.0 63
1717385500830 143327.0 64
1717385505107 143327.0 65
1717385509356 143327.0 66
1717386422359 143327.0 67
1717387263424 143327.0 68
1717387267752 143327.0 69
1717387272071 143327.0 70
1717389381947 143327.0 71
1717389386330 143327.0 72
1717390319594 143327.0 73
1717391397739 143327.0 74
1717391504538 143327.0 75
1717391508736 143327.0 76
1717392566099 143327.0 77
1717393213840 143327.0 78
1717393218062 143327.0 79
1717394178834 143327.0 80
1717394523938 143327.0 81
1717395323371 143327.0 82
1717395327817 143327.0 83
1717395332189 143327.0 84
1717396062873 143327.0 85
1717396955093 143327.0 86
1717396959679 143327.0 87
1717397627178 143327.0 88
1717398182276 143327.0 89
1717398186507 143327.0 90
1717399127463 143327.0 91
1717400129230 143327.0 92
1717401205030 143327.0 93
1717401843873 143327.0 94
1717402838275 143327.0 95
1717403870286 143327.0 96
1717404916224 143327.0 97
1717405504277 143327.0 98
1717406580782 143327.0 99
