1717332281034 0.7303610343083146 1
1717332282257 0.8687346497315718 2
1717332283379 0.8914370176923798 3
1717332284418 0.8988415056078188 4
1717332285491 0.9217917626492604 5
1717332286420 0.9391140309219115 6
1717332287440 0.9551804042446329 7
1717332288467 0.9641630952617224 8
1717332289356 0.961212828759486 9
1717332290267 0.9589992810285249 10
1717332291236 0.9661246308255506 11
1717332292177 0.9686628317502868 12
1717332293228 0.9688962921669269 13
1717332294147 0.9753243499402846 14
1717332295064 0.9806018287099908 15
1717332296039 0.9833963759828253 16
1717332296987 0.9882732884004818 17
1717332297942 0.9890136982491544 18
1717332298955 0.9877193075697895 19
1717332299892 0.9925587365191254 20
1717332300878 0.9941957465130984 21
1717332301776 0.9944718481192343 22
1717332302666 0.9949093541535037 23
1717332303611 0.9950683076608715 24
1717332304546 0.9948874395268761 25
1717332305461 0.994999126151656 26
1717332306417 0.9951217557601124 27
1717332307465 0.9944621597514195 28
1717332308364 0.9942425792443236 29
1717332309314 0.9939223037365903 30
1717332310248 0.9942435155398426 31
1717332311203 0.9943012301749095 32
1717332312158 0.9945633607157633 33
1717332313032 0.9937309477212597 34
1717332314149 0.992766694356918 35
1717332315362 0.9936958232896214 36
1717332316325 0.9932561985116674 37
1717332317386 0.9936717807555224 38
1717332318393 0.9942988781578442 39
1717332319325 0.9934110461219582 40
1717332320190 0.9930737349700672 41
1717332321105 0.9916511894848437 42
1717332322054 0.992577182961298 43
1717332322977 0.9933302881734745 44
1717332324037 0.9909448927870546 45
1717332324997 0.9896319985696928 46
1717332325895 0.989874691669146 47
1717332326933 0.9878472828477864 48
1717332327958 0.989464834859987 49
1717332328931 0.987767658215607 50
1717332329975 0.989245764460229 51
1717332330923 0.9868597684570755 52
1717332331852 0.987479445537259 53
1717332332786 0.9873467135914795 54
1717332333685 0.9865495697155345 55
1717332334654 0.9858656193729437 56
1717332335629 0.9907578016735772 57
1717332336538 0.9826387693179107 58
1717332337500 0.9841888212633703 59
1717332338450 0.9834309653646752 60
1717332339373 0.9843339509023971 61
1717332340375 0.9857211539539323 62
1717332341349 0.9822180889254764 63
1717332342324 0.9814733504318748 64
1717332343329 0.9810867754168402 65
1717332344247 0.9822636860540028 66
1717332345206 0.9811514499031322 67
1717332346147 0.9783631543037908 68
1717332347331 0.9785458677244027 69
1717332348504 0.9781011829593421 70
1717332349613 0.9776118483105399 71
1717332350491 0.9762877510037661 72
1717332351410 0.9769753044812517 73
1717332352287 0.9762272888545672 74
1717332353248 0.9773983590597407 75
1717332354209 0.977967801476196 76
1717332355099 0.9803862250221035 77
1717332355993 0.9783180478885309 78
1717332356859 0.9748573668442742 79
1717332357811 0.9751577039367966 80
1717332358748 0.9737581567795741 81
1717332359666 0.9731792823925364 82
1717332360656 0.972730574473733 83
1717332361660 0.9714194644679058 84
1717332362860 0.96992397273407 85
1717332363920 0.9700967621575026 86
1717332364831 0.9684602570382854 87
1717332365742 0.9693290322101281 88
1717332366790 0.9697283460635014 89
1717332367727 0.9674596436974099 90
1717332368697 0.9693737463946183 91
1717332369600 0.961105950048103 92
1717332370619 0.9742274178504878 93
1717332371511 0.9650696858586764 94
1717332372433 0.9683887410937123 95
1717332373297 0.9711410689473439 96
1717332374198 0.9693102068811925 97
1717332375120 0.9706405007111706 98
1717332376033 0.9728089113194671 99
