1717332281034 0.976644684908701 1
1717332282257 0.9853538030579725 2
1717332283379 0.9875176847652956 3
1717332284418 0.9895183718536118 4
1717332285491 0.9927882989361816 5
1717332286420 0.9944017373183133 6
1717332287440 0.9958955565712567 7
1717332288467 0.9966909687504841 8
1717332289356 0.9965102450118595 9
1717332290267 0.9963300168586465 10
1717332291236 0.9970034657313426 11
1717332292177 0.9972756514954937 12
1717332293228 0.9973228278430634 13
1717332294147 0.9978690006189392 14
1717332295064 0.9983344329016237 15
1717332296039 0.9985729543838475 16
1717332296987 0.998988050653178 17
1717332297942 0.9990628526866114 18
1717332298955 0.9989304879812051 19
1717332299892 0.999376035367194 20
1717332300878 0.9995073219545881 21
1717332301776 0.9995404111456838 22
1717332302666 0.9995688702545259 23
1717332303611 0.9995807817596218 24
1717332304546 0.9995573652545713 25
1717332305461 0.9995710712075789 26
1717332306417 0.9995789867767325 27
1717332307465 0.9995157329218022 28
1717332308364 0.9995032064439913 29
1717332309314 0.9994666070075547 30
1717332310248 0.999505412605017 31
1717332311203 0.999509947766214 32
1717332312158 0.9995334809093006 33
1717332313032 0.9994609912516818 34
1717332314149 0.9993820283062886 35
1717332315362 0.999466219388427 36
1717332316325 0.9994110294940282 37
1717332317386 0.9994601324915432 38
1717332318393 0.999493176115352 39
1717332319325 0.9994073220682759 40
1717332320190 0.9994059203161743 41
1717332321105 0.9992422338957851 42
1717332322054 0.9993404960952327 43
1717332322977 0.9994299994184543 44
1717332324037 0.9991648090369217 45
1717332324997 0.9990602047502609 46
1717332325895 0.9991646683843577 47
1717332326933 0.9989059148296594 48
1717332327958 0.9991065045738667 49
1717332328931 0.9989187151802502 50
1717332329975 0.999080634417373 51
1717332330923 0.9988204856755708 52
1717332331852 0.9989148186452009 53
1717332332786 0.9988923821252342 54
1717332333685 0.9987887920304322 55
1717332334654 0.9987689069254018 56
1717332335629 0.9992080736277703 57
1717332336538 0.9984830493660616 58
1717332337500 0.9986157112109918 59
1717332338450 0.9985375202503222 60
1717332339373 0.9986058765728013 61
1717332340375 0.9987545527601667 62
1717332341349 0.9984377210103961 63
1717332342324 0.9984013501517545 64
1717332343329 0.9983826951370726 65
1717332344247 0.9984681724340394 66
1717332345206 0.9983832573179502 67
1717332346147 0.9981524864101292 68
1717332347331 0.9981723857694339 69
1717332348504 0.9981472747712845 70
1717332349613 0.9981143399254216 71
1717332350491 0.9980235668102904 72
1717332351410 0.9980738169470945 73
1717332352287 0.998004622225503 74
1717332353248 0.9981169611222951 75
1717332354209 0.9981410885689533 76
1717332355099 0.998331134757851 77
1717332355993 0.9981688906042784 78
1717332356859 0.9979124324287559 79
1717332357811 0.9979418924284708 80
1717332358748 0.9978476277892352 81
1717332359666 0.9978071530929266 82
1717332360656 0.9977652000334942 83
1717332361660 0.9976660216442286 84
1717332362860 0.9975433757446897 85
1717332363920 0.9975667031433343 86
1717332364831 0.9974427114605452 87
1717332365742 0.9975633779381662 88
1717332366790 0.9975480806486577 89
1717332367727 0.9973900470245375 90
1717332368697 0.9975407283918193 91
1717332369600 0.9969381321230035 92
1717332370619 0.9979364851350833 93
1717332371511 0.9972743048123142 94
1717332372433 0.9974952396998336 95
1717332373297 0.9977288339939336 96
1717332374198 0.9975598748707752 97
1717332375120 0.997719578751555 98
1717332376033 0.997805469869282 99
