1717332281034 329923.0 1
1717332282257 329923.0 2
1717332283379 329923.0 3
1717332284418 329923.0 4
1717332285491 329923.0 5
1717332286420 329923.0 6
1717332287440 329923.0 7
1717332288467 329923.0 8
1717332289356 329923.0 9
1717332290267 329923.0 10
1717332291236 329923.0 11
1717332292177 329923.0 12
1717332293228 329923.0 13
1717332294147 329923.0 14
1717332295064 329923.0 15
1717332296039 329923.0 16
1717332296987 329923.0 17
1717332297942 329923.0 18
1717332298955 329923.0 19
1717332299892 329923.0 20
1717332300878 329923.0 21
1717332301776 329923.0 22
1717332302666 329923.0 23
1717332303611 329923.0 24
1717332304546 329923.0 25
1717332305461 329923.0 26
1717332306417 329923.0 27
1717332307465 329923.0 28
1717332308364 329923.0 29
1717332309314 329923.0 30
1717332310248 329923.0 31
1717332311203 329923.0 32
1717332312158 329923.0 33
1717332313032 329923.0 34
1717332314149 329923.0 35
1717332315362 329923.0 36
1717332316325 329923.0 37
1717332317386 329923.0 38
1717332318393 329923.0 39
1717332319325 329923.0 40
1717332320190 329923.0 41
1717332321105 329923.0 42
1717332322054 329923.0 43
1717332322977 329923.0 44
1717332324037 329923.0 45
1717332324997 329923.0 46
1717332325895 329923.0 47
1717332326933 329923.0 48
1717332327958 329923.0 49
1717332328931 329923.0 50
1717332329975 329923.0 51
1717332330923 329923.0 52
1717332331852 329923.0 53
1717332332786 329923.0 54
1717332333685 329923.0 55
1717332334654 329923.0 56
1717332335629 329923.0 57
1717332336538 329923.0 58
1717332337500 329923.0 59
1717332338450 329923.0 60
1717332339373 329923.0 61
1717332340375 329923.0 62
1717332341349 329923.0 63
1717332342324 329923.0 64
1717332343329 329923.0 65
1717332344247 329923.0 66
1717332345206 329923.0 67
1717332346147 329923.0 68
1717332347331 329923.0 69
1717332348504 329923.0 70
1717332349613 329923.0 71
1717332350491 329923.0 72
1717332351410 329923.0 73
1717332352287 329923.0 74
1717332353248 329923.0 75
1717332354209 329923.0 76
1717332355099 329923.0 77
1717332355993 329923.0 78
1717332356859 329923.0 79
1717332357811 329923.0 80
1717332358748 329923.0 81
1717332359666 329923.0 82
1717332360656 329923.0 83
1717332361660 329923.0 84
1717332362860 329923.0 85
1717332363920 329923.0 86
1717332364831 329923.0 87
1717332365742 329923.0 88
1717332366790 329923.0 89
1717332367727 329923.0 90
1717332368697 329923.0 91
1717332369600 329923.0 92
1717332370619 329923.0 93
1717332371511 329923.0 94
1717332372433 329923.0 95
1717332373297 329923.0 96
1717332374198 329923.0 97
1717332375120 329923.0 98
1717332376033 329923.0 99
