1717332281034 0.18558828912508765 1
1717332282257 0.2208792937368935 2
1717332283379 0.2205238179080902 3
1717332284418 0.2403562747202237 4
1717332285491 0.275852898332751 5
1717332286420 0.29849654316897273 6
1717332287440 0.3055369241292042 7
1717332288467 0.31057914028609734 8
1717332289356 0.3162072598270776 9
1717332290267 0.32511391801260664 10
1717332291236 0.3348055308538687 11
1717332292177 0.3402943537720057 12
1717332293228 0.34879678859545354 13
1717332294147 0.3594888333618728 14
1717332295064 0.3691939759077969 15
1717332296039 0.3750190826248122 16
1717332296987 0.3815124478469778 17
1717332297942 0.3848314283691961 18
1717332298955 0.38619158310116497 19
1717332299892 0.3900788221406466 20
1717332300878 0.3903294550568432 21
1717332301776 0.39272084647467304 22
1717332302666 0.39387988971268056 23
1717332303611 0.3962005775981529 24
1717332304546 0.3962339530615469 25
1717332305461 0.39759528234379343 26
1717332306417 0.3991312668394642 27
1717332307465 0.4008887775839092 28
1717332308364 0.3999451287342621 29
1717332309314 0.3998111017531302 30
1717332310248 0.40197793242427937 31
1717332311203 0.4018926508347464 32
1717332312158 0.4016931343035084 33
1717332313032 0.40114679715122714 34
1717332314149 0.40039696057936397 35
1717332315362 0.4034896266637956 36
1717332316325 0.4010337971478919 37
1717332317386 0.40289818914427494 38
1717332318393 0.402705856901359 39
1717332319325 0.40194964917157544 40
1717332320190 0.40480175634084076 41
1717332321105 0.403028706901963 42
1717332322054 0.4041057164825306 43
1717332322977 0.4060006426407538 44
1717332324037 0.4043302384021194 45
1717332324997 0.4042235870326767 46
1717332325895 0.406635641018193 47
1717332326933 0.4056038726648052 48
1717332327958 0.407290534495644 49
1717332328931 0.40599354528837234 50
1717332329975 0.40814350455935877 51
1717332330923 0.4086175197879862 52
1717332331852 0.40917568569609225 53
1717332332786 0.4080556767401636 54
1717332333685 0.4073391464887169 55
1717332334654 0.40872214092028336 56
1717332335629 0.4112643734226029 57
1717332336538 0.4125772016414325 58
1717332337500 0.41195503076105994 59
1717332338450 0.4113467723484601 60
1717332339373 0.41036290105739914 61
1717332340375 0.4114778879386689 62
1717332341349 0.4161864282199582 63
1717332342324 0.41456738227247614 64
1717332343329 0.416085798693802 65
1717332344247 0.41536872527411123 66
1717332345206 0.41530898299396557 67
1717332346147 0.4194219571536018 68
1717332347331 0.41962246774313555 69
1717332348504 0.42099005968739595 70
1717332349613 0.4232457548013934 71
1717332350491 0.42510635829348975 72
1717332351410 0.4250787267534012 73
1717332352287 0.4264828963713122 74
1717332353248 0.427018761986264 75
1717332354209 0.42577214836174393 76
1717332355099 0.42118922238189244 77
1717332355993 0.423190947155819 78
1717332356859 0.42893173208384977 79
1717332357811 0.42911153662637347 80
1717332358748 0.4315779830165639 81
1717332359666 0.4362173543241875 82
1717332360656 0.4400120151460635 83
1717332361660 0.4455920991475133 84
1717332362860 0.44895946332989345 85
1717332363920 0.4505498651431771 86
1717332364831 0.4533023395538061 87
1717332365742 0.4495386264964937 88
1717332366790 0.45621298765255547 89
1717332367727 0.46071559517149807 90
1717332368697 0.46060872254552526 91
1717332369600 0.46794891145736867 92
1717332370619 0.45702692539082923 93
1717332371511 0.4762400935084349 94
1717332372433 0.4718938495474381 95
1717332373297 0.4755628101213309 96
1717332374198 0.4811844928531956 97
1717332375120 0.48362376446665545 98
1717332376033 0.47517517110604623 99
