1717332281034 217605.0 1
1717332282257 197696.0 2
1717332283379 192786.0 3
1717332284418 204594.0 4
1717332285491 223272.0 5
1717332286420 233104.0 6
1717332287440 234077.0 7
1717332288467 235130.0 8
1717332289356 237955.0 9
1717332290267 241874.0 10
1717332291236 244759.0 11
1717332292177 246456.0 12
1717332293228 249429.0 13
1717332294147 252507.0 14
1717332295064 255237.0 15
1717332296039 256795.0 16
1717332296987 258308.0 17
1717332297942 259255.0 18
1717332298955 259830.0 19
1717332299892 260467.0 20
1717332300878 260351.0 21
1717332301776 261017.0 22
1717332302666 261312.0 23
1717332303611 261961.0 24
1717332304546 262006.0 25
1717332305461 262334.0 26
1717332306417 262811.0 27
1717332307465 263371.0 28
1717332308364 263160.0 29
1717332309314 263173.0 30
1717332310248 263737.0 31
1717332311203 263712.0 32
1717332312158 263643.0 33
1717332313032 263590.0 34
1717332314149 263466.0 35
1717332315362 264195.0 36
1717332316325 263602.0 37
1717332317386 264048.0 38
1717332318393 263949.0 39
1717332319325 263829.0 40
1717332320190 264602.0 41
1717332321105 264373.0 42
1717332322054 264496.0 43
1717332322977 264940.0 44
1717332324037 264800.0 45
1717332324997 264867.0 46
1717332325895 265469.0 47
1717332326933 265455.0 48
1717332327958 265699.0 49
1717332328931 265577.0 50
1717332329975 265968.0 51
1717332330923 266409.0 52
1717332331852 266444.0 53
1717332332786 266144.0 54
1717332333685 266032.0 55
1717332334654 266478.0 56
1717332335629 266659.0 57
1717332336538 267918.0 58
1717332337500 267542.0 59
1717332338450 267379.0 60
1717332339373 267134.0 61
1717332340375 267325.0 62
1717332341349 268836.0 63
1717332342324 268463.0 64
1717332343329 268828.0 65
1717332344247 268581.0 66
1717332345206 268768.0 67
1717332346147 270025.0 68
1717332347331 270066.0 69
1717332348504 270444.0 70
1717332349613 270997.0 71
1717332350491 271503.0 72
1717332351410 271424.0 73
1717332352287 271793.0 74
1717332353248 271741.0 75
1717332354209 271379.0 76
1717332355099 270103.0 77
1717332355993 270776.0 78
1717332356859 272484.0 79
1717332357811 272511.0 80
1717332358748 273191.0 81
1717332359666 274278.0 82
1717332360656 275136.0 83
1717332361660 276564.0 84
1717332362860 277376.0 85
1717332363920 277808.0 86
1717332364831 278434.0 87
1717332365742 277467.0 88
1717332366790 279086.0 89
1717332367727 280179.0 90
1717332368697 280015.0 91
1717332369600 281852.0 92
1717332370619 278644.0 93
1717332371511 283160.0 94
1717332372433 281750.0 95
1717332373297 282682.0 96
1717332374198 283417.0 97
1717332375120 284219.0 98
1717332376033 282204.0 99
