1717627101887 0.8158965664606395 1
1717627118452 0.8714458257462616 2
1717627136361 0.8873127536096337 3
1717627152531 0.9025072970447106 4
1717627169444 0.9095043798042761 5
1717627186689 0.9118393788852507 6
1717627203970 0.9148342295731612 7
1717627219353 0.9185394519151605 8
1717627236828 0.9181752363794143 9
1717627253013 0.919726019122344 10
1717627269988 0.9172553343863016 11
1717627287016 0.9196464000438848 12
1717627303820 0.9219123570242544 13
1717627320963 0.9213912572832438 14
1717627337465 0.8835792598339732 15
1717627354386 0.9079902625107812 16
