1717656127151 0.13593273062438266 1
1717656127802 0.16905066858381784 2
1717656128453 0.19766654750513574 3
1717656129091 0.2260974183510751 4
1717656129748 0.24422424528015765 5
1717656130418 0.2506340956993733 6
1717656131104 0.2565132712285635 7
1717656131753 0.2536330504713124 8
1717656132390 0.25172945925809787 9
1717656133083 0.25973901630270546 10
1717656133829 0.27526151525307146 11
1717656134472 0.2870842856999557 12
1717656135154 0.3152201356888905 13
1717656135792 0.33339446799103317 14
1717656136509 0.343685391383634 15
1717656137192 0.3460682997544601 16
1717656137848 0.34804453145330955 17
1717656138562 0.3518970928487686 18
1717656139312 0.3540698646119579 19
1717656140038 0.35841194013768074 20
1717656140749 0.3632304280429951 21
1717656141586 0.36455366412038204 22
1717656142309 0.367308433009276 23
1717656143099 0.36862905279787717 24
1717656143787 0.3618809115190326 25
1717656144477 0.3614860867145147 26
1717656145162 0.3733207959620491 27
1717656145815 0.37489550741077304 28
1717656146491 0.37761919872200506 29
1717656147165 0.3733563345629327 30
1717656147859 0.38050507781706566 31
1717656148530 0.377699297157979 32
1717656149184 0.38685064938916247 33
1717656149855 0.3853235333430317 34
1717656150635 0.38723966529346 35
1717656151418 0.3917214759717211 36
1717656152205 0.39410267205129074 37
1717656152889 0.39595268168264364 38
1717656153594 0.3951667261042779 39
1717656154227 0.3987249783801924 40
1717656154945 0.40066634522865724 41
1717656155537 0.3931291779568827 42
1717656156132 0.39076562490547867 43
1717656156783 0.4024327868542462 44
1717656157483 0.38025934725784993 45
1717656158280 0.3794343403181814 46
1717656159032 0.38923789928341584 47
1717656159738 0.39561176337301557 48
1717656160332 0.38979115082242555 49
1717656161042 0.39960177015017634 50
1717656161774 0.3974414913508674 51
1717656162426 0.40015121693056255 52
1717656163136 0.40598919022281715 53
1717656163785 0.39805501595366755 54
1717656164392 0.42088824410938575 55
1717656165101 0.4239118775514055 56
1717656165837 0.4292332223929257 57
1717656166485 0.4451681470246019 58
1717656167124 0.42779610868511675 59
1717656167705 0.39491448505434557 60
1717656168362 0.42463059733170694 61
1717656169029 0.45332556518409095 62
1717656169662 0.44892853056301857 63
1717656170291 0.4640697174983762 64
1717656170911 0.46910711196873 65
1717656171559 0.46809593119165616 66
1717656172242 0.4451444342843673 67
1717656172846 0.4743609381748358 68
1717656173468 0.5045180397546961 69
1717656174111 0.46384284217421906 70
1717656174732 0.4901142613655606 71
1717656175472 0.5116972473675474 72
1717656176153 0.5011356798370254 73
1717656176862 0.5263394651639582 74
1717656177598 0.5095775153693336 75
1717656178373 0.5315653306690364 76
1717656179002 0.538860418718432 77
1717656179733 0.5417722962441576 78
1717656180463 0.5404961797859892 79
1717656181178 0.5176454455746818 80
1717656181913 0.5386336788688245 81
1717656182618 0.4837678581619576 82
1717656183263 0.5190722216316539 83
1717656183949 0.5338268459372185 84
1717656184708 0.532054483900591 85
1717656185380 0.5340378577860955 86
1717656186057 0.5402618091004936 87
1717656186735 0.5413151513573968 88
1717656187421 0.5627803122523636 89
1717656188054 0.5111981036167663 90
1717656188771 0.5420167875428721 91
1717656189539 0.5556577731757175 92
1717656190198 0.5709842486140853 93
1717656190823 0.5809798463312709 94
1717656191564 0.5802707119065434 95
1717656192289 0.5860967805316225 96
1717656193100 0.5891044212192238 97
1717656193813 0.5896043066374341 98
1717656194483 0.5912315006798415 99
