1717656127151 327395.0 1
1717656127802 327395.0 2
1717656128453 327395.0 3
1717656129091 327395.0 4
1717656129748 327395.0 5
1717656130418 327395.0 6
1717656131104 327395.0 7
1717656131753 327395.0 8
1717656132390 327395.0 9
1717656133083 327395.0 10
1717656133829 327395.0 11
1717656134472 327395.0 12
1717656135154 327395.0 13
1717656135792 327395.0 14
1717656136509 327395.0 15
1717656137192 327395.0 16
1717656137848 327395.0 17
1717656138562 327395.0 18
1717656139312 327395.0 19
1717656140038 327395.0 20
1717656140749 327395.0 21
1717656141586 327395.0 22
1717656142309 327395.0 23
1717656143099 327395.0 24
1717656143787 327395.0 25
1717656144477 327395.0 26
1717656145162 327395.0 27
1717656145815 327395.0 28
1717656146491 327395.0 29
1717656147165 327395.0 30
1717656147859 327395.0 31
1717656148530 327395.0 32
1717656149184 327395.0 33
1717656149855 327395.0 34
1717656150635 327395.0 35
1717656151418 327395.0 36
1717656152205 327395.0 37
1717656152889 327395.0 38
1717656153594 327395.0 39
1717656154227 327395.0 40
1717656154945 327395.0 41
1717656155537 327395.0 42
1717656156132 327395.0 43
1717656156783 327395.0 44
1717656157483 327395.0 45
1717656158280 327395.0 46
1717656159032 327395.0 47
1717656159738 327395.0 48
1717656160332 327395.0 49
1717656161042 327395.0 50
1717656161774 327395.0 51
1717656162426 327395.0 52
1717656163136 327395.0 53
1717656163785 327395.0 54
1717656164392 327395.0 55
1717656165101 327395.0 56
1717656165837 327395.0 57
1717656166485 327395.0 58
1717656167124 327395.0 59
1717656167705 327395.0 60
1717656168362 327395.0 61
1717656169029 327395.0 62
1717656169662 327395.0 63
1717656170291 327395.0 64
1717656170911 327395.0 65
1717656171559 327395.0 66
1717656172242 327395.0 67
1717656172846 327395.0 68
1717656173468 327395.0 69
1717656174111 327395.0 70
1717656174732 327395.0 71
1717656175472 327395.0 72
1717656176153 327395.0 73
1717656176862 327395.0 74
1717656177598 327395.0 75
1717656178373 327395.0 76
1717656179002 327395.0 77
1717656179733 327395.0 78
1717656180463 327395.0 79
1717656181178 327395.0 80
1717656181913 327395.0 81
1717656182618 327395.0 82
1717656183263 327395.0 83
1717656183949 327395.0 84
1717656184708 327395.0 85
1717656185380 327395.0 86
1717656186057 327395.0 87
1717656186735 327395.0 88
1717656187421 327395.0 89
1717656188054 327395.0 90
1717656188771 327395.0 91
1717656189539 327395.0 92
1717656190198 327395.0 93
1717656190823 327395.0 94
1717656191564 327395.0 95
1717656192289 327395.0 96
1717656193100 327395.0 97
1717656193813 327395.0 98
1717656194483 327395.0 99
