1717656127151 0.23127946640225888 1
1717656127802 0.2861318298388741 2
1717656128453 0.32767201846728244 3
1717656129091 0.36670070444322456 4
1717656129748 0.391113193936705 5
1717656130418 0.39946160260353714 6
1717656131104 0.4064536656696062 7
1717656131753 0.4035609822665962 8
1717656132390 0.4018108198476241 9
1717656133083 0.4110601215141503 10
1717656133829 0.4274479792647391 11
1717656134472 0.4433880686847368 12
1717656135154 0.47681873548154224 13
1717656135792 0.496153262807898 14
1717656136509 0.5092610306660662 15
1717656137192 0.5120144165780853 16
1717656137848 0.5142370353497284 17
1717656138562 0.5186496946272412 18
1717656139312 0.5208445498153234 19
1717656140038 0.5253898232737388 20
1717656140749 0.5305959975352705 21
1717656141586 0.5321408108873509 22
1717656142309 0.535155573182054 23
1717656143099 0.535675556674936 24
1717656143787 0.5291641626041352 25
1717656144477 0.529008239250899 26
1717656145162 0.5412216858827754 27
1717656145815 0.542997268060215 28
1717656146491 0.5455581257616637 29
1717656147165 0.5409743388695182 30
1717656147859 0.5482152984549051 31
1717656148530 0.5465300945426558 32
1717656149184 0.5543332724355189 33
1717656149855 0.5533329435186085 34
1717656150635 0.5551636949779757 35
1717656151418 0.5598677251105946 36
1717656152205 0.5623734588898129 37
1717656152889 0.5644664318329509 38
1717656153594 0.5634541920163534 39
1717656154227 0.566963664910349 40
1717656154945 0.5692041033357006 41
1717656155537 0.562372408041882 42
1717656156132 0.5595499133561226 43
1717656156783 0.5711952411218905 44
1717656157483 0.5463109150749312 45
1717656158280 0.547164656540257 46
1717656159032 0.5575340397296666 47
1717656159738 0.5637265013436495 48
1717656160332 0.5582154791162759 49
1717656161042 0.5679190706330388 50
1717656161774 0.566020963396985 51
1717656162426 0.5679242699740931 52
1717656163136 0.5744171858727686 53
1717656163785 0.5675470327702049 54
1717656164392 0.5894391266181018 55
1717656165101 0.5924543900115772 56
1717656165837 0.5974226845139494 57
1717656166485 0.612827688450602 58
1717656167124 0.5955845707653318 59
1717656167705 0.5630738643523775 60
1717656168362 0.5932217806622762 61
1717656169029 0.6201015029155266 62
1717656169662 0.6161347239062642 63
1717656170291 0.6296439967135496 64
1717656170911 0.6351878741831425 65
1717656171559 0.6340357205043519 66
1717656172242 0.6117280074279459 67
1717656172846 0.6404817116538271 68
1717656173468 0.666294323482447 69
1717656174111 0.630345485379062 70
1717656174732 0.6547614241627862 71
1717656175472 0.6728676550024242 72
1717656176153 0.6647723201851898 73
1717656176862 0.6860328142695913 74
1717656177598 0.6720471382676354 75
1717656178373 0.6903552596441852 76
1717656179002 0.6975844352462011 77
1717656179733 0.6992622518033753 78
1717656180463 0.698859381732583 79
1717656181178 0.6777613761285345 80
1717656181913 0.6957059035239499 81
1717656182618 0.6438660913046562 82
1717656183263 0.6799103986619333 83
1717656183949 0.693123285028611 84
1717656184708 0.6914282710388049 85
1717656185380 0.6921669564896288 86
1717656186057 0.6977831899833986 87
1717656186735 0.7000318762295444 88
1717656187421 0.7172046749217489 89
1717656188054 0.6729260317728869 90
1717656188771 0.7010565788746191 91
1717656189539 0.7124947362401518 92
1717656190198 0.7254143644566774 93
1717656190823 0.7332106660517015 94
1717656191564 0.732877562986935 95
1717656192289 0.7376241829258744 96
1717656193100 0.7400994385067063 97
1717656193813 0.7405869329073376 98
1717656194483 0.741809337044459 99
