1717579755369 754900.0 1
1717579760718 754900.0 2
1717579766008 754900.0 3
1717579771250 754900.0 4
1717579776675 754900.0 5
1717579781778 754900.0 6
1717579787047 754900.0 7
1717579792585 754900.0 8
1717579797670 754900.0 9
1717579803267 754900.0 10
1717579808353 754900.0 11
1717579813752 754900.0 12
1717579819082 754900.0 13
1717579824615 754900.0 14
1717579830455 754900.0 15
1717579836098 754900.0 16
1717579841644 754900.0 17
1717579846744 754900.0 18
1717579852716 754900.0 19
1717579858261 754900.0 20
1717579864059 754900.0 21
1717579870231 754900.0 22
1717579876230 754900.0 23
1717579882441 754900.0 24
1717579888776 754900.0 25
1717579895507 754900.0 26
1717579901322 754900.0 27
1717579906717 754900.0 28
1717579912297 754900.0 29
1717579918254 754900.0 30
1717579924266 754900.0 31
1717579930197 754900.0 32
1717579935870 754900.0 33
1717579941557 754900.0 34
1717579948563 754900.0 35
1717579954005 754900.0 36
1717579959880 754900.0 37
1717579965843 754900.0 38
1717579971772 754900.0 39
1717579977534 754900.0 40
1717579982989 754900.0 41
1717579988926 754900.0 42
1717579993846 754900.0 43
1717579999157 754900.0 44
1717580004933 754900.0 45
