1717579755369 0.70871509652806 1
1717579760718 0.7201877753590583 2
1717579766008 0.7260915867445075 3
1717579771250 0.7297832477377884 4
1717579776675 0.7385900650332508 5
1717579781778 0.7464298586045837 6
1717579787047 0.752351234755139 7
1717579792585 0.756164746028917 8
1717579797670 0.7588164538209087 9
1717579803267 0.7606057968859175 10
1717579808353 0.7623578429825905 11
1717579813752 0.7637292646313972 12
1717579819082 0.7650888938044176 13
1717579824615 0.765962219542622 14
1717579830455 0.7666835102376883 15
1717579836098 0.7675731160029476 16
1717579841644 0.7685073726228211 17
1717579846744 0.7692605155204899 18
1717579852716 0.7701496583683137 19
1717579858261 0.7714584231792965 20
1717579864059 0.7724288523987001 21
1717579870231 0.7734512584947643 22
1717579876230 0.7746927572398619 23
1717579882441 0.7757391555680998 24
1717579888776 0.7764445382685595 25
1717579895507 0.7773594820065339 26
1717579901322 0.7781265185954818 27
1717579906717 0.7787992777971046 28
1717579912297 0.7796784183549772 29
1717579918254 0.7803272379459679 30
1717579924266 0.781412400949467 31
1717579930197 0.7825235391091638 32
1717579935870 0.7835826797578376 33
1717579941557 0.7842868564497378 34
1717579948563 0.7851599863048828 35
1717579954005 0.7857964468388906 36
1717579959880 0.7866723870081228 37
1717579965843 0.7872850449509124 38
1717579971772 0.7877914295109848 39
1717579977534 0.7883473222963184 40
1717579982989 0.7888710310320032 41
1717579988926 0.789389732858903 42
1717579993846 0.7900493604046669 43
1717579999157 0.7908466886502897 44
1717580004933 0.791542519281019 45
