1717579755369 0.9738370972535907 1
1717579760718 0.9824226352566472 2
1717579766008 0.9829571420092414 3
1717579771250 0.9835957296793802 4
1717579776675 0.9833553132923385 5
1717579781778 0.9832494740469327 6
1717579787047 0.982915815907647 7
1717579792585 0.9829363502145861 8
1717579797670 0.9829454176590019 9
1717579803267 0.9831140956463625 10
1717579808353 0.9830984832557682 11
1717579813752 0.9831355479044727 12
1717579819082 0.9830817953206031 13
1717579824615 0.98299644308579 14
1717579830455 0.9830057767352434 15
1717579836098 0.9830975107128413 16
1717579841644 0.9829811239569343 17
1717579846744 0.9828662003836208 18
1717579852716 0.9828626129616432 19
1717579858261 0.9827455019143136 20
1717579864059 0.9827333235838479 21
1717579870231 0.9826299912234259 22
1717579876230 0.9826342008779738 23
1717579882441 0.9826123418912835 24
1717579888776 0.9825009521807121 25
1717579895507 0.9824911513600231 26
1717579901322 0.982499595044862 27
1717579906717 0.9824504325059172 28
1717579912297 0.9824859141548382 29
1717579918254 0.9825443318657554 30
1717579924266 0.9825367396589894 31
1717579930197 0.9825450664507359 32
1717579935870 0.9824811269000048 33
1717579941557 0.9825343770161998 34
1717579948563 0.9826100538019038 35
1717579954005 0.9825903408870464 36
1717579959880 0.9826313762544762 37
1717579965843 0.9826506025003552 38
1717579971772 0.9825855983768694 39
1717579977534 0.982680607049428 40
1717579982989 0.9826430127188984 41
1717579988926 0.9827255407949737 42
1717579993846 0.9827571959746229 43
1717579999157 0.9827770164588578 44
1717580004933 0.9827461972241955 45
