1716915656767 0.024356961382350436 1
1716915657835 0.05520839544183831 2
1716915658866 0.058898212965037264 3
1716915659943 0.05722557480684811 4
1716915661039 0.037016443780896434 5
1716915662109 0.01750666202324987 6
1716915663238 0.02822441054226592 7
1716915664354 0.007263948415500746 8
1716915665441 0.0005552608888417423 9
1716915666558 0.0 10
1716915667716 0.002954949734967088 11
1716915668835 0.01834701200835382 12
1716915669975 0.045760106451235016 13
1716915671093 0.057449388776707744 14
1716915672221 0.0672572657679765 15
1716915673336 0.07141774152679649 16
1716915674415 0.0829210101006133 17
1716915675558 0.07200433656770966 18
1716915676704 0.08604604875756922 19
1716915677817 0.1026938846948267 20
1716915678963 0.11201545204965388 21
1716915680140 0.11439960498749353 22
1716915681278 0.12092373391028839 23
1716915682397 0.12458608725203324 24
1716915683534 0.12703008942490962 25
1716915684620 0.1297337901431476 26
1716915685746 0.14529252157216838 27
1716915686876 0.16441959159120753 28
1716915688004 0.18497906644852233 29
1716915689123 0.19146572819966656 30
1716915690238 0.20116477264076735 31
1716915691362 0.21930018653470434 32
1716915692490 0.2260178861637457 33
1716915693617 0.23287162559883928 34
1716915694759 0.2445520975938948 35
1716915695872 0.2530935131441412 36
1716915696980 0.269966144937673 37
1716915698087 0.26476334945420515 38
1716915699205 0.27609266925257286 39
1716915700314 0.28060067240020353 40
1716915701453 0.28372953726419337 41
1716915702548 0.28005727343766745 42
1716915703650 0.27747376730476475 43
1716915704791 0.2890530503547623 44
1716915705913 0.2898857050475051 45
1716915707022 0.29188769360986366 46
1716915708139 0.29678634068152215 47
1716915709231 0.293460212344081 48
1716915710338 0.2980366595437498 49
1716915711441 0.3027610400289154 50
1716915712551 0.30208995120417975 51
1716915713637 0.3058316894169226 52
1716915714758 0.31389663286679187 53
1716915715847 0.3130194597587187 54
1716915716946 0.31487155864167166 55
1716915718046 0.3156607770311458 56
1716915719171 0.31590766230399225 57
1716915720272 0.3193680864218302 58
1716915721416 0.3357691110457377 59
1716915722540 0.3339346619954152 60
1716915723697 0.33714414411193694 61
1716915724797 0.3360276436106546 62
1716915725902 0.33874541504397404 63
1716915727029 0.3404581056381291 64
1716915728151 0.3440265874759629 65
1716915729263 0.34530116541504957 66
1716915730364 0.3444321715092774 67
1716915731446 0.3432185383784631 68
1716915732551 0.3579521490003543 69
1716915733626 0.3498421586317216 70
1716915734723 0.3564649953537863 71
1716915735823 0.37098972791452034 72
1716915736941 0.3835209805648934 73
1716915738043 0.3832222485575042 74
1716915739146 0.38519233517807994 75
1716915740263 0.3807059733329189 76
1716915741353 0.3886729418534102 77
1716915742472 0.3919670726533204 78
1716915743554 0.38960564315712315 79
1716915744643 0.3908504090522972 80
1716915745756 0.3824775579828058 81
1716915746828 0.3807112854001923 82
1716915747954 0.3941616052460724 83
1716915749069 0.3908240208453349 84
1716915750164 0.3931506796343253 85
1716915751268 0.39883611309897526 86
1716915752397 0.4064250077930781 87
1716915753683 0.4035457456611802 88
1716915754793 0.4055320516223633 89
1716915755887 0.4060763241492319 90
1716915757052 0.4048967287044247 91
1716915758200 0.4087237580296545 92
1716915759353 0.41045925224789653 93
1716915760470 0.41386882048026247 94
1716915761577 0.3946996931077644 95
1716915762672 0.41291112477055947 96
1716915763762 0.4123242743161614 97
1716915764856 0.4135853646920372 98
1716915765982 0.4219995754131151 99
