1717521156462 89462.0 1
1717521157355 89462.0 2
1717521158332 89462.0 3
1717521159209 89462.0 4
1717521160109 89462.0 5
1717521160968 89462.0 6
1717521161863 89462.0 7
1717521162752 89462.0 8
1717521163649 89462.0 9
1717521164527 89462.0 10
1717521165564 89462.0 11
1717521166471 89462.0 12
1717521167401 89462.0 13
1717521168339 89462.0 14
1717521169238 89462.0 15
1717521170127 89462.0 16
1717521171009 89462.0 17
1717521171895 89462.0 18
1717521172807 89462.0 19
1717521173682 89462.0 20
1717521174534 89462.0 21
1717521175415 89462.0 22
1717521176312 89462.0 23
1717521177200 89462.0 24
1717521178133 89462.0 25
1717521179143 89462.0 26
1717521180081 89462.0 27
1717521181030 89462.0 28
1717521181980 89462.0 29
1717521182883 89462.0 30
1717521183803 89462.0 31
1717521184704 89462.0 32
1717521185630 89462.0 33
1717521186519 89462.0 34
1717521187442 89462.0 35
1717521188295 89462.0 36
1717521189161 89462.0 37
1717521190050 89462.0 38
1717521190959 89462.0 39
1717521191832 89462.0 40
1717521192728 89462.0 41
1717521193675 89462.0 42
1717521194611 89462.0 43
1717521195574 89462.0 44
1717521196492 89462.0 45
1717521197392 89462.0 46
1717521198300 89462.0 47
1717521199217 89462.0 48
1717521200110 89462.0 49
1717521200993 89462.0 50
1717521201881 89462.0 51
1717521202771 89462.0 52
1717521203653 89462.0 53
1717521204520 89462.0 54
1717521205411 89462.0 55
1717521206275 89462.0 56
1717521207126 89462.0 57
1717521208037 89462.0 58
1717521208923 89462.0 59
1717521209837 89462.0 60
1717521210762 89462.0 61
1717521211671 89462.0 62
1717521212529 89462.0 63
1717521213442 89462.0 64
1717521214331 89462.0 65
1717521215229 89462.0 66
1717521216168 89462.0 67
1717521217046 89462.0 68
1717521217911 89462.0 69
1717521218928 89462.0 70
1717521219830 89462.0 71
1717521220749 89462.0 72
1717521221639 89462.0 73
1717521222551 89462.0 74
1717521223408 89462.0 75
1717521224298 89462.0 76
1717521225158 89462.0 77
1717521226154 89462.0 78
1717521227057 89462.0 79
1717521227987 89462.0 80
1717521228955 89462.0 81
1717521229866 89462.0 82
1717521230765 89462.0 83
1717521231660 89462.0 84
1717521232585 89462.0 85
1717521233497 89462.0 86
1717521234395 89462.0 87
1717521235279 89462.0 88
1717521236158 89462.0 89
1717521237026 89462.0 90
1717521237940 89462.0 91
1717521238820 89462.0 92
1717521239707 89462.0 93
1717521240599 89462.0 94
1717521241523 89462.0 95
1717521242404 89462.0 96
1717521243322 89462.0 97
1717521244218 89462.0 98
1717521245121 89462.0 99
