1717521156462 0.5169941186904907 1
1717521157355 0.6313155889511108 2
1717521158332 0.6392017602920532 3
1717521159209 0.6457041501998901 4
1717521160109 0.6467416286468506 5
1717521160968 0.6495665907859802 6
1717521161863 0.6486249566078186 7
1717521162752 0.6485525965690613 8
1717521163649 0.648894190788269 9
1717521164527 0.6493682861328125 10
1717521165564 0.6488815546035767 11
1717521166471 0.6489865183830261 12
1717521167401 0.649890124797821 13
1717521168339 0.6499067544937134 14
1717521169238 0.6525545120239258 15
1717521170127 0.649459958076477 16
1717521171009 0.6539567708969116 17
1717521171895 0.6532183289527893 18
1717521172807 0.6525363922119141 19
1717521173682 0.6503716111183167 20
1717521174534 0.6555830836296082 21
1717521175415 0.6573526859283447 22
1717521176312 0.6580590009689331 23
1717521177200 0.6579875946044922 24
1717521178133 0.6586264967918396 25
1717521179143 0.6590237021446228 26
1717521180081 0.660962700843811 27
1717521181030 0.6623785495758057 28
1717521181980 0.6622505784034729 29
1717521182883 0.6636526584625244 30
1717521183803 0.6642131209373474 31
1717521184704 0.6653330326080322 32
1717521185630 0.6675713658332825 33
1717521186519 0.667047917842865 34
1717521187442 0.6676187515258789 35
1717521188295 0.6645894646644592 36
1717521189161 0.6642473340034485 37
1717521190050 0.6647676825523376 38
1717521190959 0.6648227572441101 39
1717521191832 0.66535884141922 40
1717521192728 0.6654785871505737 41
1717521193675 0.6664282083511353 42
1717521194611 0.6657965779304504 43
1717521195574 0.665576159954071 44
1717521196492 0.6664735674858093 45
1717521197392 0.6657717823982239 46
1717521198300 0.6655969023704529 47
1717521199217 0.6659785509109497 48
1717521200110 0.666005551815033 49
1717521200993 0.6669198274612427 50
1717521201881 0.6668016314506531 51
1717521202771 0.6671295762062073 52
1717521203653 0.6659165620803833 53
1717521204520 0.6659506559371948 54
1717521205411 0.6661989688873291 55
1717521206275 0.6656953692436218 56
1717521207126 0.6660445332527161 57
1717521208037 0.6653649210929871 58
1717521208923 0.6662535071372986 59
1717521209837 0.6651974320411682 60
1717521210762 0.6654113531112671 61
1717521211671 0.6650756001472473 62
1717521212529 0.6657817363739014 63
1717521213442 0.6639753580093384 64
1717521214331 0.6645490527153015 65
1717521215229 0.6632807850837708 66
1717521216168 0.663542628288269 67
1717521217046 0.6635967493057251 68
1717521217911 0.6631036400794983 69
1717521218928 0.6632817983627319 70
1717521219830 0.6624414324760437 71
1717521220749 0.6640547513961792 72
1717521221639 0.664297878742218 73
1717521222551 0.6632424592971802 74
1717521223408 0.6638931632041931 75
1717521224298 0.661981463432312 76
1717521225158 0.663204550743103 77
1717521226154 0.6632186770439148 78
1717521227057 0.6629666090011597 79
1717521227987 0.6617397665977478 80
1717521228955 0.6629970669746399 81
1717521229866 0.662014901638031 82
1717521230765 0.6627274751663208 83
1717521231660 0.6626289486885071 84
1717521232585 0.6638486981391907 85
1717521233497 0.6657475233078003 86
1717521234395 0.6653010249137878 87
1717521235279 0.6660733819007874 88
1717521236158 0.666591465473175 89
1717521237026 0.6656949520111084 90
1717521237940 0.6673614382743835 91
1717521238820 0.6670178771018982 92
1717521239707 0.6674994826316833 93
1717521240599 0.6675235629081726 94
1717521241523 0.6667038798332214 95
1717521242404 0.6678803563117981 96
1717521243322 0.6699123978614807 97
1717521244218 0.6702538728713989 98
1717521245121 0.6689879894256592 99
