1717439284102 0.11560514774320647 1
1717439286763 0.32664947547877454 2
1717439289481 0.4300267366838128 3
1717439291963 0.47902666668799937 4
1717439294503 0.5536242993792084 5
1717439297345 0.6169363690951797 6
1717439300202 0.6418880542716993 7
1717439302714 0.6554345454200777 8
1717439305156 0.6654089194075504 9
1717439307975 0.6695291683699085 10
1717439310967 0.6760144521395212 11
1717439314071 0.6819855322291315 12
1717439317035 0.6826362008271206 13
1717439319917 0.6845252770251385 14
1717439323086 0.6859524032522487 15
1717439326042 0.6857953214881991 16
1717439329080 0.6893329882564759 17
1717439331607 0.6900078844640857 18
1717439335172 0.6909560918062472 19
1717439337695 0.6913329897042352 20
1717439340458 0.6914662323843943 21
1717439342936 0.6920616108004634 22
1717439345544 0.6952291251107221 23
1717439348131 0.6951169270324351 24
1717439350653 0.6980602969117096 25
1717439353501 0.6994647423825067 26
1717439355945 0.7001683636162056 27
1717439358483 0.7027919006022211 28
1717439360875 0.7025013931706474 29
1717439363322 0.7048373186735934 30
1717439365766 0.7057542163276921 31
1717439368282 0.708448014423505 32
1717439370827 0.7124795787430562 33
1717439373290 0.7115284675083869 34
1717439375749 0.7139244275141386 35
1717439378227 0.7130497539514727 36
1717439380604 0.7145923067415126 37
1717439383182 0.7144637441056801 38
1717439385675 0.7160542125660374 39
1717439388139 0.717023959817215 40
1717439390594 0.7172017971680241 41
1717439393124 0.7181831541135509 42
1717439395598 0.7178275480927598 43
1717439398086 0.7185498772099154 44
1717439400627 0.7189363297127757 45
1717439403061 0.718186030751678 46
1717439405693 0.7193302533973507 47
1717439408074 0.7194337266261644 48
1717439410619 0.7198133201668474 49
1717439413046 0.7219622414033778 50
1717439415530 0.7223290732684615 51
1717439418099 0.7211414273334344 52
1717439420564 0.7218910702775175 53
1717439422984 0.721683164889738 54
1717439425435 0.7226761288930458 55
1717439428052 0.7227524861956003 56
1717439430477 0.7216101495513871 57
1717439432948 0.7245274575245209 58
1717439435554 0.7244059532273196 59
1717439437990 0.7254824453868982 60
1717439440542 0.7252944751812254 61
1717439442987 0.7248566990760199 62
1717439445515 0.7269151095020768 63
1717439448044 0.7260884256133319 64
1717439450616 0.7248013437496648 65
1717439453102 0.7248994946098293 66
1717439455538 0.7254307755980395 67
1717439458124 0.7262228209421598 68
1717439460585 0.7263411456881631 69
1717439463183 0.7269469508602351 70
1717439465630 0.7274692914129736 71
1717439468125 0.7289383887264298 72
1717439470559 0.7281240799113373 73
1717439473074 0.7291726345717402 74
1717439475470 0.7285131918700904 75
1717439477871 0.7290417671117114 76
1717439480550 0.7302906685109538 77
1717439483036 0.7301414021746887 78
1717439485633 0.7293642422758698 79
1717439488052 0.7305743589503926 80
1717439490545 0.7307047670908465 81
1717439492965 0.7327342607693745 82
1717439495571 0.7309155411164554 83
1717439498100 0.7314338375268529 84
1717439500613 0.7323576208029691 85
1717439503181 0.7316284922244742 86
1717439505802 0.7315353333845765 87
1717439508332 0.7317856650950838 88
1717439510778 0.7308802821578372 89
1717439513141 0.7325340378382751 90
1717439515813 0.732677414233845 91
1717439518737 0.7330674540306333 92
1717439521288 0.732837802315546 93
1717439523692 0.7327325731538894 94
1717439526148 0.7329975804383864 95
1717439528743 0.7341032244818704 96
1717439531203 0.732246121271479 97
1717439533638 0.7350896895559204 98
1717439536070 0.7349693674912456 99
