1717439284102 143327.0 1
1717439286763 143327.0 2
1717439289481 143327.0 3
1717439291963 143327.0 4
1717439294503 143327.0 5
1717439297345 143327.0 6
1717439300202 143327.0 7
1717439302714 143327.0 8
1717439305156 143327.0 9
1717439307975 143327.0 10
1717439310967 143327.0 11
1717439314071 143327.0 12
1717439317035 143327.0 13
1717439319917 143327.0 14
1717439323086 143327.0 15
1717439326042 143327.0 16
1717439329080 143327.0 17
1717439331607 143327.0 18
1717439335172 143327.0 19
1717439337695 143327.0 20
1717439340458 143327.0 21
1717439342936 143327.0 22
1717439345544 143327.0 23
1717439348131 143327.0 24
1717439350653 143327.0 25
1717439353501 143327.0 26
1717439355945 143327.0 27
1717439358483 143327.0 28
1717439360875 143327.0 29
1717439363322 143327.0 30
1717439365766 143327.0 31
1717439368282 143327.0 32
1717439370827 143327.0 33
1717439373290 143327.0 34
1717439375749 143327.0 35
1717439378227 143327.0 36
1717439380604 143327.0 37
1717439383182 143327.0 38
1717439385675 143327.0 39
1717439388139 143327.0 40
1717439390594 143327.0 41
1717439393124 143327.0 42
1717439395598 143327.0 43
1717439398086 143327.0 44
1717439400627 143327.0 45
1717439403061 143327.0 46
1717439405693 143327.0 47
1717439408074 143327.0 48
1717439410619 143327.0 49
1717439413046 143327.0 50
1717439415530 143327.0 51
1717439418099 143327.0 52
1717439420564 143327.0 53
1717439422984 143327.0 54
1717439425435 143327.0 55
1717439428052 143327.0 56
1717439430477 143327.0 57
1717439432948 143327.0 58
1717439435554 143327.0 59
1717439437990 143327.0 60
1717439440542 143327.0 61
1717439442987 143327.0 62
1717439445515 143327.0 63
1717439448044 143327.0 64
1717439450616 143327.0 65
1717439453102 143327.0 66
1717439455538 143327.0 67
1717439458124 143327.0 68
1717439460585 143327.0 69
1717439463183 143327.0 70
1717439465630 143327.0 71
1717439468125 143327.0 72
1717439470559 143327.0 73
1717439473074 143327.0 74
1717439475470 143327.0 75
1717439477871 143327.0 76
1717439480550 143327.0 77
1717439483036 143327.0 78
1717439485633 143327.0 79
1717439488052 143327.0 80
1717439490545 143327.0 81
1717439492965 143327.0 82
1717439495571 143327.0 83
1717439498100 143327.0 84
1717439500613 143327.0 85
1717439503181 143327.0 86
1717439505802 143327.0 87
1717439508332 143327.0 88
1717439510778 143327.0 89
1717439513141 143327.0 90
1717439515813 143327.0 91
1717439518737 143327.0 92
1717439521288 143327.0 93
1717439523692 143327.0 94
1717439526148 143327.0 95
1717439528743 143327.0 96
1717439531203 143327.0 97
1717439533638 143327.0 98
1717439536070 143327.0 99
