1717630082984 145295.0 1
1717630086877 145295.0 2
1717630090696 145295.0 3
1717630095151 145295.0 4
1717630099501 145295.0 5
1717630103541 145295.0 6
1717630107915 145295.0 7
1717630112405 145295.0 8
1717630116338 145295.0 9
1717630119909 145295.0 10
1717630123529 145295.0 11
1717630127112 145295.0 12
1717630130702 145295.0 13
1717630134666 145295.0 14
1717630138541 145295.0 15
1717630142138 145295.0 16
1717630145547 145295.0 17
1717630149574 145295.0 18
1717630152975 145295.0 19
1717630156677 145295.0 20
1717630161215 145295.0 21
1717630165015 145295.0 22
1717630169362 145295.0 23
1717630172899 145295.0 24
1717630177303 145295.0 25
1717630180965 145295.0 26
1717630184585 145295.0 27
1717630188629 145295.0 28
1717630192385 145295.0 29
1717630196194 145295.0 30
1717630200193 145295.0 31
1717630203784 145295.0 32
1717630207550 145295.0 33
1717630210929 145295.0 34
1717630214355 145295.0 35
1717630218178 145295.0 36
1717630221362 145295.0 37
1717630225224 145295.0 38
1717630229092 145295.0 39
1717630233219 145295.0 40
1717630236721 145295.0 41
1717630240482 145295.0 42
1717630244526 145295.0 43
1717630248326 145295.0 44
1717630252088 145295.0 45
1717630255880 145295.0 46
1717630259555 145295.0 47
1717630263062 145295.0 48
1717630266750 145295.0 49
1717630270303 145295.0 50
1717630273843 145295.0 51
1717630277367 145295.0 52
1717630281108 145295.0 53
1717630285033 145295.0 54
1717630289024 145295.0 55
1717630292737 145295.0 56
1717630296769 145295.0 57
1717630300654 145295.0 58
1717630304283 145295.0 59
1717630308049 145295.0 60
1717630312074 145295.0 61
