1716227992091 1.1920316219329834 1
1716227994454 0.9444828629493713 2
1716227996793 0.8706130981445312 3
1716227999119 0.8238932490348816 4
1716228001550 0.7920942306518555 5
1716228003935 0.7673240900039673 6
1716228006330 0.7450950741767883 7
1716228008756 0.728533923625946 8
1716228011140 0.7173851132392883 9
1716228013480 0.7077240347862244 10
1716228015859 0.6986507773399353 11
1716228018319 0.6916205883026123 12
1716228021120 0.6857220530509949 13
1716228023765 0.6806719899177551 14
1716228026405 0.6761788129806519 15
1716228028988 0.6730795502662659 16
1716228031478 0.6696091890335083 17
1716228033978 0.6664866805076599 18
1716228036546 0.6645986437797546 19
1716228039030 0.6614634394645691 20
1716228041554 0.6603408455848694 21
1716228044050 0.6584001183509827 22
1716228046495 0.6563002467155457 23
1716228049039 0.6546382308006287 24
1716228051615 0.6528041958808899 25
1716228054060 0.6492785811424255 26
1716228056841 0.6491556167602539 27
1716228059326 0.6470091938972473 28
1716228061781 0.6463854908943176 29
1716228064194 0.6440907120704651 30
1716228066601 0.6438779830932617 31
1716228069085 0.6418011784553528 32
1716228071535 0.6418891549110413 33
1716228073961 0.6395524144172668 34
1716228076404 0.6391199827194214 35
1716228079154 0.6384769082069397 36
1716228081785 0.6378445029258728 37
1716228084325 0.6362935304641724 38
1716228086820 0.6355623602867126 39
1716228089931 0.6350657939910889 40
1716228092821 0.6343826651573181 41
1716228095652 0.63340824842453 42
1716228098151 0.6336215138435364 43
1716228100747 0.6325910687446594 44
1716228104019 0.6316910982131958 45
1716228107731 0.6315720677375793 46
1716228111542 0.6305840015411377 47
1716228114362 0.6301264762878418 48
1716228117962 0.6301183700561523 49
1716228122010 0.6290276646614075 50
1716228126088 0.6286681890487671 51
1716228130530 0.6281593441963196 52
1716228134668 0.6280070543289185 53
1716228138136 0.6275331974029541 54
1716228140780 0.6313289999961853 55
1716228143102 0.6464813947677612 56
1716228145422 0.6347545385360718 57
1716228147798 0.6321878433227539 58
1716228150134 0.631605863571167 59
1716228152424 0.6303265690803528 60
1716228155414 0.6296179294586182 61
1716228158378 0.6288914084434509 62
1716228160903 0.6278374195098877 63
1716228163409 0.6271753907203674 64
1716228165835 0.6262719631195068 65
1716228168395 0.6257932782173157 66
1716228170860 0.6253008246421814 67
1716228173340 0.6248077154159546 68
1716228175699 0.6245463490486145 69
1716228178089 0.6236600875854492 70
1716228180564 0.6239553093910217 71
1716228183123 0.6234330534934998 72
1716228185711 0.6230506300926208 73
1716228188316 0.6226658225059509 74
1716228191037 0.62217777967453 75
1716228193473 0.6215535402297974 76
1716228195817 0.6217203140258789 77
1716228198253 0.6210776567459106 78
1716228200615 0.6209618449211121 79
1716228202932 0.6202343106269836 80
1716228205297 0.620073676109314 81
1716228207675 0.6197066903114319 82
1716228210137 0.6218277215957642 83
1716228212513 0.61917644739151 84
1716228214782 0.6184349060058594 85
1716228217051 0.6169091463088989 86
1716228219339 0.6159859895706177 87
1716228221620 0.6148247718811035 88
1716228223846 0.6147786378860474 89
1716228226140 0.6130514144897461 90
1716228228558 0.6170454025268555 91
1716228230864 0.6116207838058472 92
1716228233177 0.6107226014137268 93
1716228235557 0.6100040078163147 94
1716228237888 0.6092726588249207 95
1716228240314 0.6084593534469604 96
1716228243094 0.6080823540687561 97
1716228245308 0.6070795059204102 98
1716228247769 0.6058905124664307 99
