1716227992091 0.7075836358865857 1
1716227994454 0.7752760036922012 2
1716227996793 0.7882684214937699 3
1716227999119 0.7946885678456087 4
1716228001550 0.8044774254179754 5
1716228003935 0.806421064792092 6
1716228006330 0.8051288335758806 7
1716228008756 0.8039601072054692 8
1716228011140 0.8034553820595628 9
1716228013480 0.8035019344512554 10
1716228015859 0.8038350722926284 11
1716228018319 0.8035912293551185 12
1716228021120 0.8043305007214389 13
1716228023765 0.8047421551171452 14
1716228026405 0.8054602995077289 15
1716228028988 0.8062657771089276 16
1716228031478 0.8067419989466398 17
1716228033978 0.8070772396004137 18
1716228036546 0.8079257268736492 19
1716228039030 0.8085646517353217 20
1716228041554 0.8086565714189132 21
1716228044050 0.8090479260070308 22
1716228046495 0.8096286784407273 23
1716228049039 0.809580752680302 24
1716228051615 0.8098877503225547 25
1716228054060 0.8103476818041729 26
1716228056841 0.8108535918099253 27
1716228059326 0.8110487260066263 28
1716228061781 0.8115178345890237 29
1716228064194 0.8121940422001003 30
1716228066601 0.8115858993073364 31
1716228069085 0.8120545958013989 32
1716228071535 0.8119947038355418 33
1716228073961 0.812207659161161 34
1716228076404 0.8127153327040932 35
1716228079154 0.8121906790085657 36
1716228081785 0.8127033403354184 37
1716228084325 0.8127971455187916 38
1716228086820 0.8128967112114003 39
1716228089931 0.8132291446718083 40
1716228092821 0.8134233957158532 41
1716228095652 0.813915303954511 42
1716228098151 0.8140105605886239 43
1716228100747 0.8144758831179895 44
1716228104019 0.8146629142169196 45
1716228107731 0.8144463042910371 46
1716228111542 0.8144300155661122 47
1716228114362 0.8144667963464003 48
1716228117962 0.8146763723046666 49
1716228122010 0.8147386763735174 50
1716228126088 0.8143435701705953 51
1716228130530 0.8148116067072774 52
1716228134668 0.8149976974461177 53
1716228138136 0.8153927466333691 54
1716228140780 0.8150228356174362 55
1716228143102 0.8111346443615193 56
1716228145422 0.815049827196232 57
1716228147798 0.8168107412841433 58
1716228150134 0.8167929113478005 59
1716228152424 0.8175583531492382 60
1716228155414 0.8168934927955984 61
1716228158378 0.817372159800791 62
1716228160903 0.8166888641463279 63
1716228163409 0.8171273935669496 64
1716228165835 0.8174650443958558 65
1716228168395 0.817682948418325 66
1716228170860 0.8185181380493919 67
1716228173340 0.8186536499259538 68
1716228175699 0.8186652173848079 69
1716228178089 0.8189722947754534 70
1716228180564 0.8182117799153122 71
1716228183123 0.8181751505882447 72
1716228185711 0.8183063911546428 73
1716228188316 0.8181967741067364 74
1716228191037 0.8182441284679322 75
1716228193473 0.8187048422175973 76
1716228195817 0.818830471198329 77
1716228198253 0.8189971121117833 78
1716228200615 0.8193988572225904 79
1716228202932 0.8195141175509021 80
1716228205297 0.8191526605880967 81
1716228207675 0.8193797323736339 82
1716228210137 0.8188150134290856 83
1716228212513 0.8196195706097538 84
1716228214782 0.8194639396065011 85
1716228217051 0.8202751074432141 86
1716228219339 0.8210101274498839 87
1716228221620 0.8221199466680021 88
1716228223846 0.8229002103661163 89
1716228226140 0.8232242007895902 90
1716228228558 0.8240167325543448 91
1716228230864 0.823960133107509 92
1716228233177 0.8237675280085381 93
1716228235557 0.8251801725036847 94
1716228237888 0.825733830034944 95
1716228240314 0.8259810079434212 96
1716228243094 0.8266431625159941 97
1716228245308 0.8271687338293922 98
1716228247769 0.8268827462462238 99
