1716227992091 0.9466750495323057 1
1716227994454 0.967107968445878 2
1716227996793 0.9740259916651985 3
1716227999119 0.9766332868934641 4
1716228001550 0.9766863762866134 5
1716228003935 0.9779033298176606 6
1716228006330 0.9796375533033405 7
1716228008756 0.9806159746431925 8
1716228011140 0.9813823807440053 9
1716228013480 0.9818252484273569 10
1716228015859 0.9822757633030696 11
1716228018319 0.9828265091607543 12
1716228021120 0.9831821261624486 13
1716228023765 0.9835478769166222 14
1716228026405 0.9835593154330644 15
1716228028988 0.9832958052516045 16
1716228031478 0.9837314057137252 17
1716228033978 0.9838479222598528 18
1716228036546 0.9836258695796227 19
1716228039030 0.9838599249462234 20
1716228041554 0.9838262187752761 21
1716228044050 0.9840317250022697 22
1716228046495 0.9840709871959253 23
1716228049039 0.9841787230268465 24
1716228051615 0.9841016171297033 25
1716228054060 0.9844078248290242 26
1716228056841 0.9842455269116558 27
1716228059326 0.9844909284557622 28
1716228061781 0.9843587534329911 29
1716228064194 0.9845536301863385 30
1716228066601 0.9845378610942936 31
1716228069085 0.9845559032134842 32
1716228071535 0.984540963355756 33
1716228073961 0.9847312805467211 34
1716228076404 0.984647354648695 35
1716228079154 0.9845148470607507 36
1716228081785 0.9845975052275219 37
1716228084325 0.9847851302245454 38
1716228086820 0.9846928255749128 39
1716228089931 0.9846890567178295 40
1716228092821 0.9847743768982925 41
1716228095652 0.9847325593914754 42
1716228098151 0.9845829074399856 43
1716228100747 0.9847921948768705 44
1716228104019 0.984792478862567 45
1716228107731 0.9848532546386807 46
1716228111542 0.9848960298303353 47
1716228114362 0.9847786826134008 48
1716228117962 0.9848742726953201 49
1716228122010 0.9848328127039279 50
1716228126088 0.984775005221822 51
1716228130530 0.9848474537793325 52
1716228134668 0.9849128871876845 53
1716228138136 0.9848633534812375 54
1716228140780 0.9845618410054646 55
1716228143102 0.9833692297194483 56
1716228145422 0.984354176223107 57
1716228147798 0.9843410866584233 58
1716228150134 0.9844368926925146 59
1716228152424 0.9844811575396886 60
1716228155414 0.9844666299723227 61
1716228158378 0.9845045145656377 62
1716228160903 0.9846277673936293 63
1716228163409 0.9847079084793091 64
1716228165835 0.9846382455234055 65
1716228168395 0.9845591285311812 66
1716228170860 0.9846844395053332 67
1716228173340 0.9846334238374556 68
1716228175699 0.9846598343842333 69
1716228178089 0.9846698497147717 70
1716228180564 0.9846645464907358 71
1716228183123 0.9845945891644954 72
1716228185711 0.9847402602485715 73
1716228188316 0.9846448484510671 74
1716228191037 0.9848017093055037 75
1716228193473 0.9847926549739802 76
1716228195817 0.984746599867832 77
1716228198253 0.9848791540743118 78
1716228200615 0.9848042251016423 79
1716228202932 0.9848569946224686 80
1716228205297 0.984910549767942 81
1716228207675 0.9848472400197473 82
1716228210137 0.98487451158716 83
1716228212513 0.9847771306280318 84
1716228214782 0.9850292319132319 85
1716228217051 0.9849394223424911 86
1716228219339 0.9849474559060684 87
1716228221620 0.9848338220819794 88
1716228223846 0.9847750147987094 89
1716228226140 0.9848751856939518 90
1716228228558 0.9844762690251568 91
1716228230864 0.9850108456574395 92
1716228233177 0.9850242244673338 93
1716228235557 0.9849028300373581 94
1716228237888 0.9849481737771006 95
1716228240314 0.9850420708265787 96
1716228243094 0.9849869221541937 97
1716228245308 0.9849293710035067 98
1716228247769 0.9850098985669842 99
