1717522668067 1.0 1
1717522670379 1.0 2
1717522672636 1.0 3
1717522675092 1.0 4
1717522677418 1.0 5
1717522679864 1.0 6
1717522682280 1.0 7
1717522684683 1.0 8
1717522687151 1.0 9
1717522689602 1.0 10
1717522691975 1.0 11
1717522694320 1.0 12
1717522696656 1.0 13
1717522698988 1.0 14
1717522701342 1.0 15
1717522703760 1.0 16
1717522706125 1.0 17
1717522708427 0.9940058198038209 18
1717522710776 0.9852032096457932 19
1717522713112 0.9887375792438304 20
1717522715482 0.9963290076223317 21
1717522717847 0.9968898171190754 22
1717522720186 0.9904036215460112 23
1717522722519 0.9857551728873192 24
1717522724856 0.9810871276862649 25
1717522727555 0.9971287199278446 26
1717522729918 0.9843361199367907 27
1717522732242 0.9809627343105148 28
1717522734610 0.9792984718038034 29
1717522736970 0.953088364185906 30
1717522739322 0.9961371416211449 31
1717522741661 0.9952908721877821 32
1717522743984 0.9888745320066296 33
1717522746323 0.983711018197051 34
1717522748734 0.9899107282275101 35
1717522751087 0.9897490729966731 36
1717522753433 0.9809891150050839 37
1717522755786 0.9783957551098794 38
1717522758148 0.979043895637789 39
1717522760468 0.9786712222521764 40
1717522762828 0.9798515291129212 41
1717522765236 0.9778670102054965 42
1717522767656 0.977479993841187 43
1717522769993 0.9769138299814129 44
1717522772381 0.9787071053463184 45
1717522774706 0.9782127684213348 46
1717522777007 0.9786641912392894 47
1717522779369 0.9777837241828219 48
1717522781746 0.9798641571150642 49
1717522784061 0.9769791823027382 50
1717522786530 0.9787542890905242 51
1717522788890 0.9764190321968846 52
1717522791215 0.9779305748040595 53
1717522793745 0.9757848310771368 54
1717522796140 0.977470355795829 55
1717522798488 0.9782746323387019 56
1717522800864 0.9731463586873939 57
1717522803171 0.9843186384331274 58
1717522805557 0.9948829367241477 59
1717522807912 0.9949146110104362 60
1717522810296 0.9948930499927561 61
1717522812666 0.9940319301901981 62
1717522815037 0.9862513400539112 63
1717522817410 0.983979305900055 64
1717522819769 0.9809733763936636 65
1717522822096 0.9843013610200949 66
1717522824486 0.9838067868911179 67
1717522826849 0.9828530620680148 68
1717522829182 0.9836462410352079 69
1717522831534 0.9836462410352079 70
1717522833902 0.9835668759558428 71
1717522836258 0.9836462410352079 72
1717522838612 0.9823625467961627 73
1717522840975 0.9819553991107363 74
1717522843349 0.9838741630865949 75
1717522845729 0.9715102486385231 76
1717522848061 0.9843304463776008 77
1717522850394 0.9827033617486267 78
1717522852730 0.9825367344769395 79
1717522855058 0.9815273039769932 80
1717522857383 0.9791961223425113 81
1717522859763 0.9773723112988004 82
1717522862136 0.9783472419698243 83
1717522864499 0.97044148861766 84
1717522866808 0.9843263581314724 85
1717522869140 0.9896169628856903 86
1717522871565 0.9901530581192761 87
1717522873913 0.9893859744515723 88
1717522876472 0.988806917913529 89
1717522878819 0.9890928649314424 90
1717522881120 0.9885560073131623 91
1717522883464 0.9888310310685127 92
1717522885794 0.9887420472365193 93
1717522888353 0.9793359154654654 94
1717522891007 0.9914536810136028 95
1717522893606 0.9858715785329822 96
1717522895922 0.9932857408030682 97
1717522898262 0.9923475336888335 98
1717522900607 0.9926166540409758 99
