1717522668067 0.8064172502185409 1
1717522670379 0.8064172502185409 2
1717522672636 0.8064172502185409 3
1717522675092 0.8064172502185409 4
1717522677418 0.8064172502185409 5
1717522679864 0.8064172502185409 6
1717522682280 0.8064172502185409 7
1717522684683 0.8064172502185409 8
1717522687151 0.8064172502185409 9
1717522689602 0.8064172502185409 10
1717522691975 0.8064172502185409 11
1717522694320 0.8064172502185409 12
1717522696656 0.8064172502185409 13
1717522698988 0.8064172502185409 14
1717522701342 0.8064172502185409 15
1717522703760 0.8064172502185409 16
1717522706125 0.8064172502185409 17
1717522708427 0.8097798789420947 18
1717522710776 0.8145637576608437 19
1717522713112 0.8126543835663512 20
1717522715482 0.8085707931229688 21
1717522717847 0.8083244337389511 22
1717522720186 0.8132971977726103 23
1717522722519 0.8149986142968068 24
1717522724856 0.8168384595979868 25
1717522727555 0.8081818733503536 26
1717522729918 0.8146852425013471 27
1717522732242 0.8165581671873646 28
1717522734610 0.8174317622389359 29
1717522736970 0.7863857783046548 30
1717522739322 0.8084245397295187 31
1717522741661 0.808907523241696 32
1717522743984 0.8129055186087103 33
1717522746323 0.8129308318738886 34
1717522748734 0.813036052637761 35
1717522751087 0.8170122526800969 36
1717522753433 0.8283523828211476 37
1717522755786 0.8324631667659725 38
1717522758148 0.8326993810154423 39
1717522760468 0.8327687275778591 40
1717522762828 0.8321060888168953 41
1717522765236 0.8263284513133037 42
1717522767656 0.833268793752298 43
1717522769993 0.8326662699502378 44
1717522772381 0.8312962676915238 45
1717522774706 0.8301520003322359 46
1717522777007 0.8311904293470677 47
1717522779369 0.8335707652553067 48
1717522781746 0.8351582552869092 49
1717522784061 0.8387363002245565 50
1717522786530 0.8358768660121715 51
1717522788890 0.8354586029423334 52
1717522791215 0.8384333580245323 53
1717522793745 0.8399377796725105 54
1717522796140 0.8367428039723368 55
1717522798488 0.8416087154815602 56
1717522800864 0.8450819617034633 57
1717522803171 0.8128269504981015 58
1717522805557 0.8128173360559062 59
1717522807912 0.812784982103768 60
1717522810296 0.8128188793738105 61
1717522812666 0.8131327634615171 62
1717522815037 0.8188194858120293 63
1717522817410 0.823624013733562 64
1717522819769 0.8295563264168959 65
1717522822096 0.8268478737792466 66
1717522824486 0.8305865971124164 67
1717522826849 0.8300764972152072 68
1717522829182 0.8306524119344307 69
1717522831534 0.8306524119344307 70
1717522833902 0.8306490809256993 71
1717522836258 0.8306524119344307 72
1717522838612 0.8286103305362327 73
1717522840975 0.8307911414015687 74
1717522843349 0.8304457057123206 75
1717522845729 0.8214003117768556 76
1717522848061 0.8297465612976211 77
1717522850394 0.8306023503576054 78
1717522852730 0.8310922291310955 79
1717522855058 0.8333645112134282 80
1717522857383 0.8352709133097078 81
1717522859763 0.8334559915642055 82
1717522862136 0.8341087767252442 83
1717522864499 0.8344167707033493 84
1717522866808 0.835348277916754 85
1717522869140 0.8440016311171198 86
1717522871565 0.8435881387356371 87
1717522873913 0.8440468821014566 88
1717522876472 0.8443955804190681 89
1717522878819 0.8440505823457919 90
1717522881120 0.8442796541856811 91
1717522883464 0.8445702421190785 92
1717522885794 0.845730542247155 93
1717522888353 0.849090676782162 94
1717522891007 0.8421050896202774 95
1717522893606 0.8413287263386223 96
1717522895922 0.8412515926329012 97
1717522898262 0.8417348472425356 98
1717522900607 0.842241250197269 99
