1717522668067 0.0 1
1717522670379 0.0 2
1717522672636 0.0 3
1717522675092 0.0 4
1717522677418 0.0 5
1717522679864 0.0 6
1717522682280 0.0 7
1717522684683 0.0 8
1717522687151 0.0 9
1717522689602 0.0 10
1717522691975 0.0 11
1717522694320 0.0 12
1717522696656 0.0 13
1717522698988 0.0 14
1717522701342 0.0 15
1717522703760 0.0 16
1717522706125 0.0 17
1717522708427 0.044384267181158066 18
1717522710776 0.1057271957397461 19
1717522713112 0.08021855354309082 20
1717522715482 0.027831757441163063 21
1717522717847 0.025181900709867477 22
1717522720186 0.09112850576639175 23
1717522722519 0.11154738068580627 24
1717522724856 0.13524970412254333 25
1717522727555 0.022945521399378777 26
1717522729918 0.10779489576816559 27
1717522732242 0.13224659860134125 28
1717522734610 0.14418478310108185 29
1717522736970 0.10516718775033951 30
1717522739322 0.02629634365439415 31
1717522741661 0.032160330563783646 32
1717522743984 0.08548247069120407 33
1717522746323 0.09616301953792572 34
1717522748734 0.09127319604158401 35
1717522751087 0.1327182650566101 36
1717522753433 0.24217373132705688 37
1717522755786 0.280916690826416 38
1717522758148 0.28377896547317505 39
1717522760468 0.2846163809299469 40
1717522762828 0.2792558968067169 41
1717522765236 0.2218361496925354 42
1717522767656 0.28792425990104675 43
1717522769993 0.2825350761413574 44
1717522772381 0.2714427709579468 45
1717522774706 0.26246920228004456 46
1717522777007 0.2672866880893707 47
1717522779369 0.2894425690174103 48
1717522781746 0.30159902572631836 49
1717522784061 0.32805994153022766 50
1717522786530 0.30531105399131775 51
1717522788890 0.30402982234954834 52
1717522791215 0.3254295289516449 53
1717522793745 0.33704808354377747 54
1717522796140 0.3127955198287964 55
1717522798488 0.3514491319656372 56
1717522800864 0.37484070658683777 57
1717522803171 0.08123841881752014 58
1717522805557 0.08612556755542755 59
1717522807912 0.08570124208927155 60
1717522810296 0.08612847328186035 61
1717522812666 0.09005678445100784 62
1717522815037 0.1431993991136551 63
1717522817410 0.1927027404308319 64
1717522819769 0.2519899308681488 65
1717522822096 0.22495703399181366 66
1717522824486 0.26725637912750244 67
1717522826849 0.2612963914871216 68
1717522829182 0.26788511872291565 69
1717522831534 0.26788511872291565 70
1717522833902 0.26788946986198425 71
1717522836258 0.26788511872291565 72
1717522838612 0.25023153424263 73
1717522840975 0.26847904920578003 74
1717522843349 0.26598742604255676 75
1717522845729 0.16909554600715637 76
1717522848061 0.25939878821372986 77
1717522850394 0.2667549252510071 78
1717522852730 0.2715527415275574 79
1717522855058 0.2899361848831177 80
1717522857383 0.3046468198299408 81
1717522859763 0.28902342915534973 82
1717522862136 0.29594653844833374 83
1717522864499 0.27727776765823364 84
1717522866808 0.30001479387283325 85
1717522869140 0.3723914325237274 86
1717522871565 0.36937570571899414 87
1717522873913 0.3725608289241791 88
1717522876472 0.37451469898223877 89
1717522878819 0.3721928298473358 90
1717522881120 0.3732866942882538 91
1717522883464 0.37474313378334045 92
1717522885794 0.3830816149711609 93
1717522888353 0.39985865354537964 94
1717522891007 0.3585386276245117 95
1717522893606 0.3525806963443756 96
1717522895922 0.3526621162891388 97
1717522898262 0.35548707842826843 98
1717522900607 0.35943061113357544 99
