1717522668067 0.0 1
1717522670379 0.0 2
1717522672636 0.0 3
1717522675092 0.0 4
1717522677418 0.0 5
1717522679864 0.0 6
1717522682280 0.0 7
1717522684683 0.0 8
1717522687151 0.0 9
1717522689602 0.0 10
1717522691975 0.0 11
1717522694320 0.0 12
1717522696656 0.0 13
1717522698988 0.0 14
1717522701342 0.0 15
1717522703760 0.0 16
1717522706125 0.0 17
1717522708427 0.026630522452635183 18
1717522710776 0.06473105064184011 19
1717522713112 0.049095329683115224 20
1717522715482 0.016927000008312976 21
1717522717847 0.014882706526574795 22
1717522720186 0.05226364762038742 23
1717522722519 0.06756367272644569 24
1717522724856 0.08276910298451022 25
1717522727555 0.013678720163518975 26
1717522729918 0.06649292509856924 27
1717522732242 0.08142696924751033 28
1717522734610 0.08875991257316822 29
1717522736970 0.09048674407427633 30
1717522739322 0.016172205050598493 31
1717522741661 0.019767273563180823 32
1717522743984 0.051105509077712434 33
1717522746323 0.056729847574891946 34
1717522748734 0.05199229344378171 35
1717522751087 0.07630716612936288 36
1717522753433 0.15349738449480224 37
1717522755786 0.18046669098468915 38
1717522758148 0.18124257656019277 39
1717522760468 0.18188714110482795 40
1717522762828 0.17709662039642157 41
1717522765236 0.14325583731587813 42
1717522767656 0.18546980688200476 43
1717522769993 0.18252990070523978 44
1717522772381 0.17275921343918677 45
1717522774706 0.1669407637062658 46
1717522777007 0.172388576599356 47
1717522779369 0.18704910027783414 48
1717522781746 0.19449863137652343 49
1717522784061 0.21760126590623105 50
1717522786530 0.19952358246289478 51
1717522788890 0.19936934153652203 52
1717522791215 0.2147197546315315 53
1717522793745 0.22550390233814135 54
1717522796140 0.20545463516732285 55
1717522798488 0.23380113083108847 56
1717522800864 0.25778050835473604 57
1717522803171 0.05390443543972532 58
1717522805557 0.046011900664131605 59
1717522807912 0.04576680262491592 60
1717522810296 0.046011900664131605 61
1717522812666 0.04867259026659621 62
1717522815037 0.089238060374658 63
1717522817410 0.12139384985069211 64
1717522819769 0.15985071082816144 65
1717522822096 0.14057860136859798 66
1717522824486 0.16495998477477566 67
1717522826849 0.16227148654049403 68
1717522829182 0.16547903432877037 69
1717522831534 0.16547903432877037 70
1717522833902 0.1655287114276278 71
1717522836258 0.16547903432877037 72
1717522838612 0.15479271496749408 73
1717522840975 0.16748784904842023 74
1717522843349 0.16405843213550733 75
1717522845729 0.11717564396446623 76
1717522848061 0.15922492573376879 77
1717522850394 0.16571281146630062 78
1717522852730 0.16908113791154372 79
1717522855058 0.18325183081563845 80
1717522857383 0.1960969056163588 81
1717522859763 0.1869450774463888 82
1717522862136 0.19002921399625533 83
1717522864499 0.19300695657411646 84
1717522866808 0.19224805004158624 85
1717522869140 0.23930809901453312 86
1717522871565 0.23663949222438685 87
1717522873913 0.23968021052600957 88
1717522876472 0.24230399206016476 89
1717522878819 0.2398291794766451 90
1717522881120 0.24149209002667713 91
1717522883464 0.24294520082715695 92
1717522885794 0.24960854851669725 93
1717522888353 0.27495253514897416 94
1717522891007 0.2267169212692929 95
1717522893606 0.22625204552746173 96
1717522895922 0.22057213257487346 97
1717522898262 0.224152156579832 98
1717522900607 0.2269118976396865 99
