1717928771874 0.1237162469846456 1
1717928775553 0.1701199003242569 2
1717928779823 0.22415310069252464 3
1717928784185 0.21748936040266625 4
1717928788028 0.23929567550749642 5
1717928792460 0.24260179316203673 6
1717928796965 0.24297122786182906 7
1717928801446 0.2576328447207662 8
1717928805809 0.2701469840424465 9
1717928809815 0.2818431371719484 10
1717928814399 0.2953971468118663 11
1717928818899 0.3003653576962052 12
1717928823393 0.31906497576564485 13
1717928827397 0.3337839200731037 14
1717928832200 0.313025522520675 15
1717928836809 0.338244848263802 16
1717928841330 0.34416220182666746 17
1717928845964 0.3533113032054681 18
1717928849975 0.3581505497650827 19
1717928854610 0.3629293563604824 20
1717928859182 0.36132927044094487 21
1717928863664 0.3656076826110285 22
1717928868273 0.36819096712267874 23
1717928872306 0.3697168413508763 24
1717928876818 0.3705260454009401 25
1717928881403 0.37209546396105575 26
1717928886539 0.34185047730381235 27
1717928890605 0.3651674652253096 28
1717928895106 0.3871433769732012 29
1717928899668 0.39219427035634175 30
1717928904211 0.3944099208633409 31
1717928908874 0.40060935156594757 32
1717928912852 0.406236872109933 33
1717928917398 0.40595905206976973 34
1717928922025 0.410029077910405 35
1717928926591 0.40142516871499223 36
1717928931045 0.4091177054912228 37
1717928935189 0.4108479970604232 38
1717928939680 0.41045079962372366 39
1717928944208 0.410848870124474 40
1717928948771 0.410940537670297 41
1717928952790 0.3608929837721118 42
1717928957359 0.37032217301456716 43
1717928961970 0.40147740912634583 44
1717928966524 0.41030121402043296 45
1717928971097 0.4113096835596994 46
1717928975105 0.41258550373407965 47
1717928979698 0.4132426615768874 48
1717928984194 0.4140425656250478 49
1717928988753 0.41388452868285314 50
1717928992951 0.4144626976989353 51
1717928997488 0.4141895991237286 52
1717929002148 0.4148757439853819 53
1717929006758 0.4147913210775892 54
1717929011382 0.41539646079631326 55
1717929015550 0.415806459588058 56
1717929020095 0.4164794139643703 57
1717929024732 0.4162424995943095 58
1717929029277 0.41707588613476354 59
1717929033887 0.37875268434045617 60
1717929038024 0.4104712095740638 61
1717929042624 0.4127365829042306 62
1717929047279 0.4140675413511355 63
1717929051896 0.4157208159380734 64
1717929056629 0.4164140496880118 65
1717929060699 0.4173703810897381 66
1717929065258 0.4183561261168919 67
1717929070448 0.4191409793554154 68
1717929075105 0.4201339789982585 69
1717929079677 0.42033995906506405 70
1717929083837 0.42070135434854905 71
1717929088540 0.42196314819003505 72
1717929093129 0.42223220690682217 73
1717929097693 0.4229026083673374 74
1717929102247 0.4258454506258739 75
1717929106434 0.42707881930754105 76
1717929111150 0.42461617065132834 77
1717929115806 0.43730873390050506 78
1717929120413 0.42624765242134116 79
1717929125145 0.4396997758350876 80
1717929129267 0.44214383711496713 81
1717929134710 0.44310887138295707 82
1717929140095 0.4472241817196735 83
1717929145816 0.39075493022177704 84
1717929151042 0.41403591563838604 85
1717929156423 0.4225256560900729 86
1717929161684 0.4245139941250217 87
1717929167012 0.4273963851936197 88
1717929171494 0.43897951668109847 89
1717929176644 0.4483227702964002 90
1717929181745 0.45567714272761844 91
1717929186899 0.46266244435745457 92
1717929192049 0.46472669657066873 93
1717929197152 0.4700075642643943 94
1717929201484 0.47230865358912844 95
1717929206638 0.472721560817818 96
1717929211841 0.4787385846471034 97
1717929216991 0.4777766244631255 98
1717929222227 0.4793231842149816 99
