1717928771874 329906.0 1
1717928775553 329906.0 2
1717928779823 329906.0 3
1717928784185 329906.0 4
1717928788028 329906.0 5
1717928792460 329906.0 6
1717928796965 329906.0 7
1717928801446 329906.0 8
1717928805809 329906.0 9
1717928809815 329906.0 10
1717928814399 329906.0 11
1717928818899 329906.0 12
1717928823393 329906.0 13
1717928827397 329906.0 14
1717928832200 329906.0 15
1717928836809 329906.0 16
1717928841330 329906.0 17
1717928845964 329906.0 18
1717928849975 329906.0 19
1717928854610 329906.0 20
1717928859182 329906.0 21
1717928863664 329906.0 22
1717928868273 329906.0 23
1717928872306 329906.0 24
1717928876818 329906.0 25
1717928881403 329906.0 26
1717928886539 329906.0 27
1717928890605 329906.0 28
1717928895106 329906.0 29
1717928899668 329906.0 30
1717928904211 329906.0 31
1717928908874 329906.0 32
1717928912852 329906.0 33
1717928917398 329906.0 34
1717928922025 329906.0 35
1717928926591 329906.0 36
1717928931045 329906.0 37
1717928935189 329906.0 38
1717928939680 329906.0 39
1717928944208 329906.0 40
1717928948771 329906.0 41
1717928952790 329906.0 42
1717928957359 329906.0 43
1717928961970 329906.0 44
1717928966524 329906.0 45
1717928971097 329906.0 46
1717928975105 329906.0 47
1717928979698 329906.0 48
1717928984194 329906.0 49
1717928988753 329906.0 50
1717928992951 329906.0 51
1717928997488 329906.0 52
1717929002148 329906.0 53
1717929006758 329906.0 54
1717929011382 329906.0 55
1717929015550 329906.0 56
1717929020095 329906.0 57
1717929024732 329906.0 58
1717929029277 329906.0 59
1717929033887 329906.0 60
1717929038024 329906.0 61
1717929042624 329906.0 62
1717929047279 329906.0 63
1717929051896 329906.0 64
1717929056629 329906.0 65
1717929060699 329906.0 66
1717929065258 329906.0 67
1717929070448 329906.0 68
1717929075105 329906.0 69
1717929079677 329906.0 70
1717929083837 329906.0 71
1717929088540 329906.0 72
1717929093129 329906.0 73
1717929097693 329906.0 74
1717929102247 329906.0 75
1717929106434 329906.0 76
1717929111150 329906.0 77
1717929115806 329906.0 78
1717929120413 329906.0 79
1717929125145 329906.0 80
1717929129267 329906.0 81
1717929134710 329906.0 82
1717929140095 329906.0 83
1717929145816 329906.0 84
1717929151042 329906.0 85
1717929156423 329906.0 86
1717929161684 329906.0 87
1717929167012 329906.0 88
1717929171494 329906.0 89
1717929176644 329906.0 90
1717929181745 329906.0 91
1717929186899 329906.0 92
1717929192049 329906.0 93
1717929197152 329906.0 94
1717929201484 329906.0 95
1717929206638 329906.0 96
1717929211841 329906.0 97
1717929216991 329906.0 98
1717929222227 329906.0 99
