1717339009013 25972.0 1
1717339013250 25972.0 2
1717339017443 25972.0 3
1717339021461 25972.0 4
1717339025531 25972.0 5
1717339029526 25972.0 6
1717339034722 25972.0 7
1717339039322 25972.0 8
1717339043781 25972.0 9
1717339047759 25972.0 10
1717339052023 25972.0 11
1717339056630 25972.0 12
1717339061702 25972.0 13
1717339065853 25972.0 14
1717339070132 25972.0 15
1717339074788 25972.0 16
1717339079849 25972.0 17
1717339084242 25972.0 18
1717339088702 25972.0 19
1717339093929 25972.0 20
1717339098519 25972.0 21
1717339103118 25972.0 22
1717339107297 25972.0 23
1717339111809 25972.0 24
1717339115905 25972.0 25
1717339120453 25972.0 26
1717339124994 25972.0 27
1717339130964 25972.0 28
1717339135817 25972.0 29
1717339141632 25972.0 30
1717339147060 25972.0 31
1717339152480 25972.0 32
1717339157879 25972.0 33
1717339163387 25972.0 34
1717339168654 25972.0 35
1717339173283 25972.0 36
1717339178308 25972.0 37
1717339182786 25972.0 38
1717339187305 25972.0 39
1717339191597 25972.0 40
1717339195881 25972.0 41
1717339200152 25972.0 42
1717339204449 25972.0 43
1717339208722 25972.0 44
1717339212971 25972.0 45
1717339217429 25972.0 46
1717339221968 25972.0 47
1717339226209 25972.0 48
1717339230625 25972.0 49
1717339235199 25972.0 50
1717339239890 25972.0 51
1717339244300 25972.0 52
1717339248903 25972.0 53
1717339253419 25972.0 54
1717339257926 25972.0 55
1717339262733 25972.0 56
1717339267161 25972.0 57
1717339271599 25972.0 58
1717339276119 25972.0 59
1717339280515 25972.0 60
1717339285027 25972.0 61
1717339289640 25972.0 62
1717339294080 25972.0 63
1717339298662 25972.0 64
1717339303059 25972.0 65
1717339307453 25972.0 66
1717339311914 25972.0 67
1717339316360 25972.0 68
1717339320652 25972.0 69
1717339325108 25972.0 70
1717339329408 25972.0 71
1717339333814 25972.0 72
1717339338150 25972.0 73
1717339342451 25972.0 74
1717339346986 25972.0 75
1717339351370 25972.0 76
1717339355711 25972.0 77
1717339359975 25972.0 78
1717339364289 25972.0 79
1717339368667 25972.0 80
1717339372993 25972.0 81
1717339377212 25972.0 82
1717339381478 25972.0 83
1717339385910 25972.0 84
1717339390331 25972.0 85
1717339395278 25972.0 86
1717339400091 25972.0 87
1717339404388 25972.0 88
1717339408899 25972.0 89
1717339413324 25972.0 90
1717339417788 25972.0 91
1717339422341 25972.0 92
1717339427190 25972.0 93
1717339431990 25972.0 94
1717339436506 25972.0 95
1717339440967 25972.0 96
1717339445532 25972.0 97
1717339450145 25972.0 98
1717339454932 25972.0 99
