1717625732382 0.9841713357261073 1
1717625747786 0.9802991701118828 2
1717625764237 0.9797306718333216 3
1717625780289 0.981005882313736 4
1717625797845 0.9815473613533378 5
1717625814638 0.9813826925884728 6
1717625832628 0.9812773916785555 7
1717625849844 0.9813411271450508 8
1717625868993 0.9814228579421391 9
1717625887152 0.9814250321761925 10
1717625904124 0.982023167075533 11
1717625922232 0.9821669427437261 12
1717625938238 0.9822187732333478 13
1717625956682 0.9823578576870755 14
1717625973530 0.9824436999720182 15
1717625991976 0.9824841943819761 16
