1717460584827 0.897740894182185 1
1717460592796 0.9166798614749032 2
1717460600876 0.9192751673951531 3
1717460608654 0.9215520727633767 4
1717460616506 0.9225910316348146 5
1717460624524 0.9232290508634893 6
1717460632583 0.9230548264103293 7
1717460640388 0.9231933346575014 8
1717460648233 0.9235459891513152 9
1717460656217 0.9238159327563263 10
1717460664074 0.924205707399409 11
1717460671948 0.9246109054506771 12
1717460679695 0.9252051727848982 13
1717460687569 0.9257844804692081 14
1717460695620 0.9268913695604264 15
1717460703749 0.9276669040923345 16
1717460711585 0.9284653574772275 17
1717460719397 0.929334012587327 18
1717460727539 0.9305144637522065 19
1717460735560 0.9314326757999526 20
1717460743487 0.9324051634333873 21
1717460751362 0.9331756402475048 22
1717460759404 0.9338740731905133 23
1717460767201 0.9346816373726312 24
1717460775015 0.935479624022512 25
1717460782827 0.9362756522736282 26
1717460790635 0.9369969278041055 27
1717460798445 0.937686707734828 28
1717460806693 0.938301111240155 29
1717460814385 0.9388470588074197 30
1717460822486 0.9391685668487674 31
1717460830455 0.9395090157610496 32
1717460838248 0.9398695116941679 33
1717460846070 0.9400850525525533 34
1717460853787 0.9404275958741823 35
1717460861973 0.940508029598997 36
1717460869878 0.9411155358790416 37
1717460877780 0.9413756176346624 38
1717460885475 0.9415475819228748 39
1717460893885 0.9418835558110944 40
1717460901704 0.9421486973183124 41
1717460909394 0.9422461806786637 42
1717460917135 0.9422403762868269 43
1717460924992 0.9419189270585155 44
1717460933261 0.9422477877011958 45
1717460941054 0.9422768373768363 46
1717460949037 0.9424552324831024 47
1717460956901 0.9425441028906508 48
1717460964706 0.9427068675199899 49
1717460972526 0.9428049889805331 50
1717460980435 0.9430394615521589 51
1717460988231 0.9433151690165835 52
1717460996192 0.9434632183429074 53
1717461004374 0.943698742063275 54
1717461012245 0.9439764237499318 55
1717461020117 0.9441853045827516 56
1717461027951 0.9442599114044266 57
1717461035779 0.9444902364699107 58
1717461043422 0.944649107631123 59
1717461051485 0.9447807919963334 60
1717461059341 0.9450082731230653 61
1717461067176 0.945158167456102 62
1717461074966 0.9451488383148747 63
1717461082676 0.9453543534995195 64
1717461090511 0.945492896271758 65
1717461098413 0.9453810022192729 66
1717461106176 0.9455080276512359 67
1717461114038 0.9455096157499298 68
1717461121744 0.9455640002418252 69
1717461129563 0.9457428805418854 70
1717461137745 0.9458713197775281 71
1717461145392 0.9458996223026438 72
1717461153165 0.9456547572216286 73
1717461160929 0.9457435224216824 74
1717461168485 0.945716920422488 75
1717461176033 0.9457620009003259 76
1717461183721 0.945831958074539 77
1717461191461 0.9459104035109209 78
1717461199346 0.9459230191175733 79
1717461206863 0.9457124656550417 80
1717461214677 0.945936045767047 81
1717461222493 0.9460320904685128 82
1717461230399 0.9461180428736509 83
1717461238520 0.9461082178118139 84
1717461246592 0.9459637159587019 85
1717461254471 0.9458479681078916 86
1717461262301 0.9458774653234365 87
1717461269996 0.9459610820895394 88
1717461277981 0.9459705995249444 89
1717461285885 0.946012261196511 90
1717461293601 0.9459513169706151 91
1717461301510 0.9459825667565204 92
1717461309241 0.9458303653748802 93
1717461317021 0.9458589141723217 94
1717461324695 0.9460288098069316 95
1717461332698 0.9459032401346963 96
1717461340472 0.9460024133182969 97
1717461348323 0.9459283604389094 98
1717461356015 0.9459625266898425 99
