1717460584827 143327.0 1
1717460592796 143327.0 2
1717460600876 143327.0 3
1717460608654 143327.0 4
1717460616506 143327.0 5
1717460624524 143327.0 6
1717460632583 143327.0 7
1717460640388 143327.0 8
1717460648233 143327.0 9
1717460656217 143327.0 10
1717460664074 143327.0 11
1717460671948 143327.0 12
1717460679695 143327.0 13
1717460687569 143327.0 14
1717460695620 143327.0 15
1717460703749 143327.0 16
1717460711585 143327.0 17
1717460719397 143327.0 18
1717460727539 143327.0 19
1717460735560 143327.0 20
1717460743487 143327.0 21
1717460751362 143327.0 22
1717460759404 143327.0 23
1717460767201 143327.0 24
1717460775015 143327.0 25
1717460782827 143327.0 26
1717460790635 143327.0 27
1717460798445 143327.0 28
1717460806693 143327.0 29
1717460814385 143327.0 30
1717460822486 143327.0 31
1717460830455 143327.0 32
1717460838248 143327.0 33
1717460846070 143327.0 34
1717460853787 143327.0 35
1717460861973 143327.0 36
1717460869878 143327.0 37
1717460877780 143327.0 38
1717460885475 143327.0 39
1717460893885 143327.0 40
1717460901704 143327.0 41
1717460909394 143327.0 42
1717460917135 143327.0 43
1717460924992 143327.0 44
1717460933261 143327.0 45
1717460941054 143327.0 46
1717460949037 143327.0 47
1717460956901 143327.0 48
1717460964706 143327.0 49
1717460972526 143327.0 50
1717460980435 143327.0 51
1717460988231 143327.0 52
1717460996192 143327.0 53
1717461004374 143327.0 54
1717461012245 143327.0 55
1717461020117 143327.0 56
1717461027951 143327.0 57
1717461035779 143327.0 58
1717461043422 143327.0 59
1717461051485 143327.0 60
1717461059341 143327.0 61
1717461067176 143327.0 62
1717461074966 143327.0 63
1717461082676 143327.0 64
1717461090511 143327.0 65
1717461098413 143327.0 66
1717461106176 143327.0 67
1717461114038 143327.0 68
1717461121744 143327.0 69
1717461129563 143327.0 70
1717461137745 143327.0 71
1717461145392 143327.0 72
1717461153165 143327.0 73
1717461160929 143327.0 74
1717461168485 143327.0 75
1717461176033 143327.0 76
1717461183721 143327.0 77
1717461191461 143327.0 78
1717461199346 143327.0 79
1717461206863 143327.0 80
1717461214677 143327.0 81
1717461222493 143327.0 82
1717461230399 143327.0 83
1717461238520 143327.0 84
1717461246592 143327.0 85
1717461254471 143327.0 86
1717461262301 143327.0 87
1717461269996 143327.0 88
1717461277981 143327.0 89
1717461285885 143327.0 90
1717461293601 143327.0 91
1717461301510 143327.0 92
1717461309241 143327.0 93
1717461317021 143327.0 94
1717461324695 143327.0 95
1717461332698 143327.0 96
1717461340472 143327.0 97
1717461348323 143327.0 98
1717461356015 143327.0 99
