1717460584827 0.9760133926350324 1
1717460592796 0.9809301160822255 2
1717460600876 0.9816810074975795 3
1717460608654 0.9822958556130093 4
1717460616506 0.9825984387791333 5
1717460624524 0.9827983406927657 6
1717460632583 0.9828293454838334 7
1717460640388 0.9829189451011917 8
1717460648233 0.9830464649034864 9
1717460656217 0.983156477760719 10
1717460664074 0.9832741089094997 11
1717460671948 0.9833999062561625 12
1717460679695 0.9835677820757496 13
1717460687569 0.98370397015396 14
1717460695620 0.983959912334083 15
1717460703749 0.9841228924024141 16
1717460711585 0.9843025648335879 17
1717460719397 0.9845005162502193 18
1717460727539 0.9847681610942337 19
1717460735560 0.984972158667889 20
1717460743487 0.9851831217318024 21
1717460751362 0.9853653930819217 22
1717460759404 0.9855253555680963 23
1717460767201 0.9857170795614001 24
1717460775015 0.9859008567974755 25
1717460782827 0.9860820868006867 26
1717460790635 0.9862572592762003 27
1717460798445 0.9864085787160058 28
1717460806693 0.9865396065761106 29
1717460814385 0.9866533650047395 30
1717460822486 0.9867297530782645 31
1717460830455 0.986810057280862 32
1717460838248 0.9869024158587416 33
1717460846070 0.986954701774337 34
1717460853787 0.9870469531144018 35
1717460861973 0.9870719006341077 36
1717460869878 0.9872061909249208 37
1717460877780 0.9872801292688634 38
1717460885475 0.9873204862515763 39
1717460893885 0.9873822040252281 40
1717460901704 0.987433389337439 41
1717460909394 0.987454361367169 42
1717460917135 0.9874587760508231 43
1717460924992 0.9874047758659196 44
1717460933261 0.9874803263586347 45
1717460941054 0.9874876281879507 46
1717460949037 0.9875264500855263 47
1717460956901 0.9875487480676168 48
1717460964706 0.9875851055274708 49
1717460972526 0.9876116737099669 50
1717460980435 0.9876664398361671 51
1717460988231 0.987727277293077 52
1717460996192 0.9877670589824066 53
1717461004374 0.9878269094284784 54
1717461012245 0.9878925568272245 55
1717461020117 0.9879441880877803 56
1717461027951 0.987963779156228 57
1717461035779 0.9880174624050623 58
1717461043422 0.9880562399062008 59
1717461051485 0.9880879114946501 60
1717461059341 0.9881461545064636 61
1717461067176 0.9881826923013739 62
1717461074966 0.9881852167127138 63
1717461082676 0.9882289580154257 64
1717461090511 0.9882594828648698 65
1717461098413 0.9882337917176278 66
1717461106176 0.9882643679332699 67
1717461114038 0.9882713015696513 68
1717461121744 0.9882795594622991 69
1717461129563 0.98832041463389 70
1717461137745 0.9883490945447093 71
1717461145392 0.9883615677835101 72
1717461153165 0.9883129945192093 73
1717461160929 0.9883324726705579 74
1717461168485 0.9883334051242776 75
1717461176033 0.9883406979616063 76
1717461183721 0.9883654006363687 77
1717461191461 0.9883831846546087 78
1717461199346 0.9883919419619138 79
1717461206863 0.9883536034683242 80
1717461214677 0.9884048028817395 81
1717461222493 0.9884280734878996 82
1717461230399 0.9884481443118832 83
1717461238520 0.9884479948932883 84
1717461246592 0.9884146164195997 85
1717461254471 0.9883944491141006 86
1717461262301 0.9884030181197215 87
1717461269996 0.9884223255422686 88
1717461277981 0.9884287148445298 89
1717461285885 0.98843744215637 90
1717461293601 0.9884217676711113 91
1717461301510 0.9884344446959391 92
1717461309241 0.9884068632753301 93
1717461317021 0.988411128939004 94
1717461324695 0.9884446456875531 95
1717461332698 0.9884243509725216 96
1717461340472 0.9884462074042758 97
1717461348323 0.9884338550824691 98
1717461356015 0.9884438259190886 99
