1717460584827 0.7709388255262483 1
1717460592796 0.8302607488453989 2
1717460600876 0.8368328238066016 3
1717460608654 0.8403180082255278 4
1717460616506 0.8427851687532447 5
1717460624524 0.8444922058886098 6
1717460632583 0.846104194098807 7
1717460640388 0.8479417168072857 8
1717460648233 0.8495155320124774 9
1717460656217 0.850664044122492 10
1717460664074 0.8517458425639739 11
1717460671948 0.853210374186899 12
1717460679695 0.8544412239354257 13
1717460687569 0.8552590626261563 14
1717460695620 0.8558180636430177 15
1717460703749 0.8561804946559349 16
1717460711585 0.8565591527105713 17
1717460719397 0.8568573627276649 18
1717460727539 0.8571374466109103 19
1717460735560 0.8573347855383429 20
1717460743487 0.8575075910337342 21
1717460751362 0.8578215495299566 22
1717460759404 0.8579709024640527 23
1717460767201 0.8583031086170254 24
1717460775015 0.8585160906644358 25
1717460782827 0.8587221050060501 26
1717460790635 0.8590318325389428 27
1717460798445 0.8593118628778911 28
1717460806693 0.8595939940089625 29
1717460814385 0.8598242595241308 30
1717460822486 0.8601569662901767 31
1717460830455 0.8604703661812345 32
1717460838248 0.8607982828714998 33
1717460846070 0.8613510281501067 34
1717460853787 0.8618822280748853 35
1717460861973 0.8623626264441956 36
1717460869878 0.8629627078593742 37
1717460877780 0.863612609068683 38
1717460885475 0.8643781362243007 39
1717460893885 0.864998270184841 40
1717460901704 0.8654191768462468 41
1717460909394 0.8660967671616974 42
1717460917135 0.8665361720345715 43
1717460924992 0.8670051116384019 44
1717460933261 0.8674637914204744 45
1717460941054 0.8678783433195312 46
1717460949037 0.8681598594894575 47
1717460956901 0.868575211562021 48
1717460964706 0.8688645770041094 49
1717460972526 0.869183446037012 50
1717460980435 0.8695023354035297 51
1717460988231 0.8697336635008522 52
1717460996192 0.8700369420110368 53
1717461004374 0.8702394604094187 54
1717461012245 0.8704976472455331 55
1717461020117 0.8707272201630031 56
1717461027951 0.8708992021406232 57
1717461035779 0.8711692948089452 58
1717461043422 0.8713261258441667 59
1717461051485 0.8715736202604936 60
1717461059341 0.8718425576225319 61
1717461067176 0.8720104503333559 62
1717461074966 0.8722172447970488 63
1717461082676 0.8723505707672515 64
1717461090511 0.8725655204305724 65
1717461098413 0.8727002663406134 66
1717461106176 0.8729918968571035 67
1717461114038 0.8730805008550154 68
1717461121744 0.8732841681086198 69
1717461129563 0.8734723308817061 70
1717461137745 0.8736274468694453 71
1717461145392 0.8738337749043213 72
1717461153165 0.8739436366534531 73
1717461160929 0.8741596324440771 74
1717461168485 0.8743398279721413 75
1717461176033 0.8745095186245572 76
1717461183721 0.8747097975788705 77
1717461191461 0.8749023774818895 78
1717461199346 0.8750704001686824 79
1717461206863 0.8753516660055332 80
1717461214677 0.8756783560417986 81
1717461222493 0.8758639882604603 82
1717461230399 0.8760553736672967 83
1717461238520 0.8762257350104974 84
1717461246592 0.876524781676307 85
1717461254471 0.8767332281033858 86
1717461262301 0.8768889541201376 87
1717461269996 0.8770777580401401 88
1717461277981 0.8773083000763017 89
1717461285885 0.8774544405114022 90
1717461293601 0.8777004495976235 91
1717461301510 0.8778495411357056 92
1717461309241 0.8780149765310552 93
1717461317021 0.8781960617217146 94
1717461324695 0.8783317454837066 95
1717461332698 0.8784867849973813 96
1717461340472 0.8786132734879301 97
1717461348323 0.8788006232885488 98
1717461356015 0.8788880612030363 99
