1717439576682 0.580327033996582 1
1717439587455 0.6387781500816345 2
1717439598323 0.6700754165649414 3
1717439609195 0.6843718886375427 4
1717439620080 0.7025445103645325 5
1717439631322 0.7179795503616333 6
1717439642254 0.7297521829605103 7
1717439653617 0.7375331521034241 8
1717439665354 0.7439042329788208 9
1717439677030 0.7503626942634583 10
1717439689703 0.7543580532073975 11
1717439701210 0.7584547400474548 12
1717439712826 0.7597278356552124 13
1717439724589 0.7640572786331177 14
1717439736676 0.7660778164863586 15
1717439749383 0.7687433958053589 16
1717439761939 0.7737135887145996 17
1717439774497 0.7743203043937683 18
1717439787126 0.7767746448516846 19
1717439799768 0.7799516916275024 20
1717439812539 0.7808088660240173 21
1717439825357 0.783814549446106 22
1717439839131 0.7864457368850708 23
1717439853834 0.7860226035118103 24
1717439867676 0.7872400879859924 25
1717439879935 0.7874564528465271 26
1717439892308 0.7900789976119995 27
1717439904473 0.7919006943702698 28
1717439916183 0.7926819324493408 29
1717439927988 0.794550359249115 30
1717439939857 0.7954351305961609 31
1717439952124 0.7956705093383789 32
1717439964641 0.7967849373817444 33
1717439977283 0.7950751185417175 34
1717439989995 0.7972182631492615 35
1717440001842 0.8011797666549683 36
1717440013613 0.8000384569168091 37
1717440025347 0.8017263412475586 38
1717440038032 0.8023459315299988 39
1717440049125 0.8036524653434753 40
1717440060108 0.8042455911636353 41
1717440070956 0.8060574531555176 42
1717440082194 0.806871771812439 43
1717440093529 0.8071960806846619 44
1717440105016 0.8052778840065002 45
1717440116332 0.807876467704773 46
1717440127814 0.809586763381958 47
1717440139343 0.8089098930358887 48
1717440151005 0.8093368411064148 49
1717440162803 0.8093534708023071 50
1717440174193 0.8118696212768555 51
1717440184864 0.8100503087043762 52
1717440195874 0.8124764561653137 53
1717440206952 0.8147127032279968 54
1717440218501 0.8126029968261719 55
1717440230086 0.8122149705886841 56
1717440241874 0.8137677311897278 57
1717440253645 0.8140944838523865 58
1717440265275 0.8151344060897827 59
1717440276302 0.8148202300071716 60
1717440287394 0.8168513178825378 61
1717440298493 0.8168187141418457 62
1717440309628 0.8179281949996948 63
1717440320855 0.8193116188049316 64
1717440332028 0.8162628412246704 65
1717440343227 0.8147677183151245 66
1717440354386 0.8199037313461304 67
1717440366231 0.8210090398788452 68
1717440377416 0.8201847672462463 69
1717440388599 0.8162551522254944 70
1717440399744 0.8159262537956238 71
1717440410983 0.8211894631385803 72
1717440421825 0.8233033418655396 73
1717440433378 0.8223628401756287 74
1717440445058 0.8256362676620483 75
1717440456809 0.8256941437721252 76
1717440468723 0.825821578502655 77
1717440480385 0.8251779079437256 78
1717440492712 0.8239584565162659 79
1717440504024 0.8256615996360779 80
1717440515916 0.8286566138267517 81
1717440527600 0.8295878767967224 82
1717440539598 0.830938994884491 83
1717440552248 0.8306805491447449 84
1717440563626 0.8308656215667725 85
1717440575202 0.8272349238395691 86
1717440586759 0.8302725553512573 87
1717440598212 0.8289631605148315 88
1717440609601 0.8315792679786682 89
1717440620762 0.8325642347335815 90
1717440632342 0.8345237970352173 91
1717440644194 0.8306093215942383 92
1717440656078 0.8310006856918335 93
1717440668246 0.8342607021331787 94
1717440680034 0.8339085578918457 95
1717440691652 0.8337435722351074 96
1717440702863 0.8350784182548523 97
1717440714549 0.8335989117622375 98
1717440725377 0.8357123136520386 99
