1717439576682 605811.0 1
1717439587455 630429.0 2
1717439598323 646641.0 3
1717439609195 654623.0 4
1717439620080 664147.0 5
1717439631322 671156.0 6
1717439642254 676712.0 7
1717439653617 679931.0 8
1717439665354 682213.0 9
1717439677030 684793.0 10
1717439689703 686149.0 11
1717439701210 687648.0 12
1717439712826 687711.0 13
1717439724589 689774.0 14
1717439736676 690536.0 15
1717439749383 691327.0 16
1717439761939 693104.0 17
1717439774497 693116.0 18
1717439787126 693892.0 19
1717439799768 695079.0 20
1717439812539 695314.0 21
1717439825357 696290.0 22
1717439839131 697218.0 23
1717439853834 697195.0 24
1717439867676 697255.0 25
1717439879935 697263.0 26
1717439892308 698270.0 27
1717439904473 698737.0 28
1717439916183 698919.0 29
1717439927988 699580.0 30
1717439939857 699793.0 31
1717439952124 699429.0 32
1717439964641 700099.0 33
1717439977283 699453.0 34
1717439989995 700360.0 35
1717440001842 701485.0 36
1717440013613 700962.0 37
1717440025347 701643.0 38
1717440038032 701815.0 39
1717440049125 702297.0 40
1717440060108 702265.0 41
1717440070956 702640.0 42
1717440082194 703124.0 43
1717440093529 703108.0 44
1717440105016 702250.0 45
1717440116332 703139.0 46
1717440127814 703938.0 47
1717440139343 703852.0 48
1717440151005 703836.0 49
1717440162803 703821.0 50
1717440174193 704880.0 51
1717440184864 704033.0 52
1717440195874 704781.0 53
1717440206952 705524.0 54
1717440218501 704881.0 55
1717440230086 704559.0 56
1717440241874 705005.0 57
1717440253645 705285.0 58
1717440265275 705910.0 59
1717440276302 705565.0 60
1717440287394 706185.0 61
1717440298493 706101.0 62
1717440309628 706680.0 63
1717440320855 707290.0 64
1717440332028 706089.0 65
1717440343227 705539.0 66
1717440354386 707444.0 67
1717440366231 707675.0 68
1717440377416 707618.0 69
1717440388599 706456.0 70
1717440399744 706271.0 71
1717440410983 707721.0 72
1717440421825 708419.0 73
1717440433378 708026.0 74
1717440445058 709116.0 75
1717440456809 708861.0 76
1717440468723 709056.0 77
1717440480385 709111.0 78
1717440492712 708542.0 79
1717440504024 709069.0 80
1717440515916 709908.0 81
1717440527600 710548.0 82
1717440539598 710767.0 83
1717440552248 710539.0 84
1717440563626 710636.0 85
1717440575202 709606.0 86
1717440586759 710328.0 87
1717440598212 710373.0 88
1717440609601 710889.0 89
1717440620762 711423.0 90
1717440632342 711756.0 91
1717440644194 710579.0 92
1717440656078 710810.0 93
1717440668246 711771.0 94
1717440680034 711732.0 95
1717440691652 711650.0 96
1717440702863 712040.0 97
1717440714549 711405.0 98
1717440725377 712095.0 99
