1717521252761 0.23233724991965107 1
1717521254196 0.4460957632236115 2
1717521255652 0.515640335447944 3
1717521257116 0.5466907793541698 4
1717521258526 0.5589241372736015 5
1717521259944 0.5618989579800531 6
1717521261336 0.569103830280931 7
1717521262775 0.5688349046023516 8
1717521264478 0.5727763726297698 9
1717521266057 0.5786622806034359 10
1717521267587 0.5839979500082 11
1717521268998 0.5858969285358183 12
1717521270445 0.5834373486561052 13
1717521271854 0.5886884802708391 14
1717521273259 0.5941853134066561 15
1717521274687 0.5956344178433791 16
1717521276082 0.594813312416311 17
1717521277489 0.5992642344874359 18
1717521278885 0.6005792768412004 19
1717521280270 0.6038450230062283 20
1717521281696 0.6071614833489002 21
1717521283086 0.6065976277764598 22
1717521284515 0.6041717758466355 23
1717521285945 0.6048222185274341 24
1717521287339 0.6151257482276838 25
1717521288770 0.608475262799223 26
1717521290155 0.6178566716413983 27
1717521291554 0.6143549913964049 28
1717521292990 0.6134987681334093 29
1717521294393 0.6142179273803217 30
1717521295800 0.6193084470855873 31
1717521297224 0.6144041987646849 32
1717521298638 0.6172616268233018 33
1717521300152 0.6181340005880774 34
1717521301664 0.6191067740116797 35
1717521303123 0.6160329998887396 36
1717521304557 0.619172851146047 37
1717521305977 0.6232783134490495 38
1717521307412 0.6230696109712606 39
1717521308803 0.6196085601012186 40
1717521310397 0.6242191484294776 41
1717521311884 0.6295694790570617 42
1717521313319 0.6248159914843866 43
1717521314768 0.6258126853205297 44
1717521316451 0.6296955615154317 45
1717521317895 0.6257334435802578 46
1717521319312 0.6310929977090047 47
1717521320742 0.6322353085078477 48
1717521322184 0.6307905754834819 49
1717521323621 0.6325346606620942 50
1717521325042 0.6317569154678985 51
1717521326461 0.6321930314994278 52
1717521327875 0.6328245415346239 53
1717521329264 0.6364610602034703 54
1717521330682 0.639354618602434 55
1717521332132 0.6365766759252172 56
1717521333540 0.6344723248036312 57
1717521334935 0.6353080618352973 58
1717521336333 0.6373498181423618 59
1717521337766 0.6383669202393846 60
1717521339176 0.6382534434210339 61
1717521340596 0.6373064154975326 62
1717521341991 0.6355381060941687 63
1717521343434 0.641509015316927 64
1717521344868 0.6439703739333555 65
1717521346363 0.6387825123703326 66
1717521347780 0.6477212485341864 67
1717521349193 0.6423224600772315 68
1717521350645 0.6421460345621309 69
1717521352091 0.6402240658524605 70
1717521353547 0.6443262603330538 71
1717521354991 0.6462138305648499 72
1717521356418 0.6477117495546877 73
1717521357837 0.645246874911435 74
1717521359274 0.6425867232621747 75
1717521360736 0.6426099950575784 76
1717521362171 0.649032993210808 77
1717521363612 0.6485005020323821 78
1717521365057 0.64890376710679 79
1717521366490 0.6443873636118692 80
1717521367938 0.6491235712055029 81
1717521369365 0.6471314043594502 82
1717521370788 0.6443857267504797 83
1717521372264 0.6405411994804329 84
1717521373711 0.6509861549965029 85
1717521375410 0.6483846573306802 86
1717521376858 0.6502222797561579 87
1717521378348 0.6482608253774826 88
1717521379844 0.6513631788431109 89
1717521381308 0.6464101942121265 90
1717521382779 0.6544291354986825 91
1717521384260 0.6519932962319724 92
1717521385685 0.6531056276180006 93
1717521387126 0.6524778706085445 94
1717521388914 0.6505280148985741 95
1717521390576 0.650067027756369 96
1717521392263 0.6547328583478323 97
1717521393905 0.6537947767564909 98
1717521395392 0.6546182059727262 99
