1717192494388 18.45126724243164 1
1717192495124 5.007172584533691 2
1717192495857 5.291121006011963 3
1717192496594 5.397972106933594 4
1717192497306 5.442696571350098 5
1717192498052 5.458345413208008 6
1717192498807 5.464311122894287 7
1717192499556 5.467411041259766 8
1717192500264 5.468335151672363 9
1717192501009 5.46869421005249 10
1717192501771 5.468888282775879 11
1717192502528 5.46890115737915 12
1717192503278 5.4688897132873535 13
1717192504037 5.468869209289551 14
1717192504798 5.468844413757324 15
1717192505520 5.468818664550781 16
1717192506288 5.468671798706055 17
1717192507016 5.468642711639404 18
1717192507757 5.4686126708984375 19
1717192508483 5.4685821533203125 20
1717192509238 5.468550205230713 21
1717192509983 5.468398094177246 22
1717192510752 5.4683637619018555 23
1717192511461 5.468329429626465 24
1717192512211 5.468294143676758 25
1717192512965 5.468257904052734 26
1717192513720 5.468220233917236 27
1717192514503 5.4681830406188965 28
1717192515240 5.468143463134766 29
1717192516011 5.468103885650635 30
1717192516755 5.468062400817871 31
1717192517513 5.468020915985107 32
1717192518268 5.4679789543151855 33
1717192519010 5.467845916748047 34
1717192519755 5.467801570892334 35
1717192520503 5.467726707458496 36
1717192521265 5.467680931091309 37
1717192521987 5.4676337242126465 38
1717192522733 5.467586517333984 39
1717192523468 5.467538833618164 40
1717192524226 5.467490196228027 41
1717192524968 5.4673171043396 42
1717192525715 5.46726655960083 43
1717192526482 5.46715784072876 44
1717192527231 5.467105865478516 45
1717192527999 5.467052936553955 46
1717192528722 5.466999053955078 47
1717192529491 5.466824531555176 48
1717192530240 5.466315746307373 49
1717192530996 5.4660844802856445 50
1717192531756 5.46602725982666 51
1717192532503 5.465913772583008 52
1717192533263 5.465855598449707 53
1717192534007 5.46579647064209 54
1717192534750 5.465735912322998 55
1717192535518 5.465675354003906 56
1717192536287 5.465553283691406 57
1717192537021 5.465490341186523 58
1717192537763 5.465427398681641 59
1717192538522 5.465302467346191 60
1717192539267 5.465238094329834 61
1717192540026 5.465171813964844 62
1717192540757 5.465044975280762 63
1717192541525 5.464978218078613 64
1717192542237 5.464909553527832 65
1717192543030 5.464840412139893 66
1717192543775 5.464770317077637 67
1717192544477 5.4646992683410645 68
1717192545200 5.464627265930176 69
1717192545969 5.464554786682129 70
1717192546739 5.464481353759766 71
1717192547493 5.464407920837402 72
1717192548225 5.464333534240723 73
1717192548950 5.46425724029541 74
1717192549707 5.46408748626709 75
1717192550454 5.4639482498168945 76
1717192551196 5.463869571685791 77
1717192551897 5.463789939880371 78
1717192552641 5.463616371154785 79
1717192553369 5.463354587554932 80
1717192554099 5.463272571563721 81
1717192554856 5.463189125061035 82
1717192555607 5.463105201721191 83
1717192556350 5.463019371032715 84
1717192557101 5.46293306350708 85
1717192557848 5.462845325469971 86
1717192558604 5.462757587432861 87
1717192559384 5.462668418884277 88
1717192560157 5.46254825592041 89
1717192560915 5.462457180023193 90
1717192561681 5.462277412414551 91
1717192562375 5.462184429168701 92
1717192563152 5.46205997467041 93
1717192563905 5.4619646072387695 94
1717192564672 5.4618682861328125 95
1717192565437 5.461770534515381 96
1717192566199 5.461672306060791 97
1717192566968 5.461572170257568 98
1717192567703 5.4614715576171875 99
