1717192494388 0.05338320877559116 1
1717192495124 0.0 2
1717192495857 0.0 3
1717192496594 0.0 4
1717192497306 0.0 5
1717192498052 0.0 6
1717192498807 0.0 7
1717192499556 0.0 8
1717192500264 0.0 9
1717192501009 0.0 10
1717192501771 0.0 11
1717192502528 0.0 12
1717192503278 0.0 13
1717192504037 0.0 14
1717192504798 0.0 15
1717192505520 0.0 16
1717192506288 0.0 17
1717192507016 0.0 18
1717192507757 0.0 19
1717192508483 0.0 20
1717192509238 0.0 21
1717192509983 0.0 22
1717192510752 0.0 23
1717192511461 0.0 24
1717192512211 0.0 25
1717192512965 0.0 26
1717192513720 0.0 27
1717192514503 0.0 28
1717192515240 0.0 29
1717192516011 0.0 30
1717192516755 0.0 31
1717192517513 0.0 32
1717192518268 0.0 33
1717192519010 0.0 34
1717192519755 0.0 35
1717192520503 0.0 36
1717192521265 0.0 37
1717192521987 0.0 38
1717192522733 0.0 39
1717192523468 0.0 40
1717192524226 0.0 41
1717192524968 0.0 42
1717192525715 0.0 43
1717192526482 0.0 44
1717192527231 0.0 45
1717192527999 0.0 46
1717192528722 0.0 47
1717192529491 0.0 48
1717192530240 0.0 49
1717192530996 0.0 50
1717192531756 0.0 51
1717192532503 0.0 52
1717192533263 0.0 53
1717192534007 0.0 54
1717192534750 0.0 55
1717192535518 0.0 56
1717192536287 0.0 57
1717192537021 0.0 58
1717192537763 0.0 59
1717192538522 0.0 60
1717192539267 0.0 61
1717192540026 0.0 62
1717192540757 0.0 63
1717192541525 0.0 64
1717192542237 0.0 65
1717192543030 0.0 66
1717192543775 0.0 67
1717192544477 0.0 68
1717192545200 0.0 69
1717192545969 0.0 70
1717192546739 0.0 71
1717192547493 0.0 72
1717192548225 0.0 73
1717192548950 0.0 74
1717192549707 0.0 75
1717192550454 0.0 76
1717192551196 0.0 77
1717192551897 0.0 78
1717192552641 0.0 79
1717192553369 0.0 80
1717192554099 0.0 81
1717192554856 0.0 82
1717192555607 0.0 83
1717192556350 0.0 84
1717192557101 0.0 85
1717192557848 0.0 86
1717192558604 0.0 87
1717192559384 0.0 88
1717192560157 0.0 89
1717192560915 0.0 90
1717192561681 0.0 91
1717192562375 0.0 92
1717192563152 0.0 93
1717192563905 0.0 94
1717192564672 0.0 95
1717192565437 0.0 96
1717192566199 0.0 97
1717192566968 0.0 98
1717192567703 0.0 99
