1717092366948 0.33206501603126526 1
1717092369446 0.19837820529937744 2
1717092372004 0.18320512771606445 3
1717092374515 0.17186176776885986 4
1717092377118 0.16484156250953674 5
1717092379644 0.158074289560318 6
1717092382145 0.1529645472764969 7
1717092384707 0.14697930216789246 8
1717092387215 0.14361844956874847 9
1717092389666 0.1390848457813263 10
1717092392136 0.13453872501850128 11
1717092394627 0.1322346031665802 12
1717092397148 0.12879402935504913 13
1717092399656 0.12618258595466614 14
1717092402149 0.12282270938158035 15
1717092404578 0.12053828686475754 16
1717092407040 0.1182674765586853 17
1717092409559 0.11623115092515945 18
1717092412028 0.11477985978126526 19
1717092414485 0.11338964104652405 20
1717092417117 0.11174660921096802 21
1717092419595 0.11036867648363113 22
1717092422288 0.10922514647245407 23
1717092424873 0.10849686712026596 24
1717092427314 0.1079925075173378 25
1717092429830 0.10609579086303711 26
1717092432355 0.10525726526975632 27
1717092434831 0.10486722737550735 28
1717092437293 0.10346362739801407 29
1717092439816 0.10247817635536194 30
1717092442304 0.10142415761947632 31
1717092444830 0.10110284388065338 32
1717092447353 0.09970879554748535 33
1717092449822 0.0986262634396553 34
1717092452306 0.09870635718107224 35
1717092454816 0.09844349324703217 36
1717092457288 0.09696727246046066 37
1717092459813 0.09716834872961044 38
1717092462325 0.09708911180496216 39
1717092464855 0.09613730758428574 40
1717092467419 0.09515906125307083 41
1717092469870 0.09584703296422958 42
1717092472346 0.09409025311470032 43
1717092474799 0.09377945959568024 44
1717092477293 0.09506454318761826 45
1717092479781 0.0931495651602745 46
1717092482365 0.09295263141393661 47
1717092484848 0.09280769526958466 48
1717092487360 0.09222161769866943 49
1717092489863 0.09223490953445435 50
1717092492340 0.09230516850948334 51
1717092494816 0.09145405888557434 52
1717092497305 0.09100857377052307 53
1717092499774 0.09131607413291931 54
1717092502240 0.09047874808311462 55
1717092504714 0.08991245180368423 56
1717092507202 0.09138055145740509 57
1717092509674 0.08977194875478745 58
1717092512125 0.08923877030611038 59
1717092514649 0.08900485187768936 60
1717092517147 0.08881116658449173 61
1717092519643 0.08842555433511734 62
1717092522033 0.08971155434846878 63
1717092524533 0.08845939487218857 64
1717092527013 0.0881405845284462 65
1717092529448 0.08788706362247467 66
1717092532181 0.08765410631895065 67
1717092535056 0.08773401379585266 68
1717092537570 0.08693835884332657 69
1717092540091 0.08678150177001953 70
1717092542604 0.08723005652427673 71
1717092545127 0.08674471080303192 72
1717092547588 0.08691857010126114 73
1717092549998 0.08627862483263016 74
1717092552429 0.08549623936414719 75
1717092554892 0.0858842134475708 76
1717092557284 0.08566953241825104 77
1717092559759 0.0857522264122963 78
1717092562274 0.0852828174829483 79
1717092564682 0.08584842830896378 80
1717092567189 0.08520963042974472 81
1717092569647 0.0848611369729042 82
1717092572148 0.08569779247045517 83
1717092574623 0.08485855162143707 84
1717092577047 0.0848519578576088 85
1717092579467 0.08435910195112228 86
1717092581933 0.08366116136312485 87
1717092584300 0.08339135348796844 88
1717092586743 0.08687280118465424 89
1717092589171 0.08421316742897034 90
1717092591592 0.0839613601565361 91
1717092594034 0.08378323167562485 92
1717092596493 0.0838184803724289 93
1717092598926 0.08344579488039017 94
1717092601405 0.08324224501848221 95
1717092603843 0.08423441648483276 96
1717092606237 0.0837063267827034 97
1717092608658 0.08284775912761688 98
1717092611032 0.08281586319208145 99
