1717520283012 0.3507400180226153 1
1717520284619 0.6124769209443347 2
1717520286228 0.6635855467431837 3
1717520287864 0.6796462429572786 4
1717520289476 0.678270180450322 5
1717520291117 0.6858128031300456 6
1717520292716 0.6874636248958481 7
1717520294296 0.689962568709464 8
1717520296000 0.6891630840569929 9
1717520297581 0.690732732690679 10
1717520299169 0.6914709604520834 11
1717520300745 0.6920204708196809 12
1717520302355 0.6935422645796084 13
1717520303907 0.693598959068931 14
1717520305476 0.6978013922219629 15
1717520307087 0.6998062011000946 16
1717520308721 0.6989771928020112 17
1717520310360 0.699225421545979 18
1717520311994 0.705287771973301 19
1717520313608 0.7022173430961737 20
1717520315203 0.7061438579562113 21
1717520316801 0.7066416914609436 22
1717520318385 0.709011873164101 23
1717520319979 0.7069733533571738 24
1717520321621 0.7110867262892274 25
1717520323248 0.7093094248131583 26
1717520324868 0.713742216281805 27
1717520326547 0.7113703676413857 28
1717520328137 0.7175380235531428 29
1717520329714 0.717991400227325 30
1717520331338 0.713320455384099 31
1717520332935 0.7127671695118567 32
1717520334520 0.7190183602806177 33
1717520336124 0.7176060381062612 34
1717520337764 0.7203583917302263 35
1717520339356 0.7209279806215954 36
1717520340996 0.7207298378336934 37
1717520342580 0.7145772793150073 38
1717520344170 0.7206521761286875 39
1717520345749 0.719074861026971 40
1717520347345 0.7220701690445066 41
1717520348952 0.7202780240441943 42
1717520350977 0.7219918116113581 43
1717520352765 0.7258044033973395 44
1717520354686 0.7237826797570931 45
1717520356588 0.7251130197459137 46
1717520358449 0.7247840821683641 47
1717520360181 0.7273063563393021 48
1717520361908 0.7232080714237372 49
1717520363719 0.7266193468977602 50
1717520365532 0.7292256155617901 51
1717520367260 0.7230366635329756 52
1717520368857 0.730512978360071 53
1717520370466 0.7277190436069536 54
1717520372094 0.7254056668850845 55
1717520373675 0.7299969847895812 56
1717520375285 0.727108474529852 57
1717520376873 0.7317423707656707 58
1717520378490 0.7249893806305322 59
1717520380098 0.730798894087065 60
1717520381751 0.7295349597712639 61
1717520383346 0.7337614125449345 62
1717520384936 0.7307714391647411 63
1717520386595 0.7321906131199162 64
1717520388197 0.7321326390959811 65
1717520389789 0.7277585089359782 66
1717520391396 0.7316814996466418 67
1717520393106 0.7338960571725649 68
1717520394707 0.7323537397649938 69
1717520396305 0.7330207662981916 70
1717520397957 0.7311906208051355 71
1717520399576 0.7299268742556816 72
1717520401184 0.7346775043008188 73
1717520402890 0.7340402741889704 74
1717520404516 0.7306952052676188 75
1717520406106 0.7323587454747322 76
1717520407717 0.7355123955742954 77
1717520409308 0.7321079626121533 78
1717520410934 0.7364808825014518 79
1717520412560 0.7362518015613374 80
1717520414185 0.7319740743349653 81
1717520415823 0.7378013328540836 82
1717520417463 0.7366338489460077 83
1717520419058 0.7317577720185512 84
1717520420692 0.7354316737157043 85
1717520422313 0.735482530032698 86
1717520423959 0.7361922644890551 87
1717520425587 0.7387022072201141 88
1717520427200 0.7378175658366943 89
1717520428822 0.7382145499162741 90
1717520430440 0.737370219017052 91
1717520432020 0.7361925554229014 92
1717520433625 0.7403034013389641 93
1717520435238 0.7402019039352877 94
1717520436821 0.735492995537908 95
1717520438446 0.7393340131443886 96
1717520440051 0.7392856225725879 97
1717520441661 0.7381439673628729 98
1717520443253 0.73914993805519 99
