1717520283012 0.8418363677985158 1
1717520284619 0.8852296289768475 2
1717520286228 0.8977517933157961 3
1717520287864 0.9027191202234419 4
1717520289476 0.9025581294143074 5
1717520291117 0.904339173496361 6
1717520292716 0.9051793039148525 7
1717520294296 0.9056875048540721 8
1717520296000 0.9054732177549293 9
1717520297581 0.9061152443945747 10
1717520299169 0.906191275868709 11
1717520300745 0.9064083582848025 12
1717520302355 0.9066508108787015 13
1717520303907 0.906961410057984 14
1717520305476 0.9079680032855658 15
1717520307087 0.9083477052953931 16
1717520308721 0.9082903424623506 17
1717520310360 0.9086255810433674 18
1717520311994 0.9101864255301914 19
1717520313608 0.9096073404364741 20
1717520315203 0.9105945091622907 21
1717520316801 0.9107056273910745 22
1717520318385 0.9113548126096137 23
1717520319979 0.9107310238689341 24
1717520321621 0.9120921157763727 25
1717520323248 0.9114629452402662 26
1717520324868 0.912876636752087 27
1717520326547 0.9118745915491385 28
1717520328137 0.9138126676458557 29
1717520329714 0.9137637738294309 30
1717520331338 0.9130336496758263 31
1717520332935 0.9123891052662297 32
1717520334520 0.9139922164527071 33
1717520336124 0.9137344593252519 34
1717520337764 0.9150231962999854 35
1717520339356 0.9150891105501225 36
1717520340996 0.9149775132026217 37
1717520342580 0.9129274374752815 38
1717520344170 0.9148870047564839 39
1717520345749 0.9140751157781156 40
1717520347345 0.9153674747168317 41
1717520348952 0.9148283153125367 42
1717520350977 0.9149225879250433 43
1717520352765 0.916203411248723 44
1717520354686 0.9155916259991379 45
1717520356588 0.9162147164767767 46
1717520358449 0.9159819834390716 47
1717520360181 0.9166849253977336 48
1717520361908 0.9159311630181188 49
1717520363719 0.9168606114131944 50
1717520365532 0.917610234130574 51
1717520367260 0.9153882253024878 52
1717520368857 0.9176102857341948 53
1717520370466 0.916914424255897 54
1717520372094 0.9167254847871272 55
1717520373675 0.9173920527810318 56
1717520375285 0.9169985189786459 57
1717520376873 0.9181470928429162 58
1717520378490 0.9163586969969063 59
1717520380098 0.917523754476545 60
1717520381751 0.9174181120373109 61
1717520383346 0.9187414508614938 62
1717520384936 0.917739677182002 63
1717520386595 0.918448307175169 64
1717520388197 0.9181430032567358 65
1717520389789 0.9168229907374472 66
1717520391396 0.9182718824984281 67
1717520393106 0.9188100212108243 68
1717520394707 0.9181545761571905 69
1717520396305 0.9189189426223734 70
1717520397957 0.9178574896826414 71
1717520399576 0.91802391906059 72
1717520401184 0.9191953280796665 73
1717520402890 0.9184867488444091 74
1717520404516 0.9180273637998941 75
1717520406106 0.9183363891699651 76
1717520407717 0.9195931216206141 77
1717520409308 0.9184530668432046 78
1717520410934 0.9196489620179553 79
1717520412560 0.9196400208117486 80
1717520414185 0.9185681985491726 81
1717520415823 0.920307152472281 82
1717520417463 0.9196369672773541 83
1717520419058 0.9185398656859747 84
1717520420692 0.9193183352316538 85
1717520422313 0.9198784353202816 86
1717520423959 0.9194683277510953 87
1717520425587 0.9202711191818812 88
1717520427200 0.9199563892607752 89
1717520428822 0.9203994077297202 90
1717520430440 0.9200924903583476 91
1717520432020 0.9199233620251751 92
1717520433625 0.9204926017523815 93
1717520435238 0.9210556831744005 94
1717520436821 0.9198579789213663 95
1717520438446 0.9205780294713531 96
1717520440051 0.9207320956108259 97
1717520441661 0.9198629990805528 98
1717520443253 0.9209719717516336 99
