1717263476681 0.4691931032646857 1
1717263507929 0.567542301608088 2
1717263540184 0.5982666271472344 3
1717263572120 0.6198823537157844 4
1717263604613 0.6400353191550457 5
1717263637055 0.6565135254833351 6
1717263668557 0.6713468478776506 7
1717263701115 0.6844011171486196 8
1717263733804 0.6977176786072311 9
1717263766258 0.7122490092743927 10
1717263798712 0.7245555091606133 11
1717263832584 0.7351666782566166 12
1717263865666 0.7439970296833567 13
1717263898724 0.7522728103801352 14
1717263931734 0.7554469623117182 15
1717263965332 0.7601119476276357 16
1717263998696 0.7616828987649339 17
1717264031922 0.7689799235499866 18
1717264064949 0.7796313512273851 19
1717264098879 0.7830011135456711 20
1717264132059 0.7830049058583225 21
1717264165322 0.790011591132653 22
1717264198489 0.7945801274482585 23
1717264232214 0.7972510533699231 24
1717264265253 0.8015398108063511 25
1717264298334 0.806213848565951 26
1717264332732 0.8060045638056045 27
1717264365640 0.8087886573745243 28
1717264398645 0.811663591321816 29
1717264431370 0.8097450325869247 30
1717264465059 0.8129964457470825 31
1717264497919 0.8136125438593769 32
1717264530682 0.8170506505973686 33
1717264563597 0.8186145795972755 34
1717264597157 0.8214426755844136 35
1717264630064 0.8219827197706261 36
1717264662954 0.8228195510520637 37
1717264696030 0.8250148343106485 38
1717264729802 0.822402955734628 39
1717264761942 0.8270227019143988 40
1717264793973 0.8284866071507425 41
1717264826645 0.8296018133389454 42
1717264859524 0.820628483931092 43
1717264891963 0.8157686583712278 44
1717264924467 0.8243982791719876 45
1717264957541 0.830535558883532 46
1717264990139 0.8362889132120549 47
1717265023098 0.8349545104382164 48
1717265055736 0.8393605314957946 49
1717265089860 0.8385417054340955 50
1717265122396 0.8386928137289049 51
1717265154759 0.8431664514736985 52
1717265187528 0.8418107558044979 53
1717265220890 0.8361292442260818 54
1717265253896 0.8381927406691724 55
1717265287073 0.8473668506519354 56
1717265320045 0.8445570532079089 57
1717265353927 0.8459934399695308 58
1717265387248 0.8512467491760507 59
1717265420473 0.8541331336061123 60
1717265454261 0.8544949643880252 61
1717265487514 0.8475284482550841 62
1717265520617 0.8515127402754566 63
1717265553677 0.8494060973297162 64
1717265587446 0.8504528796365022 65
1717265620629 0.8509564590800395 66
1717265653681 0.8487042896899252 67
1717265686860 0.8530994665744408 68
1717265720705 0.8591552263944595 69
1717265753574 0.860604023399513 70
1717265786350 0.8652444092852539 71
1717265819284 0.8628195897060886 72
1717265853048 0.8575820489998671 73
1717265885925 0.863765268093108 74
1717265918710 0.872542037272342 75
1717265951579 0.8696810892096138 76
1717265985141 0.8694518914561684 77
1717266018117 0.8636107722016154 78
1717266050823 0.8567168428674368 79
1717266084084 0.8574255273801623 80
1717266116734 0.8679858187203757 81
1717266149583 0.8697581772587599 82
1717266182661 0.8725770913922127 83
1717266216035 0.86319482146898 84
1717266248702 0.8737221491205375 85
1717266281839 0.8692103132152221 86
1717266314555 0.8656389115965677 87
1717266347752 0.8679406927319809 88
1717266380655 0.877630467823208 89
1717266413801 0.8818078515647603 90
1717266446492 0.8822364982244633 91
1717266479846 0.8772031058060547 92
1717266512461 0.8778395154909541 93
1717266544962 0.873808168025873 94
1717266577654 0.878741098554745 95
1717266610597 0.8780242702592209 96
1717266642701 0.8765973062181672 97
1717266674802 0.8819943688137397 98
1717266707450 0.8865749297111555 99
