1717263476681 555965.0 1
1717263507929 587156.0 2
1717263540184 602325.0 3
1717263572120 613172.0 4
1717263604613 623787.0 5
1717263637055 632125.0 6
1717263668557 640557.0 7
1717263701115 647336.0 8
1717263733804 654295.0 9
1717263766258 660970.0 10
1717263798712 666720.0 11
1717263832584 671544.0 12
1717263865666 674575.0 13
1717263898724 677815.0 14
1717263931734 679376.0 15
1717263965332 681088.0 16
1717263998696 682319.0 17
1717264031922 684860.0 18
1717264064949 688314.0 19
1717264098879 689119.0 20
1717264132059 689379.0 21
1717264165322 691612.0 22
1717264198489 692995.0 23
1717264232214 694119.0 24
1717264265253 695230.0 25
1717264298334 697037.0 26
1717264332732 696829.0 27
1717264365640 697780.0 28
1717264398645 698481.0 29
1717264431370 698102.0 30
1717264465059 699326.0 31
1717264497919 699188.0 32
1717264530682 700638.0 33
1717264563597 700945.0 34
1717264597157 701719.0 35
1717264630064 701962.0 36
1717264662954 702571.0 37
1717264696030 703000.0 38
1717264729802 702195.0 39
1717264761942 703612.0 40
1717264793973 704140.0 41
1717264826645 704481.0 42
1717264859524 701906.0 43
1717264891963 700442.0 44
1717264924467 703131.0 45
1717264957541 705008.0 46
1717264990139 706676.0 47
1717265023098 705931.0 48
1717265055736 707462.0 49
1717265089860 707458.0 50
1717265122396 707399.0 51
1717265154759 708505.0 52
1717265187528 708256.0 53
1717265220890 706544.0 54
1717265253896 707289.0 55
1717265287073 709608.0 56
1717265320045 709303.0 57
1717265353927 709750.0 58
1717265387248 711022.0 59
1717265420473 711821.0 60
1717265454261 712139.0 61
1717265487514 709781.0 62
1717265520617 711347.0 63
1717265553677 710719.0 64
1717265587446 710922.0 65
1717265620629 711175.0 66
1717265653681 710612.0 67
1717265686860 711763.0 68
1717265720705 713568.0 69
1717265753574 713943.0 70
1717265786350 715197.0 71
1717265819284 714691.0 72
1717265853048 713276.0 73
1717265885925 715019.0 74
1717265918710 717341.0 75
1717265951579 716603.0 76
1717265985141 716581.0 77
1717266018117 714906.0 78
1717266050823 713143.0 79
1717266084084 713205.0 80
1717266116734 715976.0 81
1717266149583 716750.0 82
1717266182661 717566.0 83
1717266216035 714943.0 84
1717266248702 717772.0 85
1717266281839 716512.0 86
1717266314555 715705.0 87
1717266347752 716403.0 88
1717266380655 718571.0 89
1717266413801 720055.0 90
1717266446492 720203.0 91
1717266479846 719098.0 92
1717266512461 719033.0 93
1717266544962 717899.0 94
1717266577654 719374.0 95
1717266610597 719172.0 96
1717266642701 718781.0 97
1717266674802 720332.0 98
1717266707450 721578.0 99
