1717263476681 0.46919310092926025 1
1717263507929 0.5675422549247742 2
1717263540184 0.5982666015625 3
1717263572120 0.6198822855949402 4
1717263604613 0.6400352716445923 5
1717263637055 0.6565135717391968 6
1717263668557 0.6713468432426453 7
1717263701115 0.6844010949134827 8
1717263733804 0.6977176666259766 9
1717263766258 0.7122490406036377 10
1717263798712 0.724555492401123 11
1717263832584 0.7351666688919067 12
1717263865666 0.7439969778060913 13
1717263898724 0.75227290391922 14
1717263931734 0.7554469704627991 15
1717263965332 0.7601119875907898 16
1717263998696 0.76168292760849 17
1717264031922 0.7689799070358276 18
1717264064949 0.7796313166618347 19
1717264098879 0.7830011248588562 20
1717264132059 0.783004879951477 21
1717264165322 0.7900115847587585 22
1717264198489 0.7945801615715027 23
1717264232214 0.7972511053085327 24
1717264265253 0.8015398383140564 25
1717264298334 0.8062137961387634 26
1717264332732 0.806004524230957 27
1717264365640 0.8087885975837708 28
1717264398645 0.8116635680198669 29
1717264431370 0.8097450733184814 30
1717264465059 0.8129963874816895 31
1717264497919 0.8136125802993774 32
1717264530682 0.8170506358146667 33
1717264563597 0.8186146020889282 34
1717264597157 0.821442723274231 35
1717264630064 0.821982741355896 36
1717264662954 0.8228196501731873 37
1717264696030 0.8250148296356201 38
1717264729802 0.8224029541015625 39
1717264761942 0.8270226716995239 40
1717264793973 0.8284866213798523 41
1717264826645 0.8296017050743103 42
1717264859524 0.8206284642219543 43
1717264891963 0.8157686591148376 44
1717264924467 0.8243983387947083 45
1717264957541 0.8305355906486511 46
1717264990139 0.8362889289855957 47
1717265023098 0.834954559803009 48
1717265055736 0.8393605351448059 49
1717265089860 0.8385416865348816 50
1717265122396 0.8386929035186768 51
1717265154759 0.8431664705276489 52
1717265187528 0.8418107628822327 53
1717265220890 0.8361291885375977 54
1717265253896 0.8381927609443665 55
1717265287073 0.8473669290542603 56
1717265320045 0.8445570468902588 57
1717265353927 0.8459934592247009 58
1717265387248 0.8512467741966248 59
1717265420473 0.854133129119873 60
1717265454261 0.8544949293136597 61
1717265487514 0.8475283980369568 62
1717265520617 0.8515127301216125 63
1717265553677 0.8494061231613159 64
1717265587446 0.8504528999328613 65
1717265620629 0.8509564399719238 66
1717265653681 0.8487043976783752 67
1717265686860 0.8530994057655334 68
1717265720705 0.8591552376747131 69
1717265753574 0.8606041073799133 70
1717265786350 0.8652443289756775 71
1717265819284 0.8628195524215698 72
1717265853048 0.8575819730758667 73
1717265885925 0.8637652397155762 74
1717265918710 0.8725419640541077 75
1717265951579 0.8696811199188232 76
1717265985141 0.8694518804550171 77
1717266018117 0.8636106848716736 78
1717266050823 0.8567168116569519 79
1717266084084 0.8574255704879761 80
1717266116734 0.8679858446121216 81
1717266149583 0.8697581887245178 82
1717266182661 0.8725770711898804 83
1717266216035 0.8631947636604309 84
1717266248702 0.8737221956253052 85
1717266281839 0.8692102432250977 86
1717266314555 0.8656389117240906 87
1717266347752 0.8679406642913818 88
1717266380655 0.8776304721832275 89
1717266413801 0.8818078637123108 90
1717266446492 0.8822365999221802 91
1717266479846 0.877203106880188 92
1717266512461 0.8778395056724548 93
1717266544962 0.8738081455230713 94
1717266577654 0.8787411451339722 95
1717266610597 0.8780243992805481 96
1717266642701 0.8765974044799805 97
1717266674802 0.881994366645813 98
1717266707450 0.8865748643875122 99
