1717245002674 1.2840362787246704 1
1717245005239 1.1485507488250732 2
1717245007722 1.0915089845657349 3
1717245010269 1.0522609949111938 4
1717245012913 1.013749122619629 5
1717245015584 0.9717393517494202 6
1717245018260 0.930159866809845 7
1717245020935 0.887340247631073 8
1717245023636 0.846199095249176 9
1717245026366 0.8103953003883362 10
1717245029082 0.7794458866119385 11
1717245031822 0.7520766258239746 12
1717245034499 0.7279120683670044 13
1717245037341 0.7080368995666504 14
1717245040062 0.6860343813896179 15
1717245042740 0.6684327721595764 16
1717245045502 0.6508927941322327 17
1717245048225 0.6358550786972046 18
1717245050906 0.6229462027549744 19
1717245053681 0.6122785806655884 20
1717245056470 0.6013018488883972 21
1717245059227 0.5921127796173096 22
1717245062055 0.5827022790908813 23
1717245064739 0.5745658874511719 24
1717245067384 0.5663806200027466 25
1717245070350 0.558343231678009 26
1717245073095 0.5494422912597656 27
1717245075757 0.5422945022583008 28
1717245078350 0.5359736084938049 29
1717245080986 0.5286802053451538 30
1717245083752 0.5230664610862732 31
1717245086425 0.5183976292610168 32
1717245089079 0.512657880783081 33
1717245091732 0.5085158348083496 34
1717245094473 0.5036948919296265 35
1717245097173 0.4984872341156006 36
1717245100140 0.49379780888557434 37
1717245102812 0.48900043964385986 38
1717245105544 0.48471197485923767 39
1717245108353 0.47984594106674194 40
1717245111072 0.4752848446369171 41
1717245113858 0.4716818332672119 42
1717245116554 0.4686976373195648 43
1717245119209 0.46445056796073914 44
1717245121865 0.46031686663627625 45
1717245124594 0.45753180980682373 46
1717245127363 0.4547138810157776 47
1717245130258 0.45163583755493164 48
1717245133000 0.4491283595561981 49
1717245135705 0.446967214345932 50
1717245138384 0.444818913936615 51
1717245141157 0.44199317693710327 52
1717245143819 0.43995699286460876 53
1717245146500 0.4373124837875366 54
1717245149288 0.43507522344589233 55
1717245152057 0.4340883195400238 56
1717245154768 0.4306503236293793 57
1717245157456 0.4288957417011261 58
1717245160414 0.4279041886329651 59
1717245163085 0.42519259452819824 60
1717245165790 0.42314475774765015 61
1717245168526 0.4220438599586487 62
1717245171200 0.41965043544769287 63
1717245173952 0.41697657108306885 64
1717245176647 0.41589075326919556 65
1717245179421 0.416236013174057 66
1717245182104 0.41208958625793457 67
1717245184798 0.4110106825828552 68
1717245187451 0.4097595810890198 69
1717245190077 0.40915870666503906 70
1717245192774 0.407480925321579 71
1717245195503 0.4066140353679657 72
1717245198238 0.4055931270122528 73
1717245201053 0.40288665890693665 74
1717245203732 0.40167996287345886 75
1717245206467 0.40028539299964905 76
1717245209283 0.3995780646800995 77
1717245212000 0.39710891246795654 78
1717245214773 0.3966493010520935 79
1717245217500 0.3975341320037842 80
1717245220531 0.3934773802757263 81
1717245223341 0.39243820309638977 82
1717245226005 0.3915961682796478 83
1717245228716 0.39003992080688477 84
1717245231344 0.38846704363822937 85
1717245234044 0.38707688450813293 86
1717245236725 0.38526004552841187 87
1717245239537 0.38602718710899353 88
1717245242249 0.38475295901298523 89
1717245244932 0.38234904408454895 90
1717245247609 0.3822861909866333 91
1717245250300 0.38080692291259766 92
1717245253067 0.37953534722328186 93
1717245255808 0.3780686557292938 94
1717245258527 0.37694549560546875 95
1717245261202 0.37582674622535706 96
1717245263910 0.37510955333709717 97
1717245266740 0.37511780858039856 98
1717245269365 0.3721832036972046 99
