1717245002674 0.6849576012207785 1
1717245005239 0.7666775271549717 2
1717245007722 0.7986016868611552 3
1717245010269 0.8197572823812357 4
1717245012913 0.8354482677998762 5
1717245015584 0.848962793267766 6
1717245018260 0.8577212536200163 7
1717245020935 0.86442871440531 8
1717245023636 0.8709066761322415 9
1717245026366 0.876642438715195 10
1717245029082 0.882535502624759 11
1717245031822 0.8874731472845774 12
1717245034499 0.8915943461854137 13
1717245037341 0.8948122713356044 14
1717245040062 0.8979098164586787 15
1717245042740 0.9009282185451328 16
1717245045502 0.9041620777050742 17
1717245048225 0.9069058282703895 18
1717245050906 0.9091516709022419 19
1717245053681 0.9108847755900948 20
1717245056470 0.9127442689484936 21
1717245059227 0.9139305954327227 22
1717245062055 0.9153444842612178 23
1717245064739 0.9166319722154134 24
1717245067384 0.9178405285999913 25
1717245070350 0.9188832216038239 26
1717245073095 0.9201038838872845 27
1717245075757 0.9212912590230512 28
1717245078350 0.9224689610204492 29
1717245080986 0.9234497610264206 30
1717245083752 0.9244055490843412 31
1717245086425 0.9254091417469603 32
1717245089079 0.9261092330026722 33
1717245091732 0.9263389249818308 34
1717245094473 0.9271688365209795 35
1717245097173 0.9277930742528706 36
1717245100140 0.9282163932295147 37
1717245102812 0.9287340765461553 38
1717245105544 0.9292111705963054 39
1717245108353 0.9301972653474346 40
1717245111072 0.9307700036108298 41
1717245113858 0.9314403762622901 42
1717245116554 0.9317694999398881 43
1717245119209 0.9324351842133823 44
1717245121865 0.932978407532223 45
1717245124594 0.9339106481352817 46
1717245127363 0.9341808269758377 47
1717245130258 0.9344961893334068 48
1717245133000 0.9349299100892595 49
1717245135705 0.935514812884026 50
1717245138384 0.9356324745075466 51
1717245141157 0.9359371869362259 52
1717245143819 0.9362846749920427 53
1717245146500 0.9368577113334783 54
1717245149288 0.9373252732673036 55
1717245152057 0.9374611597210937 56
1717245154768 0.9379140340628009 57
1717245157456 0.9382564232258669 58
1717245160414 0.9383461226433638 59
1717245163085 0.9387347311717329 60
1717245165790 0.9390687863258749 61
1717245168526 0.9393348272493961 62
1717245171200 0.9397199615797208 63
1717245173952 0.9400191697074071 64
1717245176647 0.9402331630334029 65
1717245179421 0.9402623272875876 66
1717245182104 0.9405718978523838 67
1717245184798 0.9407526146694463 68
1717245187451 0.940856121608077 69
1717245190077 0.9411833465558808 70
1717245192774 0.94158497354465 71
1717245195503 0.9417413970693318 72
1717245198238 0.9416713844310484 73
1717245201053 0.9421211527951979 74
1717245203732 0.942326760986155 75
1717245206467 0.9426974703937319 76
1717245209283 0.9428580051321027 77
1717245212000 0.9430849842668226 78
1717245214773 0.9432771668470794 79
1717245217500 0.9432234653998374 80
1717245220531 0.9435470151451915 81
1717245223341 0.9438120073316644 82
1717245226005 0.9440159103166115 83
1717245228716 0.9442398001913253 84
1717245231344 0.9443624025648167 85
1717245234044 0.9446843271962715 86
1717245236725 0.9449618117298959 87
1717245239537 0.9447875367465789 88
1717245242249 0.9449309471418078 89
1717245244932 0.9454542742171815 90
1717245247609 0.9453700171979392 91
1717245250300 0.9456095039981688 92
1717245253067 0.9458845468105646 93
1717245255808 0.9459918702259569 94
1717245258527 0.9463638821802052 95
1717245261202 0.9463188121342156 96
1717245263910 0.9464448324720415 97
1717245266740 0.9464548971360912 98
1717245269365 0.9468145476312285 99
