1717245002674 0.757758067736314 1
1717245005239 0.7589207620939883 2
1717245007722 0.7542466373251955 3
1717245010269 0.7554999075641659 4
1717245012913 0.7616003591493736 5
1717245015584 0.7724323342433601 6
1717245018260 0.7886857071263746 7
1717245020935 0.811913879941 8
1717245023636 0.8297648947590974 9
1717245026366 0.8423569503150483 10
1717245029082 0.8544724168048247 11
1717245031822 0.8627559917132834 12
1717245034499 0.8685376187960794 13
1717245037341 0.8737429344997807 14
1717245040062 0.8798717218956655 15
1717245042740 0.8844849728573512 16
1717245045502 0.889423335902471 17
1717245048225 0.8930309466941848 18
1717245050906 0.8961880734109036 19
1717245053681 0.8988283063983097 20
1717245056470 0.9018852587644348 21
1717245059227 0.9036167985938939 22
1717245062055 0.9067489770026661 23
1717245064739 0.9091805277896905 24
1717245067384 0.9106508180035159 25
1717245070350 0.9135232896672761 26
1717245073095 0.9160805680439691 27
1717245075757 0.9175269668138002 28
1717245078350 0.9188155219502447 29
1717245080986 0.9213348955624827 30
1717245083752 0.9216775747916932 31
1717245086425 0.9233596757450397 32
1717245089079 0.9252886097764407 33
1717245091732 0.9269372364330166 34
1717245094473 0.9265482213840431 35
1717245097173 0.9287079770913328 36
1717245100140 0.9293366115320708 37
1717245102812 0.9302410241887357 38
1717245105544 0.9311747083463193 39
1717245108353 0.9318465581392074 40
1717245111072 0.933047695691884 41
1717245113858 0.9336677210683313 42
1717245116554 0.9339744593471095 43
1717245119209 0.9340698193315563 44
1717245121865 0.9360379307706117 45
1717245124594 0.9361380614667185 46
1717245127363 0.9376703539581422 47
1717245130258 0.9377986302162484 48
1717245133000 0.9387759546994917 49
1717245135705 0.9399826420018464 50
1717245138384 0.9400159343294553 51
1717245141157 0.9404521699280771 52
1717245143819 0.9407219681439284 53
1717245146500 0.9406548043728059 54
1717245149288 0.9423822017406314 55
1717245152057 0.9422911459456013 56
1717245154768 0.9430248026128479 57
1717245157456 0.9427480427854128 58
1717245160414 0.9427946596996307 59
1717245163085 0.9439681655105306 60
1717245165790 0.944430271919686 61
1717245168526 0.9436963333979169 62
1717245171200 0.9443406519306438 63
1717245173952 0.9452938107838565 64
1717245176647 0.9456919663789215 65
1717245179421 0.9452258584959142 66
1717245182104 0.9467383794675288 67
1717245184798 0.946694575788006 68
1717245187451 0.9467229889552824 69
1717245190077 0.9471134953323592 70
1717245192774 0.9467972810448427 71
1717245195503 0.9464108816787546 72
1717245198238 0.9469500555087762 73
1717245201053 0.9474219243545727 74
1717245203732 0.9473718330110477 75
1717245206467 0.9478083810796649 76
1717245209283 0.9477815096365767 77
1717245212000 0.9480167623260514 78
1717245214773 0.9479305154212057 79
1717245217500 0.9476640655563959 80
1717245220531 0.9474515912925914 81
1717245223341 0.9492524970354199 82
1717245226005 0.9487071964979045 83
1717245228716 0.9496797309521078 84
1717245231344 0.9497528795210426 85
1717245234044 0.9503383467744183 86
1717245236725 0.9503508554541161 87
1717245239537 0.9511247176220479 88
1717245242249 0.9506746093942605 89
1717245244932 0.9511631111437493 90
1717245247609 0.9512829215955224 91
1717245250300 0.9519623736014452 92
1717245253067 0.9516247963111548 93
1717245255808 0.952010602331349 94
1717245258527 0.9519798850887511 95
1717245261202 0.9523788494832859 96
1717245263910 0.9521268274700151 97
1717245266740 0.9519891972215481 98
1717245269365 0.9529322753149887 99
