1717245002674 53430.0 1
1717245005239 53430.0 2
1717245007722 53430.0 3
1717245010269 53430.0 4
1717245012913 53430.0 5
1717245015584 53430.0 6
1717245018260 53430.0 7
1717245020935 53430.0 8
1717245023636 53430.0 9
1717245026366 53430.0 10
1717245029082 53430.0 11
1717245031822 53430.0 12
1717245034499 53430.0 13
1717245037341 53430.0 14
1717245040062 53430.0 15
1717245042740 53430.0 16
1717245045502 53430.0 17
1717245048225 53430.0 18
1717245050906 53430.0 19
1717245053681 53430.0 20
1717245056470 53430.0 21
1717245059227 53430.0 22
1717245062055 53430.0 23
1717245064739 53430.0 24
1717245067384 53430.0 25
1717245070350 53430.0 26
1717245073095 53430.0 27
1717245075757 53430.0 28
1717245078350 53430.0 29
1717245080986 53430.0 30
1717245083752 53430.0 31
1717245086425 53430.0 32
1717245089079 53430.0 33
1717245091732 53430.0 34
1717245094473 53430.0 35
1717245097173 53430.0 36
1717245100140 53430.0 37
1717245102812 53430.0 38
1717245105544 53430.0 39
1717245108353 53430.0 40
1717245111072 53430.0 41
1717245113858 53430.0 42
1717245116554 53430.0 43
1717245119209 53430.0 44
1717245121865 53430.0 45
1717245124594 53430.0 46
1717245127363 53430.0 47
1717245130258 53430.0 48
1717245133000 53430.0 49
1717245135705 53430.0 50
1717245138384 53430.0 51
1717245141157 53430.0 52
1717245143819 53430.0 53
1717245146500 53430.0 54
1717245149288 53430.0 55
1717245152057 53430.0 56
1717245154768 53430.0 57
1717245157456 53430.0 58
1717245160414 53430.0 59
1717245163085 53430.0 60
1717245165790 53430.0 61
1717245168526 53430.0 62
1717245171200 53430.0 63
1717245173952 53430.0 64
1717245176647 53430.0 65
1717245179421 53430.0 66
1717245182104 53430.0 67
1717245184798 53430.0 68
1717245187451 53430.0 69
1717245190077 53430.0 70
1717245192774 53430.0 71
1717245195503 53430.0 72
1717245198238 53430.0 73
1717245201053 53430.0 74
1717245203732 53430.0 75
1717245206467 53430.0 76
1717245209283 53430.0 77
1717245212000 53430.0 78
1717245214773 53430.0 79
1717245217500 53430.0 80
1717245220531 53430.0 81
1717245223341 53430.0 82
1717245226005 53430.0 83
1717245228716 53430.0 84
1717245231344 53430.0 85
1717245234044 53430.0 86
1717245236725 53430.0 87
1717245239537 53430.0 88
1717245242249 53430.0 89
1717245244932 53430.0 90
1717245247609 53430.0 91
1717245250300 53430.0 92
1717245253067 53430.0 93
1717245255808 53430.0 94
1717245258527 53430.0 95
1717245261202 53430.0 96
1717245263910 53430.0 97
1717245266740 53430.0 98
1717245269365 53430.0 99
