1717228412151 0.917935785635897 1
1717228417588 0.9177883400890935 2
1717228422897 0.9177883400890935 3
1717228428079 0.9177883400890935 4
1717228433295 0.9177883400890935 5
1717228438463 0.9177883400890935 6
1717228443600 0.9177883400890935 7
1717228448851 0.9177883400890935 8
1717228453990 0.9177883400890935 9
1717228459186 0.9177883400890935 10
1717228464649 0.9177883400890935 11
1717228470161 0.9177883400890935 12
1717228475409 0.9177883400890935 13
1717228480756 0.9177883400890935 14
1717228485970 0.9177883400890935 15
1717228491234 0.9177883400890935 16
1717228496755 0.9177883400890935 17
1717228502812 0.9177883400890935 18
1717228508738 0.9177883400890935 19
1717228514731 0.9177883400890935 20
1717228520923 0.9177883400890935 21
1717228527209 0.9177883400890935 22
1717228533983 0.9177883400890935 23
1717228539938 0.9177883400890935 24
1717228545351 0.9177883400890935 25
1717228550678 0.9177883400890935 26
1717228555993 0.9177883400890935 27
1717228562776 0.9177883400890935 28
1717228569428 0.9177883400890935 29
1717228576563 0.9177883400890935 30
1717228583267 0.9177883400890935 31
1717228589983 0.9177883400890935 32
1717228596739 0.9177883400890935 33
1717228602687 0.9177883400890935 34
1717228608065 0.9177883400890935 35
1717228613322 0.9177883400890935 36
1717228618657 0.9177883400890935 37
1717228623994 0.9177883400890935 38
1717228629255 0.9177883400890935 39
1717228634719 0.9177883400890935 40
1717228640032 0.9177883400890935 41
1717228645589 0.9177883400890935 42
1717228651484 0.9177883400890935 43
1717228656810 0.9177883400890935 44
1717228662272 0.9177883400890935 45
1717228667515 0.9177883400890935 46
1717228672773 0.9177883400890935 47
1717228678185 0.9177883400890935 48
1717228683427 0.9177883400890935 49
1717228688700 0.9177883400890935 50
1717228694039 0.9177883400890935 51
1717228699344 0.9177883400890935 52
1717228704617 0.9177883400890935 53
1717228710059 0.9177883400890935 54
1717228715362 0.9177883400890935 55
1717228720604 0.9177883400890935 56
1717228725855 0.9177883400890935 57
1717228731109 0.9177883400890935 58
1717228736487 0.9177883400890935 59
1717228741744 0.9177883400890935 60
1717228747080 0.9177883400890935 61
1717228752495 0.9177883400890935 62
1717228757700 0.9177883400890935 63
1717228762902 0.9177883400890935 64
1717228768186 0.9177883400890935 65
1717228773484 0.9177883400890935 66
1717228778785 0.9177883400890935 67
1717228784075 0.9177883400890935 68
1717228789520 0.9177883400890935 69
1717228794975 0.9177883400890935 70
1717228800297 0.9177883400890935 71
1717228805744 0.9177883400890935 72
1717228811625 0.9177883400890935 73
1717228818039 0.9177883400890935 74
1717228823597 0.9177883400890935 75
1717228828910 0.9177883400890935 76
1717228835201 0.9177883400890935 77
1717228840608 0.9177883400890935 78
1717228846088 0.9177883400890935 79
1717228851489 0.9177883400890935 80
1717228856896 0.9177883400890935 81
1717228862246 0.9177883400890935 82
1717228867626 0.9177883400890935 83
1717228873075 0.9177883400890935 84
1717228878427 0.9177883400890935 85
1717228883759 0.9177883400890935 86
1717228889069 0.9177883400890935 87
1717228894361 0.9177883400890935 88
1717228899733 0.9177883400890935 89
1717228905111 0.9177883400890935 90
1717228910433 0.9177883400890935 91
1717228915719 0.9177883400890935 92
1717228921006 0.9177883400890935 93
1717228926280 0.9177883400890935 94
1717228931631 0.9177883400890935 95
1717228936947 0.9177883400890935 96
1717228942307 0.9177883400890935 97
1717228947605 0.9177883400890935 98
1717228952949 0.9177883400890935 99
