1717228412151 25507.0 1
1717228417588 25507.0 2
1717228422897 25507.0 3
1717228428079 25507.0 4
1717228433295 25507.0 5
1717228438463 25507.0 6
1717228443600 25507.0 7
1717228448851 25507.0 8
1717228453990 25507.0 9
1717228459186 25507.0 10
1717228464649 25507.0 11
1717228470161 25507.0 12
1717228475409 25507.0 13
1717228480756 25507.0 14
1717228485970 25507.0 15
1717228491234 25507.0 16
1717228496755 25507.0 17
1717228502812 25507.0 18
1717228508738 25507.0 19
1717228514731 25507.0 20
1717228520923 25507.0 21
1717228527209 25507.0 22
1717228533983 25507.0 23
1717228539938 25507.0 24
1717228545351 25507.0 25
1717228550678 25507.0 26
1717228555993 25507.0 27
1717228562776 25507.0 28
1717228569428 25507.0 29
1717228576563 25507.0 30
1717228583267 25507.0 31
1717228589983 25507.0 32
1717228596739 25507.0 33
1717228602687 25507.0 34
1717228608065 25507.0 35
1717228613322 25507.0 36
1717228618657 25507.0 37
1717228623994 25507.0 38
1717228629255 25507.0 39
1717228634719 25507.0 40
1717228640032 25507.0 41
1717228645589 25507.0 42
1717228651484 25507.0 43
1717228656810 25507.0 44
1717228662272 25507.0 45
1717228667515 25507.0 46
1717228672773 25507.0 47
1717228678185 25507.0 48
1717228683427 25507.0 49
1717228688700 25507.0 50
1717228694039 25507.0 51
1717228699344 25507.0 52
1717228704617 25507.0 53
1717228710059 25507.0 54
1717228715362 25507.0 55
1717228720604 25507.0 56
1717228725855 25507.0 57
1717228731109 25507.0 58
1717228736487 25507.0 59
1717228741744 25507.0 60
1717228747080 25507.0 61
1717228752495 25507.0 62
1717228757700 25507.0 63
1717228762902 25507.0 64
1717228768186 25507.0 65
1717228773484 25507.0 66
1717228778785 25507.0 67
1717228784075 25507.0 68
1717228789520 25507.0 69
1717228794975 25507.0 70
1717228800297 25507.0 71
1717228805744 25507.0 72
1717228811625 25507.0 73
1717228818039 25507.0 74
1717228823597 25507.0 75
1717228828910 25507.0 76
1717228835201 25507.0 77
1717228840608 25507.0 78
1717228846088 25507.0 79
1717228851489 25507.0 80
1717228856896 25507.0 81
1717228862246 25507.0 82
1717228867626 25507.0 83
1717228873075 25507.0 84
1717228878427 25507.0 85
1717228883759 25507.0 86
1717228889069 25507.0 87
1717228894361 25507.0 88
1717228899733 25507.0 89
1717228905111 25507.0 90
1717228910433 25507.0 91
1717228915719 25507.0 92
1717228921006 25507.0 93
1717228926280 25507.0 94
1717228931631 25507.0 95
1717228936947 25507.0 96
1717228942307 25507.0 97
1717228947605 25507.0 98
1717228952949 25507.0 99
