1717694684593 0.7232484587249693 1
1717694685123 0.7258421575213646 2
1717694685650 0.7436008827118682 3
1717694686110 0.7576830195521433 4
1717694686643 0.7665840280126489 5
1717694687177 0.772252987357385 6
1717694687708 0.7776292375805159 7
1717694688223 0.7822107544640288 8
1717694688711 0.7848575815095509 9
1717694689223 0.7877762859415882 10
1717694689744 0.7878242951303628 11
1717694690319 0.7882591786540195 12
1717694690956 0.7887426868455629 13
1717694691492 0.7897561968044936 14
1717694692016 0.7893690853212867 15
1717694692588 0.7883083158713808 16
1717694693110 0.7879961710145773 17
1717694693571 0.7811998784795303 18
1717694694117 0.779044991978356 19
1717694694628 0.7773331984401479 20
1717694695127 0.7731020430746949 21
1717694695669 0.7730401373699899 22
1717694696203 0.7709175110846253 23
1717694696769 0.7699694570127545 24
1717694697317 0.7696292894364372 25
1717694697799 0.7709127209190617 26
1717694698355 0.7733524622466841 27
1717694698873 0.7737203881150636 28
1717694699405 0.7732318551313104 29
1717694699907 0.7733687713252994 30
1717694700445 0.774304409608155 31
1717694701004 0.7766140877121704 32
1717694701542 0.7790326117354514 33
1717694702063 0.780652276215676 34
1717694702552 0.7816660303921009 35
1717694703047 0.7833930144379196 36
1717694703550 0.7851306536803901 37
1717694704063 0.7870724587124516 38
1717694704618 0.7888759909000572 39
1717694705120 0.790379120178687 40
1717694705655 0.7915222998941666 41
1717694706256 0.7927988302847435 42
1717694706851 0.7939472150697349 43
1717694707437 0.7955644143939197 44
1717694707937 0.7960369348910946 45
1717694708449 0.7965150445327361 46
1717694708921 0.7966311726082411 47
1717694709397 0.7966872382838341 48
1717694709879 0.7972906647557657 49
1717694710366 0.7976150437060131 50
1717694710897 0.7984882058791404 51
1717694711387 0.7990859871573613 52
1717694711872 0.7998623899039561 53
1717694712376 0.7999748535591034 54
1717694712905 0.8004370457735419 55
1717694713371 0.8010456136731051 56
1717694713856 0.8012677081646585 57
1717694714389 0.8018080447087929 58
1717694714916 0.8018799775760583 59
1717694715488 0.802290130528559 60
1717694716025 0.8021725321559894 61
1717694716552 0.8021020530619424 62
1717694717133 0.8022123230791509 63
1717694717688 0.802300247033456 64
