1717255872683 90810.0 1
1717255875248 90810.0 2
1717255877876 90810.0 3
1717255880591 90810.0 4
1717255883207 90810.0 5
1717255885787 90810.0 6
1717255888387 90810.0 7
1717255890923 90810.0 8
1717255893487 90810.0 9
1717255896115 90810.0 10
1717255898698 90810.0 11
1717255901222 90810.0 12
1717255903852 90810.0 13
1717255906470 90810.0 14
1717255909021 90810.0 15
1717255911566 90810.0 16
1717255914065 90810.0 17
1717255916610 90810.0 18
1717255919170 90810.0 19
1717255921681 90810.0 20
1717255924380 90810.0 21
1717255926999 90810.0 22
1717255929501 90810.0 23
1717255932034 90810.0 24
1717255934568 90810.0 25
1717255937115 90810.0 26
1717255939665 90810.0 27
1717255942299 90810.0 28
1717255944853 90810.0 29
1717255947354 90810.0 30
1717255949884 90810.0 31
1717255952413 90810.0 32
1717255954963 90810.0 33
1717255957703 90810.0 34
1717255960306 90810.0 35
1717255962982 90810.0 36
1717255965583 90810.0 37
1717255968219 90810.0 38
1717255970819 90810.0 39
1717255973577 90810.0 40
1717255976276 90810.0 41
1717255978838 90810.0 42
1717255981420 90810.0 43
1717255983948 90810.0 44
1717255986652 90810.0 45
1717255989333 90810.0 46
1717255991917 90810.0 47
1717255994482 90810.0 48
1717255997111 90810.0 49
1717255999682 90810.0 50
1717256002256 90810.0 51
1717256004827 90810.0 52
1717256007388 90810.0 53
1717256010006 90810.0 54
1717256012636 90810.0 55
1717256015191 90810.0 56
1717256017759 90810.0 57
1717256020349 90810.0 58
1717256022887 90810.0 59
1717256025442 90810.0 60
1717256028064 90810.0 61
1717256030698 90810.0 62
1717256033280 90810.0 63
1717256035834 90810.0 64
1717256038386 90810.0 65
1717256040988 90810.0 66
1717256043617 90810.0 67
1717256046228 90810.0 68
1717256048871 90810.0 69
1717256051540 90810.0 70
1717256054148 90810.0 71
1717256056773 90810.0 72
1717256059476 90810.0 73
1717256062040 90810.0 74
1717256064664 90810.0 75
1717256067266 90810.0 76
1717256069886 90810.0 77
1717256072536 90810.0 78
1717256075120 90810.0 79
1717256077821 90810.0 80
1717256080411 90810.0 81
1717256083005 90810.0 82
1717256085744 90810.0 83
1717256088318 90810.0 84
1717256091019 90810.0 85
1717256093687 90810.0 86
1717256096293 90810.0 87
1717256098877 90810.0 88
1717256101435 90810.0 89
1717256104065 90810.0 90
1717256106739 90810.0 91
1717256109406 90810.0 92
1717256112040 90810.0 93
1717256114681 90810.0 94
1717256117341 90810.0 95
1717256120008 90810.0 96
1717256122622 90810.0 97
1717256125517 90810.0 98
1717256128127 90810.0 99
