1717096642255 0.19358274978145895 1
1717096643392 0.19358274978145895 2
1717096644631 0.19358274978145895 3
1717096645964 0.19358274978145895 4
1717096647151 0.19358274978145895 5
1717096648342 0.19358274978145895 6
1717096649553 0.19358274978145895 7
1717096650757 0.19358274978145895 8
1717096651904 0.19358274978145895 9
1717096653082 0.19358274978145895 10
1717096654234 0.19358274978145895 11
1717096655414 0.19358274978145895 12
1717096656581 0.19358274978145895 13
1717096657774 0.19358274978145895 14
1717096658969 0.19358274978145895 15
1717096660149 0.19358274978145895 16
1717096661306 0.19358274978145895 17
1717096662451 0.19358274978145895 18
1717096663607 0.19358274978145895 19
1717096664752 0.19358274978145895 20
1717096665922 0.19358274978145895 21
1717096667074 0.19358274978145895 22
1717096668230 0.19358274978145895 23
1717096669364 0.19358274978145895 24
1717096670558 0.19358274978145895 25
1717096671731 0.19358274978145895 26
1717096672928 0.19358274978145895 27
1717096674099 0.19358274978145895 28
1717096675266 0.19358274978145895 29
1717096676449 0.19358274978145895 30
1717096677600 0.19358274978145895 31
1717096678751 0.19358274978145895 32
1717096679913 0.19358274978145895 33
1717096681140 0.19358274978145895 34
1717096682312 0.19358274978145895 35
1717096683467 0.19358274978145895 36
1717096684639 0.19358274978145895 37
1717096685801 0.19358274978145895 38
1717096686964 0.19358274978145895 39
1717096688139 0.19358274978145895 40
1717096689315 0.19358274978145895 41
1717096690455 0.19358274978145895 42
1717096691581 0.19358274978145895 43
1717096692707 0.19358274978145895 44
1717096693861 0.19358274978145895 45
1717096695029 0.19358274978145895 46
1717096696193 0.19358274978145895 47
1717096697314 0.19358274978145895 48
1717096698468 0.19358274978145895 49
1717096699632 0.19358274978145895 50
1717096700783 0.19358274978145895 51
1717096701922 0.19358274978145895 52
1717096703081 0.19358274978145895 53
1717096704224 0.19358274978145895 54
1717096705358 0.19358274978145895 55
1717096706545 0.19358274978145895 56
1717096707712 0.19358274978145895 57
1717096708868 0.19358274978145895 58
1717096710190 0.19358274978145895 59
1717096711413 0.19358274978145895 60
1717096712646 0.19358274978145895 61
1717096713984 0.19358274978145895 62
1717096715287 0.19358274978145895 63
1717096716445 0.19358274978145895 64
1717096717580 0.19358274978145895 65
1717096718702 0.19358274978145895 66
1717096719870 0.19358274978145895 67
1717096721012 0.19358274978145895 68
1717096722161 0.19358274978145895 69
1717096723338 0.19358274978145895 70
1717096724554 0.19358274978145895 71
1717096725714 0.19358274978145895 72
1717096726862 0.19358274978145895 73
1717096727991 0.19358274978145895 74
1717096729157 0.19358274978145895 75
1717096730312 0.19358274978145895 76
1717096731480 0.19358274978145895 77
1717096732712 0.19358274978145895 78
1717096733898 0.19358274978145895 79
1717096735070 0.19358274978145895 80
1717096736327 0.19358274978145895 81
1717096737554 0.19358274978145895 82
1717096738753 0.19358274978145895 83
1717096739996 0.19358274978145895 84
1717096741499 0.19358274978145895 85
1717096742655 0.19358274978145895 86
1717096743783 0.19358274978145895 87
1717096744940 0.19358274978145895 88
1717096746088 0.19358274978145895 89
1717096747243 0.19358274978145895 90
1717096748398 0.19358274978145895 91
1717096749538 0.19358274978145895 92
1717096750681 0.19358274978145895 93
1717096751820 0.19358274978145895 94
1717096752975 0.19358274978145895 95
1717096754123 0.19358274978145895 96
1717096755287 0.19358274978145895 97
1717096756423 0.19358274978145895 98
1717096757578 0.19358274978145895 99
