1716234788829 0.523070306781378 1
1716234801669 0.5599560183727335 2
1716234814940 0.5597412494653774 3
1716234827873 0.5491531357508895 4
1716234840249 0.5427687699018855 5
1716234853259 0.5597535958861853 6
1716234865927 0.554423029738852 7
1716234878512 0.554423029738852 8
1716234891189 0.5545813353678579 9
1716234903767 0.5545813353678579 10
1716234916436 0.5545044184355623 11
1716234929227 0.5545813353678579 12
1716234941895 0.5545813353678579 13
1716234955109 0.5545813353678579 14
1716234967379 0.5545813353678579 15
1716234979667 0.5545813353678579 16
1716234992405 0.5402496735895593 17
1716235006612 0.5579248876743035 18
1716235019037 0.5490230493719722 19
1716235032149 0.5543461128065564 20
1716235046041 0.5545044184355623 21
1716235058576 0.5545813353678579 22
1716235071458 0.5545813353678579 23
1716235084506 0.5545813353678579 24
1716235096980 0.5545813353678579 25
1716235109515 0.5545813353678579 26
1716235122462 0.5545813353678579 27
1716235135312 0.5545813353678579 28
1716235148406 0.5545813353678579 29
1716235161211 0.5545813353678579 30
1716235173999 0.5545813353678579 31
1716235186653 0.5545813353678579 32
1716235199097 0.5545813353678579 33
1716235211910 0.5545813353678579 34
1716235224372 0.5545813353678579 35
1716235237088 0.5545813353678579 36
1716235251071 0.5545813353678579 37
1716235263845 0.5545813353678579 38
1716235276750 0.5545813353678579 39
1716235289119 0.5545813353678579 40
1716235302200 0.5545813353678579 41
1716235314755 0.5545813353678579 42
1716235327411 0.5545813353678579 43
1716235340065 0.5545813353678579 44
1716235352151 0.5445224417411715 45
1716235364426 0.5545044184355623 46
1716235376802 0.5545813353678579 47
1716235389683 0.5545813353678579 48
1716235402041 0.5545813353678579 49
1716235414617 0.5545813353678579 50
1716235427100 0.5545813353678579 51
1716235440301 0.5545813353678579 52
1716235452646 0.5545813353678579 53
1716235466844 0.5545813353678579 54
1716235479574 0.5545813353678579 55
1716235492494 0.5545813353678579 56
1716235505640 0.5545813353678579 57
1716235518325 0.5545813353678579 58
1716235531190 0.5545813353678579 59
1716235544009 0.5545813353678579 60
1716235556417 0.5545813353678579 61
1716235568758 0.5545813353678579 62
1716235581113 0.5545813353678579 63
1716235593430 0.5545813353678579 64
1716235607636 0.5545813353678579 65
1716235619858 0.5545813353678579 66
1716235632625 0.5545813353678579 67
1716235645039 0.5545813353678579 68
1716235657340 0.5545813353678579 69
1716235669878 0.5545813353678579 70
1716235682208 0.5545813353678579 71
1716235695152 0.5545813353678579 72
1716235708122 0.5545813353678579 73
1716235720491 0.5545813353678579 74
1716235733631 0.561141432375618 75
1716235746326 0.5597412494653774 76
1716235758626 0.5545813353678579 77
1716235771181 0.5545813353678579 78
1716235783878 0.5545813353678579 79
1716235796440 0.5545813353678579 80
1716235809932 0.5545813353678579 81
1716235822723 0.5545813353678579 82
1716235835369 0.5545813353678579 83
1716235847605 0.5545813353678579 84
1716235860611 0.5545813353678579 85
1716235872854 0.5545813353678579 86
1716235885444 0.5545813353678579 87
1716235897302 0.5545813353678579 88
1716235909600 0.5545813353678579 89
1716235921612 0.5545813353678579 90
1716235934095 0.5545813353678579 91
1716235946201 0.5545813353678579 92
1716235958425 0.5545813353678579 93
1716235970701 0.5545813353678579 94
1716235983178 0.5545813353678579 95
1716235996080 0.5545813353678579 96
1716236008882 0.5545813353678579 97
1716236021029 0.5545813353678579 98
1716236033411 0.5545813353678579 99
