1716234788829 124294.0 1
1716234801669 124294.0 2
1716234814940 124294.0 3
1716234827873 124294.0 4
1716234840249 124294.0 5
1716234853259 124294.0 6
1716234865927 124294.0 7
1716234878512 124294.0 8
1716234891189 124294.0 9
1716234903767 124294.0 10
1716234916436 124294.0 11
1716234929227 124294.0 12
1716234941895 124294.0 13
1716234955109 124294.0 14
1716234967379 124294.0 15
1716234979667 124294.0 16
1716234992405 124294.0 17
1716235006612 124294.0 18
1716235019037 124294.0 19
1716235032149 124294.0 20
1716235046041 124294.0 21
1716235058576 124294.0 22
1716235071458 124294.0 23
1716235084506 124294.0 24
1716235096980 124294.0 25
1716235109515 124294.0 26
1716235122462 124294.0 27
1716235135312 124294.0 28
1716235148406 124294.0 29
1716235161211 124294.0 30
1716235173999 124294.0 31
1716235186653 124294.0 32
1716235199097 124294.0 33
1716235211910 124294.0 34
1716235224372 124294.0 35
1716235237088 124294.0 36
1716235251071 124294.0 37
1716235263845 124294.0 38
1716235276750 124294.0 39
1716235289119 124294.0 40
1716235302200 124294.0 41
1716235314755 124294.0 42
1716235327411 124294.0 43
1716235340065 124294.0 44
1716235352151 124294.0 45
1716235364426 124294.0 46
1716235376802 124294.0 47
1716235389683 124294.0 48
1716235402041 124294.0 49
1716235414617 124294.0 50
1716235427100 124294.0 51
1716235440301 124294.0 52
1716235452646 124294.0 53
1716235466844 124294.0 54
1716235479574 124294.0 55
1716235492494 124294.0 56
1716235505640 124294.0 57
1716235518325 124294.0 58
1716235531190 124294.0 59
1716235544009 124294.0 60
1716235556417 124294.0 61
1716235568758 124294.0 62
1716235581113 124294.0 63
1716235593430 124294.0 64
1716235607636 124294.0 65
1716235619858 124294.0 66
1716235632625 124294.0 67
1716235645039 124294.0 68
1716235657340 124294.0 69
1716235669878 124294.0 70
1716235682208 124294.0 71
1716235695152 124294.0 72
1716235708122 124294.0 73
1716235720491 124294.0 74
1716235733631 124294.0 75
1716235746326 124294.0 76
1716235758626 124294.0 77
1716235771181 124294.0 78
1716235783878 124294.0 79
1716235796440 124294.0 80
1716235809932 124294.0 81
1716235822723 124294.0 82
1716235835369 124294.0 83
1716235847605 124294.0 84
1716235860611 124294.0 85
1716235872854 124294.0 86
1716235885444 124294.0 87
1716235897302 124294.0 88
1716235909600 124294.0 89
1716235921612 124294.0 90
1716235934095 124294.0 91
1716235946201 124294.0 92
1716235958425 124294.0 93
1716235970701 124294.0 94
1716235983178 124294.0 95
1716235996080 124294.0 96
1716236008882 124294.0 97
1716236021029 124294.0 98
1716236033411 124294.0 99
