1717628944502 349490.0 1
1717628948083 349490.0 2
1717628951363 349490.0 3
1717628954734 349490.0 4
1717628958181 349490.0 5
1717628961624 349490.0 6
1717628965047 349490.0 7
1717628968434 349490.0 8
1717628971728 349490.0 9
1717628974969 349490.0 10
1717628978366 349490.0 11
1717628982987 349490.0 12
1717628986679 349490.0 13
1717628990277 349490.0 14
1717628993758 349490.0 15
1717628997353 349490.0 16
1717629000817 349490.0 17
1717629004084 349490.0 18
1717629007424 349490.0 19
1717629010953 349490.0 20
1717629014424 349490.0 21
1717629018010 349490.0 22
1717629021610 349490.0 23
1717629025195 349490.0 24
1717629028746 349490.0 25
1717629032240 349490.0 26
1717629035718 349490.0 27
1717629039056 349490.0 28
1717629042465 349490.0 29
1717629045713 349490.0 30
1717629049247 349490.0 31
1717629053094 349490.0 32
1717629056518 349490.0 33
1717629059939 349490.0 34
1717629063354 349490.0 35
