1717695115568 0.4737142391392941 1
1717695116213 0.4743662890211101 2
1717695116746 0.47452930149156414 3
1717695117300 0.4741217703154291 4
1717695117923 0.4741217703154291 5
1717695118456 0.4746108077267911 6
1717695119041 0.476974488548374 7
1717695119531 0.4786046132529138 8
1717695120043 0.48064226913358876 9
1717695120576 0.4854511370119814 10
1717695121106 0.5002852718232944 11
1717695121655 0.5099030075800799 12
1717695122189 0.5187871872198223 13
1717695122693 0.5275898606243378 14
1717695123183 0.5337028282663624 15
1717695123794 0.5390007335561171 16
1717695124546 0.5411198956720189 17
1717695125230 0.5421794767299699 18
1717695125830 0.5444616513163256 19
1717695126390 0.5473958757844974 20
1717695126953 0.5507376314288044 21
1717695127649 0.554242399543565 22
1717695128271 0.5579101801287798 23
1717695128887 0.5606813921264977 24
1717695129384 0.5641046540060315 25
1717695129946 0.5663053223571604 26
1717695130532 0.5663868285923873 27
1717695131121 0.5667943597685223 28
1717695131749 0.5670388784742033 29
1717695132237 0.5680984595321542 30
1717695132767 0.5698915967071481 31
1717695133283 0.5700546091776021 32
1717695133877 0.5699731029423751 33
1717695134422 0.57038063411851 34
1717695135005 0.571358708941234 35
1717695135550 0.572255277528731 36
1717695136149 0.5737223897628169 37
1717695136736 0.5742929334094058 38
1717695137296 0.5746189583503138 39
1717695137756 0.5748634770559948 40
1717695138281 0.5747004645855408 41
1717695138778 0.5745374521150868 42
1717695139323 0.5740484147037248 43
1717695139805 0.5740484147037248 44
1717695140283 0.5737223897628169 45
1717695140760 0.5737223897628169 46
1717695141229 0.5745374521150868 47
1717695141687 0.5747004645855408 48
1717695142206 0.5749449832912218 49
1717695142678 0.5756785394082647 50
1717695143201 0.5760045643491727 51
1717695143678 0.5761675768196267 52
1717695144335 0.5765751079957617 53
1717695144898 0.5769011329366697 54
1717695145369 0.5775531828184857 55
1717695145914 0.5780422202298476 56
1717695146395 0.5780422202298476 57
1717695146915 0.5784497514059825 58
1717695147436 0.5787757763468906 59
1717695147950 0.5791018012877985 60
1717695148490 0.5792648137582526 61
1717695149043 0.5793463199934795 62
1717695149603 0.5799168636400684 63
1717695150090 0.5799168636400684 64
1717695150631 0.5800798761105225 65
1717695151172 0.5803243948162035 66
1717695151730 0.5806504197571114 67
1717695152302 0.5808134322275654 68
1717695152872 0.5808134322275654 69
1717695153433 0.5808134322275654 70
1717695153983 0.5807319259923385 71
1717695154568 0.5808134322275654 72
1717695155064 0.5808949384627924 73
1717695155557 0.5809764446980195 74
1717695156080 0.5811394571684734 75
1717695156602 0.5813024696389274 76
1717695157125 0.5813024696389274 77
1717695157678 0.5811394571684734 78
1717695158245 0.5810579509332464 79
1717695158838 0.5808949384627924 80
1717695159423 0.5804874072866575 81
1717695160023 0.5800798761105225 82
1717695160558 0.5799983698752955 83
1717695161088 0.5798353574048415 84
1717695161619 0.5795908386991605 85
1717695162236 0.5793463199934795 86
1717695162756 0.5786942701116635 87
1717695163297 0.5791018012877985 88
1717695163871 0.5790202950525716 89
1717695164369 0.5791833075230255 90
1717695164896 0.5790202950525716 91
1717695165483 0.5793463199934795 92
1717695166033 0.5793463199934795 93
1717695166531 0.5792648137582526 94
1717695166995 0.5790202950525716 95
1717695167490 0.5791018012877985 96
1717695167964 0.5789387888173445 97
1717695168469 0.5788572825821175 98
1717695168956 0.5786942701116635 99
1717695173520 0.5786942701116635 0
