1717695115568 0.585394561290741 1
1717695116213 0.6621382832527161 2
1717695116746 0.6860722899436951 3
1717695117300 0.7033395171165466 4
1717695117923 0.7171805500984192 5
1717695118456 0.725522518157959 6
1717695119041 0.7404078841209412 7
1717695119531 0.7476369738578796 8
1717695120043 0.7537205219268799 9
1717695120576 0.7571325898170471 10
1717695121106 0.7658407688140869 11
1717695121655 0.7700110077857971 12
1717695122189 0.7744561433792114 13
1717695122693 0.7769325375556946 14
1717695123183 0.7805214524269104 15
1717695123794 0.7838623523712158 16
1717695124546 0.7864011526107788 17
1717695125230 0.7880939245223999 18
1717695125830 0.7894378304481506 19
1717695126390 0.7908564805984497 20
1717695126953 0.7919528484344482 21
1717695127649 0.7931303381919861 22
1717695128271 0.7943680882453918 23
1717695128887 0.7960718274116516 24
1717695129384 0.797465980052948 25
1717695129946 0.7992771863937378 26
1717695130532 0.8001474738121033 27
1717695131121 0.8009214401245117 28
1717695131749 0.8015324473381042 29
1717695132237 0.8019611239433289 30
1717695132767 0.8025323748588562 31
1717695133283 0.8031865954399109 32
1717695133877 0.8036608695983887 33
1717695134422 0.8039761781692505 34
1717695135005 0.8044682741165161 35
1717695135550 0.8049100637435913 36
1717695136149 0.8055695295333862 37
1717695136736 0.8062698841094971 38
1717695137296 0.8071336150169373 39
1717695137756 0.8081953525543213 40
1717695138281 0.8094110488891602 41
1717695138778 0.8104482889175415 42
1717695139323 0.8115935325622559 43
1717695139805 0.8123769760131836 44
1717695140283 0.8129310607910156 45
1717695140760 0.8142064809799194 46
1717695141229 0.814864993095398 47
1717695141687 0.8156434297561646 48
1717695142206 0.8163285255432129 49
1717695142678 0.8167737126350403 50
1717695143201 0.8172447681427002 51
1717695143678 0.8176741003990173 52
1717695144335 0.8179535269737244 53
1717695144898 0.8182283639907837 54
1717695145369 0.818520188331604 55
1717695145914 0.8187069892883301 56
1717695146395 0.8189364075660706 57
1717695146915 0.8192975521087646 58
1717695147436 0.8194044232368469 59
1717695147950 0.819491446018219 60
1717695148490 0.8193004727363586 61
1717695149043 0.8193697929382324 62
1717695149603 0.8195961117744446 63
1717695150090 0.8196670413017273 64
1717695150631 0.8198411464691162 65
1717695151172 0.8201919794082642 66
1717695151730 0.8203032612800598 67
1717695152302 0.8205121755599976 68
1717695152872 0.8205174803733826 69
1717695153433 0.8206098675727844 70
1717695153983 0.820999026298523 71
1717695154568 0.8213346004486084 72
1717695155064 0.8212867975234985 73
1717695155557 0.8213151097297668 74
1717695156080 0.8215018510818481 75
1717695156602 0.8217331171035767 76
1717695157125 0.8217310905456543 77
1717695157678 0.8221278190612793 78
1717695158245 0.8224959969520569 79
1717695158838 0.822638988494873 80
1717695159423 0.8228983879089355 81
1717695160023 0.8231441378593445 82
1717695160558 0.8231186866760254 83
1717695161088 0.8232303261756897 84
1717695161619 0.823639988899231 85
1717695162236 0.8239662051200867 86
1717695162756 0.8243372440338135 87
1717695163297 0.8245472311973572 88
1717695163871 0.8244166374206543 89
1717695164369 0.8245846033096313 90
1717695164896 0.8248001933097839 91
1717695165483 0.8249908685684204 92
1717695166033 0.8251474499702454 93
1717695166531 0.8250967860221863 94
1717695166995 0.8253870606422424 95
1717695167490 0.8255447149276733 96
1717695167964 0.8255190849304199 97
1717695168469 0.8256061673164368 98
1717695168956 0.8257638216018677 99
