1717695115568 31693.0 1
1717695116213 33612.0 2
1717695116746 33619.0 3
1717695117300 33942.0 4
1717695117923 34428.0 5
1717695118456 34665.0 6
1717695119041 34955.0 7
1717695119531 35284.0 8
1717695120043 35696.0 9
1717695120576 35683.0 10
1717695121106 35424.0 11
1717695121655 35541.0 12
1717695122189 35545.0 13
1717695122693 35511.0 14
1717695123183 35459.0 15
1717695123794 35422.0 16
1717695124546 35441.0 17
1717695125230 35484.0 18
1717695125830 35515.0 19
1717695126390 35554.0 20
1717695126953 35577.0 21
1717695127649 35606.0 22
1717695128271 35658.0 23
1717695128887 35691.0 24
1717695129384 35712.0 25
1717695129946 35745.0 26
1717695130532 35767.0 27
1717695131121 35792.0 28
1717695131749 35791.0 29
1717695132237 35791.0 30
1717695132767 35797.0 31
1717695133283 35786.0 32
1717695133877 35782.0 33
1717695134422 35763.0 34
1717695135005 35752.0 35
1717695135550 35752.0 36
1717695136149 35758.0 37
1717695136736 35769.0 38
1717695137296 35763.0 39
1717695137756 35735.0 40
1717695138281 35719.0 41
1717695138778 35673.0 42
1717695139323 35655.0 43
1717695139805 35640.0 44
1717695140283 35628.0 45
1717695140760 35654.0 46
1717695141229 35642.0 47
1717695141687 35634.0 48
1717695142206 35620.0 49
1717695142678 35605.0 50
1717695143201 35607.0 51
1717695143678 35611.0 52
1717695144335 35599.0 53
1717695144898 35594.0 54
1717695145369 35594.0 55
1717695145914 35595.0 56
1717695146395 35600.0 57
1717695146915 35588.0 58
1717695147436 35581.0 59
1717695147950 35567.0 60
1717695148490 35560.0 61
1717695149043 35561.0 62
1717695149603 35567.0 63
1717695150090 35561.0 64
1717695150631 35558.0 65
1717695151172 35550.0 66
1717695151730 35546.0 67
1717695152302 35544.0 68
1717695152872 35540.0 69
1717695153433 35534.0 70
1717695153983 35535.0 71
1717695154568 35527.0 72
1717695155064 35514.0 73
1717695155557 35494.0 74
1717695156080 35490.0 75
1717695156602 35457.0 76
1717695157125 35449.0 77
1717695157678 35433.0 78
1717695158245 35427.0 79
1717695158838 35415.0 80
1717695159423 35421.0 81
1717695160023 35410.0 82
1717695160558 35404.0 83
1717695161088 35386.0 84
1717695161619 35371.0 85
1717695162236 35373.0 86
1717695162756 35358.0 87
1717695163297 35366.0 88
1717695163871 35345.0 89
1717695164369 35344.0 90
1717695164896 35325.0 91
1717695165483 35324.0 92
1717695166033 35317.0 93
1717695166531 35297.0 94
1717695166995 35297.0 95
1717695167490 35272.0 96
1717695167964 35252.0 97
1717695168469 35247.0 98
1717695168956 35251.0 99
