1717575317906 0.7530841342848016 1
1717575321857 0.7751704766229852 2
1717575325716 0.8108545374767103 3
1717575329749 0.8180854494983121 4
1717575333637 0.8354417216036153 5
1717575337528 0.8594948250889428 6
1717575341467 0.878368564052152 7
1717575345681 0.8932816272918019 8
1717575349718 0.9086828529507377 9
1717575353631 0.9132058109369415 10
1717575357808 0.922289224492774 11
1717575361752 0.9294906880368843 12
1717575365671 0.9387097944235511 13
1717575369547 0.939366174484513 14
1717575373642 0.9414456775063937 15
1717575377571 0.9380649722920628 16
1717575381611 0.9408799330158123 17
1717575385890 0.9418685695627828 18
1717575389897 0.9381597372176026 19
1717575393914 0.9393781450021197 20
1717575397919 0.9387921131232803 21
1717575402005 0.9428158325038207 22
1717575406000 0.9413386251208029 23
1717575409977 0.9390537823903615 24
1717575413948 0.9400694081539677 25
1717575418014 0.9339377434657536 26
1717575422027 0.9409262147835892 27
1717575426067 0.940082571363607 28
1717575430108 0.9389645261475826 29
1717575434293 0.9374944666176143 30
1717575438398 0.9377830482081685 31
1717575442453 0.937293788075949 32
1717575446827 0.939140865759059 33
1717575450850 0.940348474214611 34
1717575454773 0.9433946403991711 35
1717575458740 0.9357444791248499 36
1717575462892 0.9426847138426064 37
1717575466843 0.9437889322179129 38
1717575470897 0.9426370869387862 39
1717575474897 0.9428372432887309 40
1717575478939 0.9428846481312274 41
1717575483152 0.9421905616579428 42
1717575487138 0.9449748383466265 43
1717575491175 0.9454462127747575 44
1717575495162 0.944077000452511 45
1717575499267 0.9444816103253664 46
1717575503184 0.945145304766804 47
1717575507149 0.9429254597992125 48
1717575511208 0.940546584068274 49
1717575515614 0.9392588419523922 50
1717575521055 0.9422374536001752 51
1717575526448 0.9423647680836988 52
1717575531937 0.9435855560926013 53
1717575536164 0.9230794241945284 54
1717575540236 0.9297847423472352 55
1717575544445 0.9357182573516927 56
1717575548464 0.9419068977479567 57
1717575553912 0.9407937859823244 58
1717575557973 0.9466097556153082 59
1717575562012 0.9400487465444248 60
1717575566209 0.9460503332144833 61
1717575570366 0.9452101180740049 62
1717575574322 0.9489414015741168 63
1717575578380 0.949693070464391 64
1717575582358 0.9478485503583384 65
1717575586565 0.9500821382648191 66
1717575590594 0.9450078056581159 67
1717575594586 0.9470371887331898 68
1717575598884 0.9405865085394532 69
1717575603445 0.9403565431825502 70
1717575607935 0.9496335770886817 71
1717575611988 0.9483316056847746 72
1717575616562 0.9479425731002227 73
1717575620881 0.9500156929561988 74
1717575625364 0.9485622999648089 75
1717575629771 0.9464449797037404 76
1717575633851 0.9470197263604092 77
1717575638269 0.9489460107761913 78
1717575642429 0.9448478979651465 79
1717575646717 0.9501758267605684 80
1717575651423 0.9487364645182397 81
1717575656080 0.9510215671162469 82
1717575660451 0.9484385810238748 83
1717575664639 0.9496311703327898 84
1717575668816 0.9509127257884865 85
1717575672819 0.9507311401934587 86
1717575676891 0.9512728631631211 87
1717575681161 0.9511317407531453 88
1717575686000 0.9505781764612338 89
1717575691175 0.9508628350139208 90
1717575695430 0.9489434431379777 91
1717575700070 0.9505768928954674 92
1717575704845 0.9509494987515137 93
1717575709413 0.9504443797992781 94
1717575714015 0.9515667279176696 95
1717575718356 0.9516032902404484 96
1717575722659 0.9521740146530508 97
1717575727136 0.950459851809926 98
1717575731350 0.9495830804313864 99
