1717519390346 0.1656852662563324 1
1717519393164 0.059806112200021744 2
1717519395835 0.0 3
1717519399231 0.0 4
1717519404620 0.0 5
1717519408670 0.0 6
1717519412747 0.0 7
1717519416810 0.0 8
1717519420752 0.0 9
1717519424806 0.0 10
1717519428061 0.0 11
1717519431097 0.0 12
1717519434182 0.0 13
1717519437226 0.0 14
1717519440280 0.0 15
1717519443286 0.0 16
1717519446358 0.0003150598786305636 17
1717519449329 0.00039320543874055147 18
1717519452724 0.001781640574336052 19
1717519457207 0.018767211586236954 20
1717519461377 0.07105758786201477 21
1717519465480 0.07815388590097427 22
1717519469502 0.08457599580287933 23
1717519473454 0.12470946460962296 24
1717519477570 0.1362847089767456 25
1717519481686 0.13751810789108276 26
1717519485692 0.1384742707014084 27
1717519489178 0.14761756360530853 28
1717519492579 0.1627117544412613 29
1717519495817 0.1473018079996109 30
1717519499161 0.144955113530159 31
1717519502491 0.15565495193004608 32
1717519505973 0.1465751677751541 33
1717519510243 0.15416750311851501 34
1717519514465 0.18316762149333954 35
1717519518973 0.1571110337972641 36
1717519523333 0.1583789736032486 37
1717519527602 0.11465059965848923 38
1717519531893 0.028969360515475273 39
1717519535732 0.0 40
1717519539201 0.0 41
1717519543247 0.0 42
1717519546599 0.0 43
1717519549900 0.01812761276960373 44
1717519553306 0.05504172295331955 45
1717519557062 0.1054866835474968 46
1717519561279 0.11216575652360916 47
1717519565513 0.11687369644641876 48
1717519569727 0.15400856733322144 49
1717519573996 0.16991177201271057 50
1717519578237 0.16117428243160248 51
1717519582433 0.20164288580417633 52
1717519586632 0.20429033041000366 53
1717519590875 0.20576344430446625 54
1717519595109 0.2077750563621521 55
1717519599336 0.21086563169956207 56
1717519603182 0.21695154905319214 57
1717519606667 0.22011646628379822 58
1717519609992 0.2258395403623581 59
1717519613370 0.2280297428369522 60
1717519616707 0.2385389655828476 61
1717519619992 0.24607789516448975 62
1717519623328 0.23968505859375 63
1717519626634 0.2532087564468384 64
1717519629933 0.18485745787620544 65
1717519633274 0.02382185496389866 66
1717519636579 0.0 67
1717519639843 0.0 68
1717519643120 0.02423940971493721 69
1717519646412 0.1445740908384323 70
1717519649760 0.20973742008209229 71
1717519653148 0.2090691775083542 72
1717519656475 0.20816124975681305 73
1717519659802 0.20363619923591614 74
1717519663178 0.20587517321109772 75
1717519666574 0.207863911986351 76
1717519669866 0.2171836793422699 77
1717519673189 0.2338811755180359 78
1717519676535 0.23224610090255737 79
1717519679870 0.24305394291877747 80
1717519683170 0.26636698842048645 81
1717519686464 0.2661830186843872 82
1717519689788 0.26587215065956116 83
1717519693148 0.2657735347747803 84
1717519696479 0.26568958163261414 85
1717519699785 0.2657150626182556 86
1717519703147 0.2657150626182556 87
1717519706427 0.2657150626182556 88
1717519709737 0.2657150626182556 89
1717519713052 0.2657150626182556 90
1717519716408 0.26848384737968445 91
1717519720588 0.11814987659454346 92
1717519724744 0.0 93
1717519727835 0.029548268765211105 94
1717519730991 0.06269008666276932 95
1717519734087 0.10619161278009415 96
1717519737164 0.1836107075214386 97
1717519740238 0.1771252453327179 98
1717519743234 0.18831129372119904 99
