1717245286605 0.0807304479652847 1
1717245287957 0.0 2
1717245289321 0.09956403862229182 3
1717245290658 0.1751514309822535 4
1717245292089 0.21481437986081786 5
1717245293445 0.2590223502222973 6
1717245294845 0.29589639344902896 7
1717245296214 0.30574113569514827 8
1717245297599 0.31090332371116314 9
1717245299037 0.3174087305667859 10
1717245300439 0.321173081080308 11
1717245301900 0.32364638351147984 12
1717245303401 0.32595352711955516 13
1717245304860 0.32237976277734126 14
1717245306252 0.3222572479132399 15
1717245307778 0.32330071797154564 16
1717245309300 0.32257060956543193 17
1717245310799 0.32211234405745875 18
1717245312350 0.32346488324533185 19
1717245313836 0.33079545903453644 20
1717245315390 0.3349178191486486 21
1717245316886 0.33874744304094473 22
1717245318431 0.34313463077133544 23
1717245319861 0.3469740138887267 24
1717245321338 0.34926778509829315 25
1717245322918 0.3521178739800641 26
1717245324390 0.35306127998156367 27
1717245325865 0.3520696654308968 28
1717245327326 0.35095175794010264 29
1717245328788 0.3504939502885354 30
1717245330279 0.3549203955572787 31
1717245331760 0.35519882549664106 32
1717245333300 0.3561606931879122 33
1717245334770 0.3621380275347642 34
1717245336253 0.36443270682660917 35
1717245337715 0.36490362039468366 36
1717245339195 0.36957223015184437 37
1717245341028 0.3681015695696715 38
1717245342501 0.3710773054022547 39
1717245344045 0.371713530833834 40
1717245345596 0.3707053092931817 41
1717245347046 0.37292462361395934 42
1717245348692 0.3770750590844076 43
1717245350083 0.3747767024821203 44
1717245351500 0.3768285791253745 45
1717245353029 0.38133764374460805 46
1717245354522 0.38122694137189633 47
1717245356030 0.38555431958684583 48
1717245357521 0.3854509574874236 49
1717245359007 0.38982550005337463 50
1717245360463 0.384527710203425 51
1717245361922 0.3906078785544577 52
1717245363396 0.39261531420279544 53
1717245364921 0.3909083495757435 54
1717245366355 0.3931840376025012 55
1717245367853 0.39387846054454845 56
1717245369350 0.3948461868958412 57
1717245370802 0.3971857686472522 58
1717245372238 0.39762925551705375 59
1717245373723 0.3994025718152777 60
1717245375257 0.40017081694820045 61
1717245376791 0.40158445931792164 62
1717245378246 0.399674303008569 63
1717245379696 0.40562660020711533 64
1717245381186 0.40680445803223764 65
1717245382679 0.4103376963476446 66
1717245384221 0.4116425922339341 67
1717245385671 0.4113362762962823 68
1717245387162 0.4132555453039513 69
1717245388676 0.41506065827701144 70
1717245390174 0.4148915482471942 71
1717245391694 0.4139676420974975 72
1717245393167 0.4184651551623784 73
1717245394715 0.41948280733636506 74
1717245396202 0.42006198601077893 75
1717245397664 0.42341674152129294 76
1717245399136 0.42430522230520595 77
1717245400700 0.4230617895186569 78
1717245402172 0.42701867612642935 79
1717245403636 0.42753641172958623 80
1717245405136 0.4286243521090161 81
1717245406665 0.43319311108789194 82
1717245408156 0.4338208199637075 83
1717245409626 0.43881941762432003 84
1717245411164 0.443973350998516 85
1717245412719 0.44883561149799633 86
1717245414276 0.4511946967754114 87
1717245415750 0.45439888001955775 88
1717245417301 0.4579762708206861 89
1717245418743 0.45835441397477 90
1717245420260 0.4608298167381456 91
1717245421729 0.4602324497024824 92
1717245423229 0.4649471576787002 93
1717245424789 0.46343294481712305 94
1717245426268 0.4662698979141972 95
1717245427741 0.4674565312529667 96
1717245429252 0.4642803439447151 97
1717245430753 0.4652074959522635 98
1717245432249 0.46516714731064013 99
