1717707616415 53405.0 1
1717707617720 53405.0 2
1717707619078 53405.0 3
1717707620356 53405.0 4
1717707621630 53405.0 5
1717707622917 53405.0 6
1717707624065 53405.0 7
1717707625245 53405.0 8
1717707626546 53405.0 9
1717707627909 53405.0 10
1717707629104 53405.0 11
1717707630182 53405.0 12
1717707631313 53405.0 13
1717707632743 53405.0 14
1717707633894 53405.0 15
1717707635057 53405.0 16
1717707636239 53405.0 17
1717707637643 53405.0 18
1717707638946 53405.0 19
1717707640540 53405.0 20
1717707642230 53405.0 21
1717707643457 53405.0 22
1717707644707 53405.0 23
1717707645916 53405.0 24
1717707647238 53405.0 25
1717707648783 53405.0 26
1717707650048 53405.0 27
1717707651264 53405.0 28
1717707652585 53405.0 29
1717707653920 53405.0 30
1717707655275 53405.0 31
1717707656643 53405.0 32
1717707658026 53405.0 33
1717707659274 53405.0 34
1717707660428 53405.0 35
1717707661698 53405.0 36
1717707663021 53405.0 37
1717707664374 53405.0 38
1717707665692 53405.0 39
1717707666971 53405.0 40
1717707668222 53405.0 41
1717707669491 53405.0 42
1717707670786 53405.0 43
1717707671988 53405.0 44
1717707673109 53405.0 45
1717707674312 53405.0 46
1717707675541 53405.0 47
1717707676796 53405.0 48
1717707677975 53405.0 49
1717707679170 53405.0 50
1717707680460 53405.0 51
1717707681574 53405.0 52
1717707682694 53405.0 53
1717707683868 53405.0 54
1717707684992 53405.0 55
1717707686217 53405.0 56
1717707687595 53405.0 57
1717707688722 53405.0 58
1717707689883 53405.0 59
1717707691174 53405.0 60
1717707692459 53405.0 61
1717707693744 53405.0 62
1717707694880 53405.0 63
1717707696115 53405.0 64
1717707697318 53405.0 65
1717707698572 53405.0 66
1717707699759 53405.0 67
1717707700982 53405.0 68
1717707702261 53405.0 69
1717707703354 53405.0 70
1717707704517 53405.0 71
1717707705693 53405.0 72
1717707706933 53405.0 73
1717707708219 53405.0 74
1717707709560 53405.0 75
1717707710695 53405.0 76
1717707711841 53405.0 77
1717707712974 53405.0 78
1717707714192 53405.0 79
1717707715658 53405.0 80
1717707716917 53405.0 81
1717707718286 53405.0 82
1717707719496 53405.0 83
1717707720659 53405.0 84
1717707721862 53405.0 85
1717707723168 53405.0 86
1717707724437 53405.0 87
1717707725862 53405.0 88
1717707727138 53405.0 89
1717707728392 53405.0 90
1717707729600 53405.0 91
1717707730767 53405.0 92
1717707731985 53405.0 93
1717707733295 53405.0 94
1717707734414 53405.0 95
1717707735638 53405.0 96
1717707736810 53405.0 97
1717707737964 53405.0 98
1717707739137 53405.0 99
