1717707616415 0.795054058779403 1
1717707617720 0.9058855639448464 2
1717707619078 0.9277866219141763 3
1717707620356 0.9315921048164111 4
1717707621630 0.9341858563107734 5
1717707622917 0.9337207837442498 6
1717707624065 0.9353011295530286 7
1717707625245 0.9357456700247734 8
1717707626546 0.9377069375784665 9
1717707627909 0.9384078390189023 10
1717707629104 0.9393107966420973 11
1717707630182 0.9391189193533281 12
1717707631313 0.9406742559538591 13
1717707632743 0.9406442810231008 14
1717707633894 0.9418608066926685 15
1717707635057 0.9414937007951416 16
1717707636239 0.9426481215739054 17
1717707637643 0.942408250712329 18
1717707638946 0.9432768845327826 19
1717707640540 0.943927233300687 20
1717707642230 0.9440405206174122 21
1717707643457 0.9443961893077839 22
1717707644707 0.9451036732836535 23
1717707645916 0.9456384732347957 24
1717707647238 0.9462609347164699 25
1717707648783 0.9455054690655637 26
1717707650048 0.9465219878310309 27
1717707651264 0.94643332560048 28
1717707652585 0.9470193120746329 29
1717707653920 0.9461917163615067 30
1717707655275 0.9475712737053018 31
1717707656643 0.9474970669442785 32
1717707658026 0.9475716371751188 33
1717707659274 0.9485541160462295 34
1717707660428 0.9481119053380153 35
1717707661698 0.9484795963420969 36
1717707663021 0.948963029200578 37
1717707664374 0.948404115542463 38
1717707665692 0.9479341079371854 39
1717707666971 0.9490156395238406 40
1717707668222 0.9491699658462769 41
1717707669491 0.9481810773538439 42
1717707670786 0.9490293453198744 43
1717707671988 0.948912246375807 44
1717707673109 0.9487422613976005 45
1717707674312 0.9489729612461353 46
1717707675541 0.9488372228160111 47
1717707676796 0.9495634076812723 48
1717707677975 0.9499116576860319 49
1717707679170 0.9501767509512528 50
1717707680460 0.9504706711250156 51
1717707681574 0.9494778893534798 52
1717707682694 0.9494464576311588 53
1717707683868 0.9497369216778222 54
1717707684992 0.9499775590919531 55
1717707686217 0.9498583692172556 56
1717707687595 0.9508060417739751 57
1717707688722 0.9504913800551966 58
1717707689883 0.9509989330022257 59
1717707691174 0.9504347787993348 60
1717707692459 0.9505197246158936 61
1717707693744 0.9502477263523488 62
1717707694880 0.9504491168098305 63
1717707696115 0.9500902783237768 64
1717707697318 0.950489970609379 65
1717707698572 0.9503225570564148 66
1717707699759 0.9500675201026425 67
1717707700982 0.9502179446205552 68
1717707702261 0.9508247093054085 69
1717707703354 0.9507841336413828 70
1717707704517 0.9508201554049298 71
1717707705693 0.9515151853683944 72
1717707706933 0.9506512366000672 73
1717707708219 0.9512719457664425 74
1717707709560 0.9512071180698042 75
1717707710695 0.9512689483718734 76
1717707711841 0.9507515288740538 77
1717707712974 0.9510819386941715 78
1717707714192 0.9515210187162014 79
1717707715658 0.9513546252061971 80
1717707716917 0.9512092094923449 81
1717707718286 0.9507949987373574 82
1717707719496 0.9512040570075804 83
1717707720659 0.9497714054001972 84
1717707721862 0.9497749402088151 85
1717707723168 0.9505880941461622 86
1717707724437 0.9506731325985673 87
1717707725862 0.9503210209995208 88
1717707727138 0.9510283095891723 89
1717707728392 0.9507818321679702 90
1717707729600 0.9508429851216147 91
1717707730767 0.9507448217803323 92
1717707731985 0.9511766256236995 93
1717707733295 0.9514825147371626 94
1717707734414 0.9520592058864237 95
1717707735638 0.9517621010300327 96
1717707736810 0.9516965224189043 97
1717707737964 0.9525574598092481 98
1717707739137 0.9513939373268147 99
