1717694965132 33321.0 1
1717694966152 33321.0 2
1717694967104 33321.0 3
1717694968099 33321.0 4
1717694969057 33321.0 5
1717694969897 33321.0 6
1717694970818 33321.0 7
1717694971708 33321.0 8
1717694972673 33321.0 9
1717694973708 33321.0 10
1717694974700 33321.0 11
1717694975644 33321.0 12
1717694976554 33321.0 13
1717694977509 33321.0 14
1717694978562 33321.0 15
1717694979541 33321.0 16
1717694980499 33321.0 17
1717694981463 33321.0 18
1717694982407 33321.0 19
1717694983326 33321.0 20
1717694984256 33321.0 21
1717694985283 33321.0 22
1717694986299 33321.0 23
1717694987249 33321.0 24
1717694988217 33321.0 25
1717694989123 33321.0 26
1717694990053 33321.0 27
1717694991109 33321.0 28
1717694992282 33321.0 29
1717694993341 33321.0 30
1717694994432 33321.0 31
1717694995375 33321.0 32
1717694996376 33321.0 33
1717694997406 33321.0 34
1717694998248 33321.0 35
1717694999138 33321.0 36
1717695000126 33321.0 37
1717695001008 33321.0 38
1717695001966 33321.0 39
1717695003029 33321.0 40
1717695003915 33321.0 41
1717695004925 33321.0 42
1717695005811 33321.0 43
1717695006762 33321.0 44
1717695007747 33321.0 45
1717695008676 33321.0 46
1717695009619 33321.0 47
1717695010522 33321.0 48
1717695011442 33321.0 49
1717695012352 33321.0 50
1717695013280 33321.0 51
1717695014383 33321.0 52
1717695015425 33321.0 53
1717695016451 33321.0 54
1717695017437 33321.0 55
1717695018467 33321.0 56
1717695019291 33321.0 57
1717695020298 33321.0 58
1717695021368 33321.0 59
1717695022373 33321.0 60
1717695023310 33321.0 61
1717695024291 33321.0 62
1717695025262 33321.0 63
1717695026217 33321.0 64
