1717694965132 0.5853250622749329 1
1717694966152 0.666445791721344 2
1717694967104 0.7162969708442688 3
1717694968099 0.7521020174026489 4
1717694969057 0.7590795755386353 5
1717694969897 0.7763919234275818 6
1717694970818 0.7930397987365723 7
1717694971708 0.8058289885520935 8
1717694972673 0.8114104866981506 9
1717694973708 0.8053485751152039 10
1717694974700 0.8280016183853149 11
1717694975644 0.8119718432426453 12
1717694976554 0.8276047706604004 13
1717694977509 0.8303542137145996 14
1717694978562 0.8376587629318237 15
1717694979541 0.8437934517860413 16
1717694980499 0.8493901491165161 17
1717694981463 0.8543375134468079 18
1717694982407 0.8591267466545105 19
1717694983326 0.8673112988471985 20
1717694984256 0.8726881146430969 21
1717694985283 0.8734676837921143 22
1717694986299 0.8786314725875854 23
1717694987249 0.8832834362983704 24
1717694988217 0.8840048909187317 25
1717694989123 0.8806790709495544 26
1717694990053 0.8846794962882996 27
1717694991109 0.8893089294433594 28
1717694992282 0.8815388083457947 29
1717694993341 0.8936020731925964 30
1717694994432 0.8801636099815369 31
1717694995375 0.8945752382278442 32
1717694996376 0.8977263569831848 33
1717694997406 0.8957712054252625 34
1717694998248 0.8942194581031799 35
1717694999138 0.8936815857887268 36
1717695000126 0.8983629941940308 37
1717695001008 0.9020364880561829 38
1717695001966 0.8949536681175232 39
1717695003029 0.8954173922538757 40
1717695003915 0.8970016837120056 41
1717695004925 0.9036014080047607 42
1717695005811 0.9050318002700806 43
1717695006762 0.8988691568374634 44
1717695007747 0.9060291647911072 45
1717695008676 0.9042465090751648 46
1717695009619 0.9057838916778564 47
1717695010522 0.9062733054161072 48
1717695011442 0.9049602150917053 49
1717695012352 0.9083110690116882 50
1717695013280 0.9077613949775696 51
1717695014383 0.9081469178199768 52
1717695015425 0.9081048369407654 53
1717695016451 0.9100082516670227 54
1717695017437 0.872168779373169 55
1717695018467 0.9098305106163025 56
1717695019291 0.9141650199890137 57
1717695020298 0.9138875007629395 58
1717695021368 0.9136952757835388 59
1717695022373 0.9124593138694763 60
1717695023310 0.9131073355674744 61
1717695024291 0.9153162240982056 62
1717695025262 0.9138290882110596 63
1717695026217 0.8974682688713074 64
