1717694965132 0.6647745543787711 1
1717694966152 0.770006219126609 2
1717694967104 0.8047262957646835 3
1717694968099 0.8083789576451865 4
1717694969057 0.8118658890184998 5
1717694969897 0.8186214932558389 6
1717694970818 0.8277711397085847 7
1717694971708 0.843422685711342 8
1717694972673 0.843113884472016 9
1717694973708 0.8381193632946577 10
1717694974700 0.8531515549143998 11
1717694975644 0.8441740691998701 12
1717694976554 0.8534841183195411 13
1717694977509 0.8588829915039401 14
1717694978562 0.8663993282156188 15
1717694979541 0.8742963642175237 16
1717694980499 0.8814280193473055 17
1717694981463 0.8874765552305381 18
1717694982407 0.8878965777680193 19
1717694983326 0.8966455988363933 20
1717694984256 0.9035167709216353 21
1717694985283 0.90163762146761 22
1717694986299 0.9055341417118468 23
1717694987249 0.908111418983643 24
1717694988217 0.9102962352850897 25
1717694989123 0.9063956724414437 26
1717694990053 0.9113528421172109 27
1717694991109 0.9103102052082028 28
1717694992282 0.9083317245895436 29
1717694993341 0.915316964318949 30
1717694994432 0.9075419176786637 31
1717694995375 0.9135004605531453 32
1717694996376 0.9181994042531998 33
1717694997406 0.9152381323694733 34
1717694998248 0.916623294425651 35
1717694999138 0.9137505454188354 36
1717695000126 0.9191320829860153 37
1717695001008 0.9217569042548466 38
1717695001966 0.9156836500772982 39
1717695003029 0.9175666637963223 40
1717695003915 0.9185375032538851 41
1717695004925 0.9222958532228276 42
1717695005811 0.9243612731488566 43
1717695006762 0.9191972725264271 44
1717695007747 0.9240676198375374 45
1717695008676 0.9246335141253746 46
1717695009619 0.9242655509372198 47
1717695010522 0.925760863837841 48
1717695011442 0.9240549005311057 49
1717695012352 0.9254119578807837 50
1717695013280 0.9259671090784024 51
1717695014383 0.9257582414450156 52
1717695015425 0.9265273292897197 53
1717695016451 0.9278730456479434 54
1717695017437 0.9013083037878835 55
1717695018467 0.9266820679447033 56
1717695019291 0.9299967743042624 57
1717695020298 0.9283847017982173 58
1717695021368 0.9307091346289841 59
1717695022373 0.9300699588332345 60
1717695023310 0.9282751487012784 61
1717695024291 0.9305745324076231 62
1717695025262 0.930690418411155 63
1717695026217 0.9202269106316419 64
