1717631486381 0.6687316611016899 1
1717631487918 0.8066275856498991 2
1717631489574 0.8715951601971326 3
1717631491133 0.8869144914920045 4
1717631492733 0.8979110622094979 5
1717631494559 0.9048217781595795 6
1717631496314 0.9189896685974237 7
1717631498107 0.9139275767778858 8
1717631499935 0.9343885189181335 9
1717631501512 0.9393981383741625 10
1717631502981 0.9443193810900381 11
1717631504248 0.945636558678503 12
1717631505609 0.9529060904018494 13
1717631507491 0.9565133646947163 14
1717631509421 0.9587733647554215 15
1717631511275 0.9600921304608098 16
1717631512826 0.9612625239769741 17
1717631514833 0.9611499893802354 18
1717631516941 0.9657846489193194 19
1717631518412 0.9654617864414502 20
1717631519830 0.9638270903522893 21
1717631521347 0.9658862409152931 22
1717631522902 0.9687901934971289 23
1717631524468 0.9657241395785452 24
1717631526072 0.9698018267916423 25
1717631527730 0.972517566899173 26
1717631529428 0.9655237524247889 27
1717631530976 0.9749368476361767 28
1717631532540 0.9715862064643678 29
1717631534116 0.9743007837941744 30
1717631535512 0.9760624527996014 31
1717631536899 0.9789637548166245 32
1717631538501 0.9583885625618898 33
1717631540166 0.9733972467493458 34
1717631541718 0.9774493433756479 35
1717631543126 0.9795921595306106 36
1717631544549 0.9753529207242645 37
1717631546126 0.9763979921111774 38
1717631547764 0.977576386791671 39
1717631549221 0.9778415321862091 40
1717631550861 0.9701702777157023 41
1717631552570 0.9805379441997286 42
1717631554293 0.9779942875296739 43
1717631555881 0.9797028957648771 44
1717631557419 0.9790941885078591 45
1717631559223 0.9827480843010648 46
1717631561025 0.9827608824223677 47
1717631562514 0.977820476232683 48
1717631564025 0.9815181571244469 49
1717631565622 0.9828522762536948 50
1717631567086 0.9826858054687513 51
1717631568668 0.9838154607997284 52
1717631570219 0.9795267922263122 53
1717631571574 0.9838600847698017 54
1717631573386 0.9853643075717314 55
1717631575142 0.9843450058806575 56
1717631576821 0.9789134055625625 57
1717631578570 0.9537188150577164 58
1717631580312 0.981872676070444 59
1717631581976 0.9870692484319391 60
1717631583754 0.9879960459288328 61
1717631585264 0.9898504817403009 62
1717631586907 0.9849696076106829 63
1717631588644 0.9794024232746642 64
1717631590444 0.9854620901246918 65
1717631592116 0.9868091113655606 66
1717631593913 0.9869876380078298 67
1717631595396 0.9880036098161933 68
1717631597307 0.9739967023665822 69
1717631599198 0.9443487191540707 70
1717631600658 0.9782421323296008 71
1717631602107 0.985774453300355 72
1717631603522 0.9862564044884158 73
1717631604871 0.9879710717223554 74
1717631606265 0.9872077600806863 75
1717631607838 0.9841215371298488 76
1717631609231 0.9862778613585379 77
1717631610703 0.9885520690180267 78
1717631612110 0.980915039949468 79
1717631613461 0.9905349533418406 80
1717631614978 0.9919057045612049 81
1717631616581 0.9893236653580366 82
1717631618044 0.9810491725814366 83
1717631619505 0.9864950609044713 84
1717631620960 0.9835345068009888 85
1717631622304 0.9855881692115604 86
1717631623760 0.9897372188036291 87
1717631625294 0.989268563452778 88
1717631627071 0.9860383803390291 89
1717631628541 0.9865666343602997 90
1717631630123 0.9869704791119912 91
1717631631628 0.9876054648759636 92
1717631633176 0.9860611546286123 93
1717631634797 0.9916955600240644 94
1717631636352 0.9933326716662211 95
1717631637836 0.9672830513144273 96
1717631639332 0.9886689140762902 97
1717631640873 0.9917713853370795 98
1717631642305 0.9924980533897995 99
