1717533992816 0.9577157169487919 1
1717533997230 0.9817733137952955 2
1717534001544 0.9862828121583783 3
1717534005907 0.9866515948988644 4
1717534010328 0.9867930826225234 5
1717534014710 0.9871917164826965 6
1717534019065 0.9870173494941465 7
1717534023439 0.9865148471559839 8
1717534027721 0.9873259743859647 9
1717534032121 0.9878813565189081 10
1717534036486 0.988271961022124 11
1717534040796 0.9907184306115812 12
1717534045150 0.9912473239169012 13
1717534049554 0.9926866347286669 14
1717534053934 0.9932932165536187 15
1717534058365 0.9931647268356784 16
1717534062788 0.9939526026450006 17
1717534067264 0.9952389932828303 18
1717534071632 0.9943676069415607 19
1717534076027 0.995033849990308 20
1717534080429 0.9948836495488336 21
1717534084807 0.9951307673398835 22
1717534089164 0.9967277981902837 23
1717534093570 0.9969926198480005 24
1717534097863 0.9969153340726107 25
1717534102165 0.9969912330048545 26
1717534106660 0.9970939591779863 27
1717534111078 0.9971668047401719 28
1717534116614 0.9974318922444051 29
1717534120986 0.9970964073090757 30
1717534125334 0.9974934998874562 31
1717534129963 0.9976198374079519 32
1717534134428 0.9979543985381764 33
1717534138964 0.9982340860289522 34
1717534143328 0.9984768318413036 35
1717534147567 0.9983894972693207 36
1717534151980 0.9987868935470235 37
1717534156394 0.9989708480707634 38
1717534160742 0.9988214408601137 39
1717534165139 0.9992521611231481 40
1717534169632 0.9987119684968221 41
1717534174035 0.9980153562430426 42
1717534178296 0.9989927340276467 43
1717534182697 0.9993524580939394 44
1717534186953 0.9984907008157329 45
1717534191382 0.9989346530773066 46
1717534195837 0.9992580599916514 47
1717534200221 0.9990198062189073 48
1717534204596 0.9993756876913494 49
1717534208982 0.9994524943864987 50
1717534213427 0.9991643167559008 51
1717534218076 0.9995008101028775 52
1717534222477 0.999551597342783 53
1717534226876 0.9996002155943557 54
1717534231258 0.9996122824774697 55
1717534235570 0.9996795437969009 56
1717534241343 0.9995105701193825 57
1717534245944 0.9996456347460804 58
1717534250333 0.999679902447799 59
1717534254706 0.9996974470118436 60
1717534259066 0.9988839978334549 61
1717534263405 0.9978869516418127 62
1717534267835 0.9990533585784303 63
1717534272224 0.9986919125827414 64
1717534276632 0.9991766896550975 65
1717534281027 0.9994384629251329 66
1717534285309 0.9995685882876476 67
1717534289553 0.9992421811625524 68
1717534293931 0.9995466582946468 69
1717534298308 0.9998204069721659 70
1717534302685 0.9997673147727034 71
1717534307443 0.9998260896293834 72
1717534311839 0.9997639620764596 73
1717534316112 0.9996955752768618 74
1717534320398 0.9996110297358968 75
1717534324758 0.9997423934015949 76
1717534329144 0.9989906597826047 77
1717534333567 0.9991623909623497 78
1717534338270 0.9995384832349331 79
1717534342559 0.9996938077320237 80
1717534346908 0.9995858877503655 81
1717534351319 0.9994400788976572 82
1717534355690 0.9996231180410577 83
1717534360062 0.9997481966704929 84
1717534364989 0.9997968635898816 85
1717534369714 0.9996858659479719 86
1717534373981 0.9998079918186193 87
1717534378299 0.9997540231737189 88
1717534382537 0.9997550347746776 89
1717534386891 0.9997000369888344 90
1717534391275 0.9997417214509222 91
1717534395578 0.9984766938438983 92
1717534399838 0.9988175407502035 93
1717534404125 0.9996385421653448 94
1717534408439 0.9996344616168038 95
1717534412759 0.9997164262161709 96
1717534417042 0.999821581495997 97
1717534421434 0.9998354487240061 98
1717534425735 0.9998250838341894 99
