1717533992816 216673.0 1
1717533997230 206967.0 2
1717534001544 198013.0 3
1717534005907 198774.0 4
1717534010328 202737.0 5
1717534014710 206659.0 6
1717534019065 212521.0 7
1717534023439 220384.0 8
1717534027721 224095.0 9
1717534032121 230814.0 10
1717534036486 239242.0 11
1717534040796 242782.0 12
1717534045150 245861.0 13
1717534049554 243062.0 14
1717534053934 251411.0 15
1717534058365 258378.0 16
1717534062788 257110.0 17
1717534067264 264158.0 18
1717534071632 267157.0 19
1717534076027 273111.0 20
1717534080429 273198.0 21
1717534084807 259126.0 22
1717534089164 268753.0 23
1717534093570 274915.0 24
1717534097863 281093.0 25
1717534102165 281889.0 26
1717534106660 282296.0 27
1717534111078 286172.0 28
1717534116614 286473.0 29
1717534120986 289178.0 30
1717534125334 281370.0 31
1717534129963 291165.0 32
1717534134428 290854.0 33
1717534138964 296751.0 34
1717534143328 298925.0 35
1717534147567 298610.0 36
1717534151980 301446.0 37
1717534156394 302126.0 38
1717534160742 301531.0 39
1717534165139 305030.0 40
1717534169632 297429.0 41
1717534174035 297463.0 42
1717534178296 302265.0 43
1717534182697 305804.0 44
1717534186953 300389.0 45
1717534191382 299503.0 46
1717534195837 305450.0 47
1717534200221 304846.0 48
1717534204596 305639.0 49
1717534208982 307487.0 50
1717534213427 304270.0 51
1717534218076 307318.0 52
1717534222477 308301.0 53
1717534226876 309280.0 54
1717534231258 310151.0 55
1717534235570 309525.0 56
1717534241343 309996.0 57
1717534245944 309386.0 58
1717534250333 310364.0 59
1717534254706 310925.0 60
1717534259066 308319.0 61
1717534263405 290075.0 62
1717534267835 304421.0 63
1717534272224 304514.0 64
1717534276632 304504.0 65
1717534281027 308140.0 66
1717534285309 308759.0 67
1717534289553 308314.0 68
1717534293931 310404.0 69
1717534298308 311265.0 70
1717534302685 312224.0 71
1717534307443 312190.0 72
1717534311839 311414.0 73
1717534316112 310982.0 74
1717534320398 311276.0 75
1717534324758 312448.0 76
1717534329144 304837.0 77
1717534333567 303082.0 78
1717534338270 307302.0 79
1717534342559 308796.0 80
1717534346908 308841.0 81
1717534351319 307640.0 82
1717534355690 310175.0 83
1717534360062 311047.0 84
1717534364989 311522.0 85
1717534369714 311838.0 86
1717534373981 312279.0 87
1717534378299 312674.0 88
1717534382537 312850.0 89
1717534386891 311943.0 90
1717534391275 312431.0 91
1717534395578 301318.0 92
1717534399838 306123.0 93
1717534404125 308197.0 94
1717534408439 311232.0 95
1717534412759 312266.0 96
1717534417042 312957.0 97
1717534421434 313124.0 98
1717534425735 313080.0 99
