1717533992816 135659.0 1
1717533997230 145365.0 2
1717534001544 154319.0 3
1717534005907 153558.0 4
1717534010328 149595.0 5
1717534014710 145673.0 6
1717534019065 139811.0 7
1717534023439 131948.0 8
1717534027721 128237.0 9
1717534032121 121518.0 10
1717534036486 113090.0 11
1717534040796 109550.0 12
1717534045150 106471.0 13
1717534049554 109270.0 14
1717534053934 100921.0 15
1717534058365 93954.0 16
1717534062788 95222.0 17
1717534067264 88174.0 18
1717534071632 85175.0 19
1717534076027 79221.0 20
1717534080429 79134.0 21
1717534084807 93206.0 22
1717534089164 83579.0 23
1717534093570 77417.0 24
1717534097863 71239.0 25
1717534102165 70443.0 26
1717534106660 70036.0 27
1717534111078 66160.0 28
1717534116614 65859.0 29
1717534120986 63154.0 30
1717534125334 70962.0 31
1717534129963 61167.0 32
1717534134428 61478.0 33
1717534138964 55581.0 34
1717534143328 53407.0 35
1717534147567 53722.0 36
1717534151980 50886.0 37
1717534156394 50206.0 38
1717534160742 50801.0 39
1717534165139 47302.0 40
1717534169632 54903.0 41
1717534174035 54869.0 42
1717534178296 50067.0 43
1717534182697 46528.0 44
1717534186953 51943.0 45
1717534191382 52829.0 46
1717534195837 46882.0 47
1717534200221 47486.0 48
1717534204596 46693.0 49
1717534208982 44845.0 50
1717534213427 48062.0 51
1717534218076 45014.0 52
1717534222477 44031.0 53
1717534226876 43052.0 54
1717534231258 42181.0 55
1717534235570 42807.0 56
1717534241343 42336.0 57
1717534245944 42946.0 58
1717534250333 41968.0 59
1717534254706 41407.0 60
1717534259066 44013.0 61
1717534263405 62257.0 62
1717534267835 47911.0 63
1717534272224 47818.0 64
1717534276632 47828.0 65
1717534281027 44192.0 66
1717534285309 43573.0 67
1717534289553 44018.0 68
1717534293931 41928.0 69
1717534298308 41067.0 70
1717534302685 40108.0 71
1717534307443 40142.0 72
1717534311839 40918.0 73
1717534316112 41350.0 74
1717534320398 41056.0 75
1717534324758 39884.0 76
1717534329144 47495.0 77
1717534333567 49250.0 78
1717534338270 45030.0 79
1717534342559 43536.0 80
1717534346908 43491.0 81
1717534351319 44692.0 82
1717534355690 42157.0 83
1717534360062 41285.0 84
1717534364989 40810.0 85
1717534369714 40494.0 86
1717534373981 40053.0 87
1717534378299 39658.0 88
1717534382537 39482.0 89
1717534386891 40389.0 90
1717534391275 39901.0 91
1717534395578 51014.0 92
1717534399838 46209.0 93
1717534404125 44135.0 94
1717534408439 41100.0 95
1717534412759 40066.0 96
1717534417042 39375.0 97
1717534421434 39208.0 98
1717534425735 39252.0 99
