1717523296140 0.4398548263784478 1
1717523298303 0.5703648405983214 2
1717523300402 0.5864050302444516 3
1717523302503 0.7028759113305948 4
1717523304496 0.6870866982872185 5
1717523306501 0.6761575077889284 6
1717523308510 0.7618771169026389 7
1717523310523 0.6530239517204396 8
1717523312543 0.6834201593078078 9
1717523314634 0.6600196072739607 10
1717523316678 0.6638065857005458 11
1717523318705 0.675592949815608 12
1717523320785 0.6777556679497739 13
1717523322802 0.6939340460769758 14
1717523324825 0.7075095935982182 15
1717523326886 0.7050770857870468 16
1717523328914 0.7210536519861005 17
1717523330929 0.7282183180838087 18
1717523332965 0.7330621943033491 19
1717523335062 0.7361766475435793 20
1717523337162 0.7335335028470791 21
1717523339193 0.7540731404141123 22
1717523341264 0.7374441861473586 23
1717523343350 0.748503466724749 24
1717523345402 0.7643452187101524 25
1717523347529 0.7775284338288019 26
1717523349594 0.7774520815435172 27
1717523351689 0.7712011456305642 28
1717523353748 0.7832590432476728 29
1717523355903 0.7632694291184542 30
1717523357925 0.7805321669903567 31
1717523359993 0.7784318938091165 32
1717523362090 0.7841236588747482 33
1717523364091 0.7910779349573943 34
1717523366128 0.7961842854631044 35
1717523368184 0.7934002298562193 36
1717523370224 0.7917557022727101 37
1717523372259 0.8059699641065315 38
1717523374296 0.7864779219881924 39
1717523376330 0.7954982993874825 40
1717523378367 0.801747008780382 41
1717523380419 0.8092686524723413 42
1717523382473 0.8139369327432147 43
1717523384526 0.811167256881888 44
1717523386621 0.8112495224555993 45
1717523388671 0.8183318730633258 46
1717523390698 0.8080917961110856 47
1717523392784 0.8165170234547916 48
1717523394856 0.8147098843339374 49
1717523396879 0.8140315344449874 50
1717523398951 0.820405033671401 51
1717523400986 0.8192507031672284 52
1717523403043 0.8171332278135689 53
1717523405080 0.8204510165855541 54
1717523407110 0.8217167519169554 55
1717523409180 0.8240384612339837 56
1717523411282 0.8225320501108996 57
1717523413310 0.8254845452331104 58
1717523415550 0.8261225212886524 59
1717523418050 0.829766094886589 60
1717523420205 0.8277091807256696 61
1717523422280 0.8296036928977746 62
1717523424323 0.8293308196592832 63
1717523426439 0.834242261147848 64
1717523428553 0.8285849442696117 65
1717523430564 0.8345244423439875 66
1717523432598 0.829258326483574 67
1717523434629 0.8370989547917901 68
1717523436682 0.8254962080490332 69
1717523438741 0.8320195281264913 70
1717523440859 0.8316962091326598 71
1717523442957 0.8381228559947174 72
1717523445063 0.84253394891294 73
1717523447176 0.8381162328903575 74
1717523449242 0.8349551988309624 75
1717523451293 0.8350319223521279 76
1717523453367 0.8224990243155342 77
1717523455412 0.8339575997058506 78
1717523457422 0.8311550557345998 79
1717523459418 0.8342389352358505 80
1717523461465 0.8415411523857749 81
1717523463480 0.8427410502038272 82
1717523465523 0.8490053920477576 83
1717523467572 0.8499580242697494 84
1717523469641 0.849974809529675 85
1717523471753 0.8480187646795937 86
1717523473793 0.8513428749704004 87
1717523475850 0.8512606707216495 88
1717523477884 0.8465276598372548 89
1717523479942 0.8510928590388988 90
1717523481996 0.8544186306184993 91
1717523484023 0.8626580467519182 92
1717523486054 0.8538119665090973 93
1717523488093 0.8159911592320342 94
1717523490162 0.8455537660699141 95
1717523492184 0.7673949910699281 96
1717523494199 0.6770097650864962 97
1717523496242 0.6887309764294645 98
1717523498276 0.7083974690224487 99
