1717523296140 0.195970570041674 1
1717523298303 0.3400506631963663 2
1717523300402 0.3827939732645996 3
1717523302503 0.3953484343974448 4
1717523304496 0.4034079763386263 5
1717523306501 0.40470453794356864 6
1717523308510 0.40202949612083433 7
1717523310523 0.4404029301148025 8
1717523312543 0.4426025540979232 9
1717523314634 0.5023958288241601 10
1717523316678 0.5650754838745079 11
1717523318705 0.5826772678383711 12
1717523320785 0.6033058042250536 13
1717523322802 0.6052296736013941 14
1717523324825 0.5997731721809394 15
1717523326886 0.6259900231511516 16
1717523328914 0.6369126950128549 17
1717523330929 0.6398299059249771 18
1717523332965 0.6404264743586704 19
1717523335062 0.6540663669132667 20
1717523337162 0.654142863000567 21
1717523339193 0.6519185257501293 22
1717523341264 0.6594223482955837 23
1717523343350 0.6609363540078007 24
1717523345402 0.6603646849716162 25
1717523347529 0.6617046801426983 26
1717523349594 0.657479226111988 27
1717523351689 0.6637312271069052 28
1717523353748 0.6636506010636971 29
1717523355903 0.6515697639156369 30
1717523357925 0.6506480020851687 31
1717523359993 0.6586881209009494 32
1717523362090 0.6548277819060274 33
1717523364091 0.6616704212200751 34
1717523366128 0.6564414021292344 35
1717523368184 0.6566132823823847 36
1717523370224 0.6575350428499467 37
1717523372259 0.6523545669693976 38
1717523374296 0.6585755812395203 39
1717523376330 0.6594918588273233 40
1717523378367 0.6587797895292931 41
1717523380419 0.6548735836280916 42
1717523382473 0.6589478354123239 43
1717523384526 0.6596235316704202 44
1717523386621 0.6618254979703392 45
1717523388671 0.6603956351888134 46
1717523390698 0.6681503992639232 47
1717523392784 0.6659704155790638 48
1717523394856 0.6665581396316401 49
1717523396879 0.6646356253370286 50
1717523398951 0.6613603054112709 51
1717523400986 0.6662370464530508 52
1717523403043 0.6661901596225575 53
1717523405080 0.6654969393441602 54
1717523407110 0.6683904029620155 55
1717523409180 0.6692387815048384 56
1717523411282 0.6702280573614036 57
1717523413310 0.6708616392350905 58
1717523415550 0.6682521896336243 59
1717523418050 0.6715304575739055 60
1717523420205 0.6707019129984844 61
1717523422280 0.6735800352014767 62
1717523424323 0.6748506471216621 63
1717523426439 0.6749821365618275 64
1717523428553 0.6723201777632402 65
1717523430564 0.6745806548248109 66
1717523432598 0.6735187284140578 67
1717523434629 0.6716409443436824 68
1717523436682 0.6707609772152314 69
1717523438741 0.6737411519848423 70
1717523440859 0.67823833441147 71
1717523442957 0.6761251293263448 72
1717523445063 0.6772492193305377 73
1717523447176 0.6808164293635808 74
1717523449242 0.6752087296443496 75
1717523451293 0.669136006730073 76
1717523453367 0.6787315504706654 77
1717523455412 0.6650264106707716 78
1717523457422 0.6628182130937893 79
1717523459418 0.6788687311795817 80
1717523461465 0.6783484227427715 81
1717523463480 0.6837051544041628 82
1717523465523 0.6816239367754997 83
1717523467572 0.6796182381464658 84
1717523469641 0.6794034924712823 85
1717523471753 0.6794209980297516 86
1717523473793 0.6793199151337167 87
1717523475850 0.6734851237860042 88
1717523477884 0.6812703339889709 89
1717523479942 0.6829790413546227 90
1717523481996 0.6821329695884321 91
1717523484023 0.6814929094844433 92
1717523486054 0.6823597703806783 93
1717523488093 0.6760008203147305 94
1717523490162 0.6649910778165601 95
1717523492184 0.6251535207389568 96
1717523494199 0.5526781068365735 97
1717523496242 0.6474976382275467 98
1717523498276 0.6382218856793441 99
