1717523296140 64306.0 1
1717523298303 60769.0 2
1717523300402 65975.0 3
1717523302503 54573.0 4
1717523304496 59269.0 5
1717523306501 59134.0 6
1717523308510 49968.0 7
1717523310523 68303.0 8
1717523312543 63508.0 9
1717523314634 75857.0 10
1717523316678 81491.0 11
1717523318705 82223.0 12
1717523320785 83561.0 13
1717523322802 81646.0 14
1717523324825 81026.0 15
1717523326886 83984.0 16
1717523328914 83320.0 17
1717523330929 82616.0 18
1717523332965 82462.0 19
1717523335062 83709.0 20
1717523337162 83579.0 21
1717523339193 82106.0 22
1717523341264 83896.0 23
1717523343350 83750.0 24
1717523345402 82344.0 25
1717523347529 81650.0 26
1717523349594 81243.0 27
1717523351689 82077.0 28
1717523353748 81465.0 29
1717523355903 81085.0 30
1717523357925 79999.0 31
1717523359993 81284.0 32
1717523362090 80603.0 33
1717523364091 80839.0 34
1717523366128 79885.0 35
1717523368184 80425.0 36
1717523370224 80344.0 37
1717523372259 78949.0 38
1717523374296 80538.0 39
1717523376330 80481.0 40
1717523378367 79685.0 41
1717523380419 78892.0 42
1717523382473 78908.0 43
1717523384526 79247.0 44
1717523386621 79304.0 45
1717523388671 78696.0 46
1717523390698 80381.0 47
1717523392784 79560.0 48
1717523394856 79679.0 49
1717523396879 79493.0 50
1717523398951 78947.0 51
1717523400986 79383.0 52
1717523403043 79581.0 53
1717523405080 79144.0 54
1717523407110 79461.0 55
1717523409180 79420.0 56
1717523411282 79627.0 57
1717523413310 79481.0 58
1717523415550 79137.0 59
1717523418050 79186.0 60
1717523420205 79248.0 61
1717523422280 79382.0 62
1717523424323 79518.0 63
1717523426439 79243.0 64
1717523428553 79319.0 65
1717523430564 79178.0 66
1717523432598 79368.0 67
1717523434629 78660.0 68
1717523436682 79396.0 69
1717523438741 79159.0 70
1717523440859 79486.0 71
1717523442957 78765.0 72
1717523445063 78744.0 73
1717523447176 79373.0 74
1717523449242 79185.0 75
1717523451293 78572.0 76
1717523453367 80153.0 77
1717523455412 78089.0 78
1717523457422 77868.0 79
1717523459418 79550.0 80
1717523461465 78939.0 81
1717523463480 79299.0 82
1717523465523 78726.0 83
1717523467572 78476.0 84
1717523469641 78517.0 85
1717523471753 78525.0 86
1717523473793 78303.0 87
1717523475850 77940.0 88
1717523477884 78706.0 89
1717523479942 78669.0 90
1717523481996 78287.0 91
1717523484023 77836.0 92
1717523486054 78433.0 93
1717523488093 80348.0 94
1717523490162 77490.0 95
1717523492184 76547.0 96
1717523494199 77994.0 97
1717523496242 85621.0 98
1717523498276 83482.0 99
