1717631759664 0.9805625717566016 1
1717631760267 1.0 2
1717631760871 0.9999888818061877 3
1717631761461 0.9994139407532927 4
1717631762133 0.9949209859731525 5
1717631762674 0.9894609417354672 6
1717631763334 0.9857687074654008 7
1717631763924 0.9830354989047743 8
1717631764581 0.9817930658400988 9
1717631765156 0.9810116719655384 10
1717631765745 0.9806786254539748 11
1717631766402 0.980389917653476 12
1717631766992 0.9802457203463006 13
1717631767592 0.9798637722010803 14
1717631768217 0.9793828563560132 15
1717631768824 0.9792098010855053 16
