1717342264522 1.0 1
1717342266507 1.0 2
1717342268503 1.0 3
1717342270466 1.0 4
1717342272415 1.0 5
1717342274375 1.0 6
1717342276291 1.0 7
1717342278282 1.0 8
1717342280282 1.0 9
1717342282358 1.0 10
1717342284373 1.0 11
1717342286360 1.0 12
1717342288371 1.0 13
1717342290350 1.0 14
1717342292343 1.0 15
1717342294324 1.0 16
1717342296300 1.0 17
1717342298280 1.0 18
1717342300324 1.0 19
1717342302308 1.0 20
1717342304338 1.0 21
1717342306323 1.0 22
1717342308354 1.0 23
1717342310359 1.0 24
1717342312375 1.0 25
1717342314358 1.0 26
1717342316335 1.0 27
1717342318400 1.0 28
1717342320399 1.0 29
1717342322381 1.0 30
1717342324395 1.0 31
1717342326370 1.0 32
1717342328342 1.0 33
1717342330304 1.0 34
1717342332403 1.0 35
1717342334435 1.0 36
1717342336399 1.0 37
1717342338333 1.0 38
1717342340297 1.0 39
1717342342261 1.0 40
1717342344273 1.0 41
1717342346241 1.0 42
1717342348360 1.0 43
1717342350428 1.0 44
1717342352399 1.0 45
1717342354482 1.0 46
1717342356586 1.0 47
1717342358665 0.9999912845929033 48
1717342360760 0.9994236087677351 49
1717342362721 0.9988971664610855 50
1717342364677 0.9975736068928241 51
1717342366710 0.9965074826068963 52
1717342368695 0.9974406535199425 53
1717342370737 0.9963349875652074 54
1717342372701 0.9962846951195494 55
1717342374657 0.9958562595045876 56
1717342376634 0.9958749884847039 57
1717342378582 0.9954107789693063 58
1717342380535 0.9951973780880508 59
1717342382563 0.9949076369951532 60
1717342384554 0.9941967215297719 61
1717342386539 0.9943852021951585 62
1717342388634 0.9931394282861212 63
1717342390594 0.9928577296359364 64
1717342392613 0.9921128336692787 65
1717342394613 0.9909265682208724 66
1717342396560 0.9894953042163837 67
1717342398723 0.9876745425066747 68
1717342400716 0.9871138930195346 69
1717342402776 0.9852745829719626 70
1717342404968 0.9830046396056235 71
1717342407048 0.9806676919176514 72
1717342409006 0.9808116654518628 73
1717342410968 0.9796195092669364 74
1717342412925 0.9789626069487921 75
1717342414898 0.9793542972260777 76
1717342416886 0.9783051662536429 77
1717342418890 0.9774223995877886 78
1717342420929 0.9785152391317898 79
1717342422897 0.9769916774978887 80
1717342424878 0.9769533517229411 81
1717342426876 0.9759479874359093 82
1717342428946 0.9764701845322851 83
1717342430913 0.9734362341044424 84
1717342432882 0.9719530429951355 85
1717342434863 0.973357098269382 86
1717342436845 0.9718097388996514 87
1717342438830 0.9719268574399339 88
1717342440836 0.9732512291445652 89
1717342442874 0.9691453015044866 90
1717342444902 0.9706268339236852 91
1717342446907 0.9716039408309924 92
1717342449030 0.9730433535450616 93
1717342451010 0.9714756786738861 94
1717342453000 0.9710655535619769 95
1717342454953 0.9718375007000157 96
1717342456972 0.9712672827931683 97
1717342458976 0.9700464237589131 98
1717342461171 0.9722521312258703 99
