1717342264522 0.3628430962562561 1
1717342266507 0.30063295364379883 2
1717342268503 0.29338234663009644 3
1717342270466 0.29111263155937195 4
1717342272415 0.29056745767593384 5
1717342274375 0.28964224457740784 6
1717342276291 0.28907260298728943 7
1717342278282 0.2888571619987488 8
1717342280282 0.28869444131851196 9
1717342282358 0.2886180877685547 10
1717342284373 0.2885146141052246 11
1717342286360 0.28844302892684937 12
1717342288371 0.288373202085495 13
1717342290350 0.2883090376853943 14
1717342292343 0.2882489860057831 15
1717342294324 0.2881893813610077 16
1717342296300 0.28812462091445923 17
1717342298280 0.28805479407310486 18
1717342300324 0.287981241941452 19
1717342302308 0.2879023253917694 20
1717342304338 0.2878163456916809 21
1717342306323 0.2877165675163269 22
1717342308354 0.2875996530056 23
1717342310359 0.28748494386672974 24
1717342312375 0.28736183047294617 25
1717342314358 0.2871691882610321 26
1717342316335 0.2869168221950531 27
1717342318400 0.2866559326648712 28
1717342320399 0.28624504804611206 29
1717342322381 0.28532418608665466 30
1717342324395 0.2835278809070587 31
1717342326370 0.28128933906555176 32
1717342328342 0.28039267659187317 33
1717342330304 0.27771466970443726 34
1717342332403 0.27517789602279663 35
1717342334435 0.27542081475257874 36
1717342336399 0.2704687714576721 37
1717342338333 0.26842930912971497 38
1717342340297 0.2677733600139618 39
1717342342261 0.26341527700424194 40
1717342344273 0.2643967568874359 41
1717342346241 0.2579483985900879 42
1717342348360 0.25197330117225647 43
1717342350428 0.24940744042396545 44
1717342352399 0.24694371223449707 45
1717342354482 0.23769095540046692 46
1717342356586 0.2372000515460968 47
1717342358665 0.23045559227466583 48
1717342360760 0.22957706451416016 49
1717342362721 0.22437889873981476 50
1717342364677 0.22552920877933502 51
1717342366710 0.22423751652240753 52
1717342368695 0.2201065719127655 53
1717342370737 0.21822108328342438 54
1717342372701 0.2152656763792038 55
1717342374657 0.21438376605510712 56
1717342376634 0.21253080666065216 57
1717342378582 0.21155120432376862 58
1717342380535 0.2107733190059662 59
1717342382563 0.20986714959144592 60
1717342384554 0.2091211974620819 61
1717342386539 0.20755259692668915 62
1717342388634 0.20633268356323242 63
1717342390594 0.20480786263942719 64
1717342392613 0.2030642032623291 65
1717342394613 0.20158429443836212 66
1717342396560 0.2002316564321518 67
1717342398723 0.19861559569835663 68
1717342400716 0.1960756480693817 69
1717342402776 0.19409672915935516 70
1717342404968 0.1917240470647812 71
1717342407048 0.19062486290931702 72
1717342409006 0.18798521161079407 73
1717342410968 0.18588824570178986 74
1717342412925 0.1834576427936554 75
1717342414898 0.18223486840724945 76
1717342416886 0.17965736985206604 77
1717342418890 0.1779719740152359 78
1717342420929 0.1754073202610016 79
1717342422897 0.1728922426700592 80
1717342424878 0.16983501613140106 81
1717342426876 0.16768065094947815 82
1717342428946 0.16601908206939697 83
1717342430913 0.16477592289447784 84
1717342432882 0.1660073846578598 85
1717342434863 0.16333690285682678 86
1717342436845 0.1688721925020218 87
1717342438830 0.1636798083782196 88
1717342440836 0.16119016706943512 89
1717342442874 0.16361626982688904 90
1717342444902 0.15940365195274353 91
1717342446907 0.1569151133298874 92
1717342449030 0.1567264050245285 93
1717342451010 0.15572048723697662 94
1717342453000 0.15573740005493164 95
1717342454953 0.1543043702840805 96
1717342456972 0.15641118586063385 97
1717342458976 0.15894998610019684 98
1717342461171 0.1567649096250534 99
