1717342264522 0.0 1
1717342266507 0.0 2
1717342268503 0.0 3
1717342270466 0.0 4
1717342272415 0.0 5
1717342274375 0.0 6
1717342276291 0.0 7
1717342278282 0.0 8
1717342280282 0.0 9
1717342282358 0.0 10
1717342284373 0.0 11
1717342286360 0.0 12
1717342288371 0.0 13
1717342290350 0.0 14
1717342292343 0.0 15
1717342294324 0.0 16
1717342296300 0.0 17
1717342298280 0.0 18
1717342300324 0.0 19
1717342302308 0.0 20
1717342304338 0.0 21
1717342306323 0.0 22
1717342308354 0.0 23
1717342310359 0.0 24
1717342312375 0.0 25
1717342314358 0.0 26
1717342316335 0.0 27
1717342318400 0.0 28
1717342320399 0.0 29
1717342322381 0.0 30
1717342324395 0.0 31
1717342326370 0.0 32
1717342328342 0.0 33
1717342330304 0.0 34
1717342332403 0.0 35
1717342334435 0.0 36
1717342336399 0.0 37
1717342338333 0.0 38
1717342340297 0.0 39
1717342342261 0.0 40
1717342344273 0.0 41
1717342346241 0.0 42
1717342348360 0.0 43
1717342350428 0.0 44
1717342352399 0.0 45
1717342354482 0.0 46
1717342356586 0.0 47
1717342358665 0.09523809523809523 48
1717342360760 0.31018617973505197 49
1717342362721 0.5650012506712433 50
1717342364677 0.5209718070122352 51
1717342366710 0.5245986186655835 52
1717342368695 0.5283101920862392 53
1717342370737 0.5370910904960449 54
1717342372701 0.5247806090723178 55
1717342374657 0.5375168853828122 56
1717342376634 0.5273742143912868 57
1717342378582 0.538722218731494 58
1717342380535 0.5248743380433183 59
1717342382563 0.5094687670639495 60
1717342384554 0.5130562096114347 61
1717342386539 0.5124197142196019 62
1717342388634 0.5114381818044278 63
1717342390594 0.5144189928056069 64
1717342392613 0.5139545138631224 65
1717342394613 0.5093861974001347 66
1717342396560 0.5101322323569863 67
1717342398723 0.5189806008468905 68
1717342400716 0.5190544506914645 69
1717342402776 0.5275161804912817 70
1717342404968 0.5384167269018837 71
1717342407048 0.550122900879436 72
1717342409006 0.5511975597012625 73
1717342410968 0.5649902911886787 74
1717342412925 0.5693758509709462 75
1717342414898 0.5844114572022557 76
1717342416886 0.5780510969614355 77
1717342418890 0.593038566229435 78
1717342420929 0.5962848694918091 79
1717342422897 0.597939995657439 80
1717342424878 0.6081278575172365 81
1717342426876 0.6103178480296586 82
1717342428946 0.6206040354899856 83
1717342430913 0.6265409150746633 84
1717342432882 0.6176143079846954 85
1717342434863 0.6225954635534033 86
1717342436845 0.607602111966757 87
1717342438830 0.6368264076684336 88
1717342440836 0.621775252264231 89
1717342442874 0.6242535416193108 90
1717342444902 0.6303741631666224 91
1717342446907 0.63175505994865 92
1717342449030 0.6462896865173059 93
1717342451010 0.6401575795631597 94
1717342453000 0.6426466277047068 95
1717342454953 0.6488435232768175 96
1717342456972 0.6382175192953398 97
1717342458976 0.6301356453322489 98
1717342461171 0.6346559855131426 99
