1717342264522 25972.0 1
1717342266507 25972.0 2
1717342268503 25972.0 3
1717342270466 25972.0 4
1717342272415 25972.0 5
1717342274375 25972.0 6
1717342276291 25972.0 7
1717342278282 25972.0 8
1717342280282 25972.0 9
1717342282358 25972.0 10
1717342284373 25972.0 11
1717342286360 25972.0 12
1717342288371 25972.0 13
1717342290350 25972.0 14
1717342292343 25972.0 15
1717342294324 25972.0 16
1717342296300 25972.0 17
1717342298280 25972.0 18
1717342300324 25972.0 19
1717342302308 25972.0 20
1717342304338 25972.0 21
1717342306323 25972.0 22
1717342308354 25972.0 23
1717342310359 25972.0 24
1717342312375 25972.0 25
1717342314358 25972.0 26
1717342316335 25972.0 27
1717342318400 25972.0 28
1717342320399 25972.0 29
1717342322381 25972.0 30
1717342324395 25972.0 31
1717342326370 25972.0 32
1717342328342 25972.0 33
1717342330304 25972.0 34
1717342332403 25972.0 35
1717342334435 25972.0 36
1717342336399 25972.0 37
1717342338333 25972.0 38
1717342340297 25972.0 39
1717342342261 25972.0 40
1717342344273 25972.0 41
1717342346241 25972.0 42
1717342348360 25972.0 43
1717342350428 25972.0 44
1717342352399 25972.0 45
1717342354482 25972.0 46
1717342356586 25972.0 47
1717342358665 25972.0 48
1717342360760 25972.0 49
1717342362721 25972.0 50
1717342364677 25972.0 51
1717342366710 25972.0 52
1717342368695 25972.0 53
1717342370737 25972.0 54
1717342372701 25972.0 55
1717342374657 25972.0 56
1717342376634 25972.0 57
1717342378582 25972.0 58
1717342380535 25972.0 59
1717342382563 25972.0 60
1717342384554 25972.0 61
1717342386539 25972.0 62
1717342388634 25972.0 63
1717342390594 25972.0 64
1717342392613 25972.0 65
1717342394613 25972.0 66
1717342396560 25972.0 67
1717342398723 25972.0 68
1717342400716 25972.0 69
1717342402776 25972.0 70
1717342404968 25972.0 71
1717342407048 25972.0 72
1717342409006 25972.0 73
1717342410968 25972.0 74
1717342412925 25972.0 75
1717342414898 25972.0 76
1717342416886 25972.0 77
1717342418890 25972.0 78
1717342420929 25972.0 79
1717342422897 25972.0 80
1717342424878 25972.0 81
1717342426876 25972.0 82
1717342428946 25972.0 83
1717342430913 25972.0 84
1717342432882 25972.0 85
1717342434863 25972.0 86
1717342436845 25972.0 87
1717342438830 25972.0 88
1717342440836 25972.0 89
1717342442874 25972.0 90
1717342444902 25972.0 91
1717342446907 25972.0 92
1717342449030 25972.0 93
1717342451010 25972.0 94
1717342453000 25972.0 95
1717342454953 25972.0 96
1717342456972 25972.0 97
1717342458976 25972.0 98
1717342461171 25972.0 99
