1717191997758 0.05778500164363402 1
1717192002597 0.012508197988114558 2
1717192007329 0.00037636432066240116 3
1717192012078 0.0 4
1717192016814 0.0002791145702298821 5
1717192021642 0.00013221683561040105 6
1717192026557 0.0 7
1717192031365 0.0 8
1717192036101 0.0 9
1717192040976 0.0010106835175024997 10
1717192045839 0.0008954008954008954 11
1717192050790 0.002685980426768213 12
1717192055610 0.0008954008954008954 13
1717192060483 0.0 14
1717192065309 0.0008954008954008954 15
1717192070141 0.0017327741876001022 16
1717192074995 0.0017327741876001022 17
1717192079726 0.0025559977577907433 18
1717192084740 0.003509203996958854 19
1717192089612 0.0025559977577907433 20
1717192094426 0.0029018920544528993 21
1717192099367 0.0017327741876001022 22
1717192104357 0.0030759284337006218 23
1717192109368 0.0026718307047596474 24
1717192114380 0.0017327741876001022 25
1717192119331 0.0017186244655915367 26
1717192124288 0.002709575164401079 27
1717192129215 0.0020708606212303388 28
1717192134274 0.0007051564565888057 29
1717192139241 0.0025559977577907433 30
1717192144234 0.001660596862389848 31
1717192149268 0.0037575961104210276 32
1717192154143 0.005536961206187037 33
1717192159175 0.0 34
1717192164110 0.005915933886539243 35
1717192169042 0.00422984693895007 36
1717192173987 0.003919467755799345 37
1717192179022 0.004916400271136769 38
1717192184024 0.0022792022792022795 39
1717192188953 0.0012853489023333044 40
1717192193858 0.0024551929231305314 41
1717192198827 0.0009532062391681108 42
1717192203742 0.0 43
1717192208749 0.0 44
1717192213667 0.00023006134969325156 45
1717192218682 0.0 46
1717192223662 0.0 47
1717192228514 0.0 48
1717192233513 0.0 49
1717192238573 0.0 50
1717192243530 0.0 51
1717192248481 0.0 52
1717192253589 0.0 53
1717192258665 0.0 54
1717192263683 0.0 55
1717192268851 0.0 56
1717192273847 0.0 57
1717192278862 0.0007995759295585985 58
1717192283966 0.0002134016218523261 59
1717192288964 0.006939134827730989 60
1717192293986 0.005765870197591295 61
1717192298929 0.0027343209941257988 62
1717192303953 0.0 63
1717192309009 0.0 64
1717192314067 0.002519811637670565 65
1717192319156 0.006387059708698984 66
1717192324181 0.015147931746542682 67
1717192329241 0.04014606588271828 68
1717192334228 0.0665851167137171 69
1717192339204 0.06746209181076453 70
1717192344252 0.09361038288791643 71
1717192349389 0.09184611261750851 72
1717192354350 0.08109775278624906 73
1717192359336 0.09886219419529726 74
1717192364365 0.10204437213978756 75
1717192369315 0.0679912687268828 76
1717192374408 0.007906107155398651 77
1717192379377 0.03412034802863202 78
1717192384434 0.009568359939900645 79
1717192389535 0.061007428105333085 80
1717192394494 0.04381858598309576 81
1717192399476 0.04446146902730269 82
1717192404515 0.026555581330798772 83
1717192409565 0.050220541158273714 84
1717192414623 0.039738036883092256 85
1717192419607 0.08555071155657004 86
1717192424680 0.0991865358532891 87
1717192429689 0.09172861061411533 88
1717192434718 0.08316191264024535 89
1717192439904 0.09209922227241699 90
1717192444950 0.10285905253676635 91
1717192450056 0.10746796512819282 92
1717192455170 0.12317910586170591 93
1717192460285 0.10059835324596145 94
1717192465318 0.11545688278366908 95
1717192470356 0.0931141074736491 96
1717192475431 0.12684076877546735 97
1717192480573 0.11109416797357201 98
1717192485604 0.1206660405328098 99
