1717191997758 0.9376121928072105 1
1717192002597 0.9859187260261244 2
1717192007329 0.9996523126905867 3
1717192012078 1.0 4
1717192016814 0.9996486559283004 5
1717192021642 0.9998064646581357 6
1717192026557 1.0 7
1717192031365 1.0 8
1717192036101 1.0 9
1717192040976 0.9999228216643429 10
1717192045839 0.9999531798673431 11
1717192050790 0.9997879055070189 12
1717192055610 0.9999531798673431 13
1717192060483 1.0 14
1717192065309 0.9999531798673431 15
1717192070141 0.9998925195363109 16
1717192074995 0.9998925195363109 17
1717192079726 0.9998347065201232 18
1717192084740 0.9997300924908312 19
1717192089612 0.9998347065201232 20
1717192094426 0.9996366608232332 21
1717192099367 0.9998925195363109 22
1717192104357 0.999768634501623 23
1717192109368 0.9997907528218635 24
1717192114380 0.9998925195363109 25
1717192119331 0.9998953668511554 26
1717192124288 0.9997988792709969 27
1717192129215 0.999922253618206 28
1717192134274 0.9999480054305441 29
1717192139241 0.9998347065201232 30
1717192144234 0.9998815266527803 31
1717192149268 0.9997594039660967 32
1717192154143 0.9996694891790024 33
1717192159175 1.0 34
1717192164110 0.9993516430697016 35
1717192169042 0.9997006804076902 36
1717192173987 0.999770819456257 37
1717192179022 0.9996167274576268 38
1717192184024 0.9998335284172194 39
1717192188953 0.9998953668511554 40
1717192193858 0.999799011824176 41
1717192198827 0.999895385970708 42
1717192203742 1.0 43
1717192208749 1.0 44
1717192213667 0.9998459080013697 45
1717192218682 1.0 46
1717192223662 1.0 47
1717192228514 1.0 48
1717192233513 1.0 49
1717192238573 1.0 50
1717192243530 1.0 51
1717192248481 1.0 52
1717192253589 1.0 53
1717192258665 1.0 54
1717192263683 1.0 55
1717192268851 1.0 56
1717192273847 1.0 57
1717192278862 0.9999397703393587 58
1717192283966 0.9999941719847307 59
1717192288964 0.9992866605472294 60
1717192293986 0.9996459106794505 61
1717192298929 0.9996254972722785 62
1717192303953 1.0 63
1717192309009 0.999950578748862 64
1717192314067 0.9998311365396866 65
1717192319156 0.9994535128011808 66
1717192324181 0.9993124301820793 67
1717192329241 0.9978613546582288 68
1717192334228 0.9969733562370993 69
1717192339204 0.9954914775486831 70
1717192344252 0.9952968419369865 71
1717192349389 0.9950054615755203 72
1717192354350 0.9948917826001195 73
1717192359336 0.9952378606346377 74
1717192364365 0.994520998865055 75
1717192369315 0.9940723948474443 76
1717192374408 0.9997700663767712 77
1717192379377 0.9984172367880019 78
1717192384434 0.9992455436580489 79
1717192389535 0.9970489395756097 80
1717192394494 0.997029606015224 81
1717192399476 0.9981423782344846 82
1717192404515 0.9986508865240763 83
1717192409565 0.9974224920081352 84
1717192414623 0.998245351383759 85
1717192419607 0.9957625651078669 86
1717192424680 0.9935814064903564 87
1717192429689 0.9960151770161536 88
1717192434718 0.9953551037297389 89
1717192439904 0.9957695678398798 90
1717192444950 0.9952947120760889 91
1717192450056 0.9947239369149214 92
1717192455170 0.9938869529536147 93
1717192460285 0.9949158308940907 94
1717192465318 0.9938715131181857 95
1717192470356 0.9952861072453828 96
1717192475431 0.9938662284386197 97
1717192480573 0.9944678824351245 98
1717192485604 0.9935680406197406 99
