1717335191718 0.20974692203824774 1
1717335193085 0.24920124803673618 2
1717335194508 0.26599152688439165 3
1717335195945 0.27001271289295575 4
1717335197372 0.275982247830608 5
1717335198802 0.27229379544984694 6
1717335200260 0.2821802539840109 7
1717335201732 0.28204741834350977 8
1717335203184 0.27870139199540334 9
1717335204648 0.28406998796063165 10
1717335206128 0.29239390520562214 11
1717335207591 0.28660760780893224 12
1717335209087 0.29615311503442954 13
1717335210553 0.2848141910447711 14
1717335212019 0.2961713386503234 15
1717335213493 0.29862697995863635 16
1717335214992 0.2970337527230496 17
1717335216467 0.3047853828939897 18
1717335217943 0.30329286498256913 19
1717335219415 0.2962125983059206 20
1717335221001 0.31090883986022166 21
1717335223028 0.30573903219952986 22
1717335224703 0.30832625367836214 23
1717335226181 0.31386570113833107 24
1717335227670 0.3108445117642207 25
1717335229162 0.31218430674865816 26
1717335230627 0.3187806689781068 27
1717335232107 0.3172180150399493 28
1717335233585 0.31519252969713035 29
1717335235073 0.31756430317108564 30
1717335236558 0.32164687071015735 31
1717335238052 0.32138388837296017 32
1717335239537 0.3237359786201083 33
1717335241033 0.32587849529510454 34
1717335242516 0.32637763782157914 35
1717335244015 0.32086144115553206 36
1717335245504 0.3242013443401366 37
1717335246991 0.3304088693441471 38
1717335248480 0.330330769721356 39
1717335249958 0.3325613624965278 40
1717335251497 0.3341564066258279 41
1717335252988 0.3351784042214808 42
1717335255140 0.33614127845898495 43
1717335256883 0.33717708877541225 44
1717335258371 0.3295561745243343 45
1717335259871 0.33345009894367755 46
1717335261367 0.3391810450493937 47
1717335262863 0.340038251115336 48
1717335264357 0.34250712654635684 49
1717335265859 0.344134930717821 50
1717335267370 0.34494946294570417 51
1717335268872 0.34462870806308404 52
1717335270360 0.3471070537432987 53
1717335271859 0.3438073663250913 54
1717335273351 0.346565233310382 55
1717335274853 0.3506023326724528 56
1717335276354 0.3501800664562971 57
1717335277858 0.3539972724889432 58
1717335279355 0.35536004299569435 59
1717335280857 0.35620788520618946 60
1717335282373 0.35741995343669225 61
1717335283897 0.35896192556530193 62
1717335285434 0.3605071510084005 63
1717335287064 0.3612810659259629 64
1717335289123 0.35186858217646194 65
1717335290821 0.3686947762947018 66
1717335292316 0.36123887460855797 67
1717335293828 0.3663893584912194 68
1717335295321 0.36740375566684075 69
1717335296822 0.36794649077461977 70
1717335298343 0.3699094256043077 71
1717335299839 0.37093735906550507 72
1717335301329 0.372154292589567 73
1717335302816 0.3736739960963692 74
1717335304332 0.37539315133134743 75
1717335305837 0.37641943023855656 76
1717335307349 0.377566422837916 77
1717335308843 0.3783582546804484 78
1717335310355 0.378479183924019 79
1717335311870 0.36825514727320885 80
1717335313387 0.39275847742828035 81
1717335314911 0.38659697749274613 82
1717335316928 0.3781133158574368 83
1717335318583 0.3880591181524081 84
1717335320099 0.38692567015549395 85
1717335321602 0.3857002812249563 86
1717335323114 0.3885389608454532 87
1717335324641 0.38962961432902926 88
1717335326149 0.3895665858945106 89
1717335327652 0.3912856563704773 90
1717335329185 0.39296416535083384 91
1717335330697 0.39340308775890004 92
1717335332208 0.39385029612354155 93
1717335333724 0.3949567873963987 94
1717335335250 0.39621075965200003 95
1717335336758 0.39672835674498586 96
1717335338275 0.3977637493035631 97
1717335339805 0.3798411804564409 98
1717335341333 0.39889568577600787 99
