1717335191718 0.8093447085856343 1
1717335193085 0.8275738490541891 2
1717335194508 0.8406091786829194 3
1717335195945 0.8312398305799545 4
1717335197372 0.8306806994027708 5
1717335198802 0.8241770204889021 6
1717335200260 0.8292413201000197 7
1717335201732 0.8359280462100864 8
1717335203184 0.8228109437366676 9
1717335204648 0.8271530997726633 10
1717335206128 0.8308753576646344 11
1717335207591 0.8293734866264171 12
1717335209087 0.8326281793768493 13
1717335210553 0.817793835736575 14
1717335212019 0.8290839697263015 15
1717335213493 0.828337916066574 16
1717335214992 0.8295353975096083 17
1717335216467 0.8307143774809648 18
1717335217943 0.8312679683106101 19
1717335219415 0.8294827140498964 20
1717335221001 0.8364558368375421 21
1717335223028 0.8311274210482029 22
1717335224703 0.8336682141310676 23
1717335226181 0.8352578756269967 24
1717335227670 0.8399709034888581 25
1717335229162 0.8386405747775256 26
1717335230627 0.841691692323427 27
1717335232107 0.838393292754148 28
1717335233585 0.8390203279756225 29
1717335235073 0.838594030867387 30
1717335236558 0.8453209642898537 31
1717335238052 0.8447174858431552 32
1717335239537 0.8452232910682597 33
1717335241033 0.8459173672878613 34
1717335242516 0.8451335209591987 35
1717335244015 0.8432799109821525 36
1717335245504 0.8439692019094703 37
1717335246991 0.8495827910907447 38
1717335248480 0.8494577459188257 39
1717335249958 0.8502513899945037 40
1717335251497 0.8512708089383964 41
1717335252988 0.8518616503777328 42
1717335255140 0.8523197844214655 43
1717335256883 0.8533055226761096 44
1717335258371 0.850723142510399 45
1717335259871 0.8503322067690189 46
1717335261367 0.8525521083408151 47
1717335262863 0.8541281839881829 48
1717335264357 0.8554922623787036 49
1717335265859 0.8569225533315187 50
1717335267370 0.8580992050421212 51
1717335268872 0.8585212163233036 52
1717335270360 0.8590981379919116 53
1717335271859 0.8559871865274156 54
1717335273351 0.8591733110866043 55
1717335274853 0.8599093957691147 56
1717335276354 0.860792616385703 57
1717335277858 0.8622949253004549 58
1717335279355 0.8630021940026744 59
1717335280857 0.8634204630013069 60
1717335282373 0.864414824491116 61
1717335283897 0.865575086970171 62
1717335285434 0.8660003078180315 63
1717335287064 0.866561807010858 64
1717335289123 0.8645671080455626 65
1717335290821 0.8716249501679776 66
1717335292316 0.8656084317878439 67
1717335293828 0.8697206730468482 68
1717335295321 0.8698492333720731 69
1717335296822 0.8704650072071558 70
1717335298343 0.8717869175055284 71
1717335299839 0.8724417723388083 72
1717335301329 0.8732844163900324 73
1717335302816 0.8740953062093333 74
1717335304332 0.8752625088560702 75
1717335305837 0.875798906748597 76
1717335307349 0.8765054531928455 77
1717335308843 0.8769955978520653 78
1717335310355 0.8774241664976558 79
1717335311870 0.8743582908435318 80
1717335313387 0.8843938865280275 81
1717335314911 0.8807985762953845 82
1717335316928 0.8765580607558059 83
1717335318583 0.8820254405824846 84
1717335320099 0.8814492183788669 85
1717335321602 0.8811513769354523 86
1717335323114 0.8826841010109631 87
1717335324641 0.8833260402401333 88
1717335326149 0.8833425458156526 89
1717335327652 0.8842162278520291 90
1717335329185 0.8850301675412799 91
1717335330697 0.8852578827532579 92
1717335332208 0.8855460208728854 93
1717335333724 0.8861035945187308 94
1717335335250 0.8867319316433772 95
1717335336758 0.8867829990726681 96
1717335338275 0.8869372468922034 97
1717335339805 0.8788104656870239 98
1717335341333 0.8871926718884801 99
