1717335191718 0.13145439461378636 1
1717335193085 0.15599526274065806 2
1717335194508 0.16501675895717338 3
1717335195945 0.16565987486015804 4
1717335197372 0.16860880504322334 5
1717335198802 0.16393377776377516 6
1717335200260 0.17150283582002085 7
1717335201732 0.17184329159508016 8
1717335203184 0.1682876294078482 9
1717335204648 0.17093089593557664 10
1717335206128 0.1776012300358461 11
1717335207591 0.17289154076731178 12
1717335209087 0.17858674679947534 13
1717335210553 0.1713308874452962 14
1717335212019 0.17779149913202139 15
1717335213493 0.180029329671841 16
1717335214992 0.17834322390636048 17
1717335216467 0.18288491000211815 18
1717335217943 0.18322685924297724 19
1717335219415 0.1777398684671539 20
1717335221001 0.18737775832378367 21
1717335223028 0.18404579967958798 22
1717335224703 0.18498650403976766 23
1717335226181 0.18854567695086014 24
1717335227670 0.18871104738363156 25
1717335229162 0.18824267732691222 26
1717335230627 0.19276688885630772 27
1717335232107 0.19164228186953575 28
1717335233585 0.1899154565276852 29
1717335235073 0.19079690756901582 30
1717335236558 0.19568764436483557 31
1717335238052 0.19488921712332682 32
1717335239537 0.1961949408913961 33
1717335241033 0.1978119852591253 34
1717335242516 0.19798653647996098 35
1717335244015 0.19400479250835878 36
1717335245504 0.1953993277215839 37
1717335246991 0.20145171862817976 38
1717335248480 0.20110647514799035 39
1717335249958 0.2024241801740736 40
1717335251497 0.2036771312267977 41
1717335252988 0.20441686799175596 42
1717335255140 0.20508007603721046 43
1717335256883 0.2058470298299364 44
1717335258371 0.20052571094262564 45
1717335259871 0.2019578458870149 46
1717335261367 0.20710821606198201 47
1717335262863 0.20745075844343117 48
1717335264357 0.20930321888202558 49
1717335265859 0.21065573720823663 50
1717335267370 0.21125048389072604 51
1717335268872 0.21097979776477035 52
1717335270360 0.21261039647599161 53
1717335271859 0.21079146118034425 54
1717335273351 0.21162128566985272 55
1717335274853 0.21450252060536634 56
1717335276354 0.21554957630720809 57
1717335277858 0.21753893066471752 58
1717335279355 0.21861781281845202 59
1717335280857 0.21927979053928076 60
1717335282373 0.22019886460952143 61
1717335283897 0.2213103072319043 62
1717335285434 0.22238730323274428 63
1717335287064 0.22308619005894995 64
1717335289123 0.21627367396024275 65
1717335290821 0.22721729223756393 66
1717335292316 0.22302502001688454 67
1717335293828 0.2267685548807692 68
1717335295321 0.22737199281049963 69
1717335296822 0.22789522839096335 70
1717335298343 0.22927196091648133 71
1717335299839 0.23003363713954844 72
1717335301329 0.2309272666157233 73
1717335302816 0.23199472669112847 74
1717335304332 0.23322375592287212 75
1717335305837 0.23392981058197782 76
1717335307349 0.23475413924625702 77
1717335308843 0.23534136441757908 78
1717335310355 0.23544807967768203 79
1717335311870 0.22884895227768925 80
1717335313387 0.24539424302673182 81
1717335314911 0.2411064704289696 82
1717335316928 0.2351888975934612 83
1717335318583 0.2422208161543172 84
1717335320099 0.24144584755309864 85
1717335321602 0.24068251974522573 86
1717335323114 0.2427282920126172 87
1717335324641 0.24351848424328706 88
1717335326149 0.24348541166340132 89
1717335327652 0.24471986372039806 90
1717335329185 0.24594431559243207 91
1717335330697 0.24627442299393665 92
1717335332208 0.24662755644161322 93
1717335333724 0.24743264167866474 94
1717335335250 0.24836474455806107 95
1717335336758 0.24870719504041522 96
1717335338275 0.2494238759615957 97
1717335339805 0.23803189568420136 98
1717335341333 0.25002189111045753 99
