1717259081281 1.0 1
1717259083258 1.0 2
1717259085359 1.0 3
1717259087366 1.0 4
1717259089396 1.0 5
1717259091756 1.0 6
1717259094056 1.0 7
1717259096323 1.0 8
1717259098958 1.0 9
1717259101307 1.0 10
1717259103797 1.0 11
1717259108447 1.0 12
1717259112156 1.0 13
1717259114457 1.0 14
1717259116499 1.0 15
1717259118582 1.0 16
1717259120950 1.0 17
1717259123381 1.0 18
1717259125746 1.0 19
1717259128003 0.9800636253197398 20
1717259130215 0.9770899753961944 21
1717259132341 0.9784373674454594 22
1717259134486 0.9884970055753496 23
1717259136624 0.9826438759071385 24
1717259138595 0.9682711155812673 25
1717259140704 0.9663363230301265 26
1717259143155 0.9665950270095224 27
1717259146108 0.9690365613041921 28
1717259148218 0.9687894425063189 29
1717259150481 0.9711484490025978 30
1717259152850 0.9677772102290253 31
1717259154967 0.9690760961935434 32
1717259157170 0.9695037516700624 33
1717259159347 0.968273833156221 34
1717259161613 0.9705600583831592 35
1717259163667 0.9734023266319582 36
1717259165741 0.9746101651851388 37
1717259167804 0.9711914124549951 38
1717259169879 0.9670606866170519 39
1717259172003 0.961192162431154 40
1717259174030 0.9685358561860761 41
1717259176336 0.9702881309334597 42
1717259178419 0.9725699552456523 43
1717259180637 0.9559629155321241 44
1717259182753 0.9589618266957346 45
1717259185341 0.9570236140574688 46
1717259187557 0.9605610440766716 47
1717259190336 0.96010579364602 48
1717259192987 0.9591861410413316 49
1717259196014 0.9593530867393543 50
1717259198243 0.9600642708104078 51
1717259201251 0.9605222860522595 52
1717259203454 0.9600697164722783 53
1717259205929 0.9597392180663524 54
1717259208336 0.959903722107725 55
1717259210612 0.9603607680624635 56
1717259212826 0.9599351945626872 57
1717259214897 0.9594785247754853 58
1717259217029 0.959949682856426 59
1717259219108 0.9612168819113631 60
1717259221189 0.9600178619772581 61
1717259223348 0.9592590996687347 62
1717259225519 0.9610276902892714 63
1717259227684 0.96190482716172 64
1717259229865 0.9602317340543216 65
1717259232063 0.960839043436645 66
1717259234373 0.9618462069999463 67
1717259236651 0.9630965686371926 68
1717259238708 0.9624861531667483 69
1717259240759 0.9631544840434604 70
1717259242753 0.9633288838100462 71
1717259244763 0.9656716075759523 72
1717259246785 0.9647337088831276 73
1717259248787 0.9635306797873104 74
1717259250832 0.9656088419566715 75
1717259252832 0.9668408001196711 76
1717259254818 0.9669034373619638 77
1717259256856 0.9671887266686017 78
1717259258804 0.9684485955258769 79
1717259260985 0.9696123542974457 80
1717259263106 0.9691863362283246 81
1717259265244 0.9694005353463069 82
1717259267254 0.9684084230149205 83
1717259269204 0.9699672683103835 84
1717259271231 0.9706843058283784 85
1717259273206 0.970708217178762 86
1717259275208 0.9690281216151695 87
1717259277172 0.9684564120778794 88
1717259279135 0.9705032240300091 89
1717259281113 0.9681964173737694 90
1717259283081 0.96779458893271 91
1717259285018 0.9697136951475838 92
1717259287012 0.968765529079666 93
1717259288954 0.9723440450641838 94
1717259290932 0.9685478645141649 95
1717259292903 0.9653189637834507 96
1717259294891 0.9657229416531441 97
1717259297001 0.9694970362806358 98
1717259298929 0.972815343739307 99
