1717259081281 0.0 1
1717259083258 0.0 2
1717259085359 0.0 3
1717259087366 0.0 4
1717259089396 0.0 5
1717259091756 0.0 6
1717259094056 0.0 7
1717259096323 0.0 8
1717259098958 0.0 9
1717259101307 0.0 10
1717259103797 0.0 11
1717259108447 0.0 12
1717259112156 0.0 13
1717259114457 0.0 14
1717259116499 0.0 15
1717259118582 0.0 16
1717259120950 0.0 17
1717259123381 0.0 18
1717259125746 0.0 19
1717259128003 0.4538047637236404 20
1717259130215 0.6399345308284469 21
1717259132341 0.6495258492963766 22
1717259134486 0.7120965218248054 23
1717259136624 0.6708856655906054 24
1717259138595 0.5851341827584862 25
1717259140704 0.5734239274853747 26
1717259143155 0.5751077570906497 27
1717259146108 0.5904746128373263 28
1717259148218 0.5884457460980077 29
1717259150481 0.6046193157240705 30
1717259152850 0.5827720867621369 31
1717259154967 0.5904139608548786 32
1717259157170 0.5926623469510901 33
1717259159347 0.5854298892425663 34
1717259161613 0.5985519207579414 35
1717259163667 0.6193647761937824 36
1717259165741 0.6290989482086753 37
1717259167804 0.6070357005879914 38
1717259169879 0.584330798669306 39
1717259172003 0.6074976856914445 40
1717259174030 0.6375612400539511 41
1717259176336 0.6354757030733658 42
1717259178419 0.6319433338235987 43
1717259180637 0.5676287219098142 44
1717259182753 0.5655167054670045 45
1717259185341 0.5598090293959548 46
1717259187557 0.569796991958322 47
1717259190336 0.5672822869339164 48
1717259192987 0.5682193354779386 49
1717259196014 0.5668547564242257 50
1717259198243 0.5718831768759696 51
1717259201251 0.5753565892605375 52
1717259203454 0.5766483134970715 53
1717259205929 0.5776999231250264 54
1717259208336 0.5789499764519227 55
1717259210612 0.5814317433837028 56
1717259212826 0.5778732347284523 57
1717259214897 0.5783045296310665 58
1717259217029 0.5819832796505013 59
1717259219108 0.5852126122159701 60
1717259221189 0.5789392133812487 61
1717259223348 0.5791699094944562 62
1717259225519 0.5884624725186625 63
1717259227684 0.5931463713787231 64
1717259229865 0.5837546396524178 65
1717259232063 0.5906110692762293 66
1717259234373 0.5965050027598258 67
1717259236651 0.6043947494446789 68
1717259238708 0.6010389441558447 69
1717259240759 0.6069007723754392 70
1717259242753 0.6098091981671374 71
1717259244763 0.6254780273446928 72
1717259246785 0.6259602179070919 73
1717259248787 0.6246549451450846 74
1717259250832 0.6379300818509342 75
1717259252832 0.6463629646049628 76
1717259254818 0.6443207640753242 77
1717259256856 0.6504175246704869 78
1717259258804 0.6569304917363571 79
1717259260985 0.6611089560227824 80
1717259263106 0.6570247160845948 81
1717259265244 0.654224568780444 82
1717259267254 0.6518856070495226 83
1717259269204 0.6614412662853533 84
1717259271231 0.6617518892082023 85
1717259273206 0.6588420121135203 86
1717259275208 0.6517507121686886 87
1717259277172 0.6553030407671253 88
1717259279135 0.6637132074646142 89
1717259281113 0.6536295321793457 90
1717259283081 0.6525077327433451 91
1717259285018 0.6654443706307367 92
1717259287012 0.6648505782067344 93
1717259288954 0.6827514505191254 94
1717259290932 0.6601812574096286 95
1717259292903 0.6454693959878374 96
1717259294891 0.6488155573377339 97
1717259297001 0.6693276260584246 98
1717259298929 0.6882613788628253 99
