1717720675973 0.8951331278738213 1
1717720684255 0.9336648056215503 2
1717720693016 0.9294803814883098 3
1717720701350 0.928370539668048 4
1717720709957 0.9293382891402973 5
1717720717716 0.9308314954272251 6
1717720725517 0.9313313338229199 7
1717720733790 0.9340979339080286 8
1717720742151 0.9334457392827965 9
1717720750093 0.9343044368843528 10
1717720758534 0.9350404636684951 11
1717720766718 0.9366138907504064 12
1717720774694 0.9358755408193062 13
1717720782336 0.9376543629804552 14
1717720790104 0.9369644850825508 15
1717720798025 0.935979946551842 16
1717720806040 0.9385503927021404 17
1717720814100 0.9373033787544719 18
1717720822255 0.9389000671393203 19
1717720830103 0.9406612149017166 20
1717720838593 0.941065540841574 21
1717720846691 0.9417361877134632 22
1717720854666 0.9424929831025923 23
1717720862273 0.9430931905088468 24
1717720870239 0.9425602460682785 25
1717720877880 0.9432816170172785 26
1717720885894 0.9429573066337448 27
1717720893838 0.9445521684201135 28
1717720901851 0.9413328546985446 29
1717720909815 0.942449042502381 30
1717720917419 0.9444919871616636 31
1717720925819 0.9456205472146272 32
1717720934263 0.944259534680527 33
1717720942036 0.9460299402042376 34
1717720950403 0.9467517324087777 35
1717720958637 0.9458779164740125 36
1717720966447 0.9463242759435513 37
1717720974220 0.9449715306858946 38
1717720982413 0.9479214620146689 39
1717720990396 0.9477835633579323 40
1717720998400 0.9488804298922476 41
1717721006622 0.9486445072143442 42
1717721015001 0.9485729851852863 43
1717721023194 0.9450167401634272 44
1717721031405 0.9467923125383217 45
1717721039198 0.9470315930710543 46
1717721047012 0.9477319333247902 47
1717721054811 0.9485643799978118 48
1717721062621 0.9493166116058743 49
1717721070201 0.9489472881375491 50
1717721078004 0.9495489238650174 51
1717721085635 0.9499353111175143 52
1717721094222 0.9495726672309351 53
1717721102408 0.9480516496098963 54
1717721110176 0.9471367718100105 55
1717721118360 0.9503369230165425 56
1717721125980 0.950507011317134 57
1717721133573 0.9478098786710587 58
1717721141179 0.9501031742044683 59
1717721149427 0.9494048192678511 60
1717721157368 0.9508317849600201 61
1717721164985 0.9510622828468044 62
1717721172947 0.951457806716474 63
1717721181137 0.9506910050759049 64
1717721188939 0.9507179049069401 65
1717721197188 0.950787055878466 66
1717721204961 0.9507020862206238 67
1717721212955 0.9510631309893052 68
1717721220997 0.9488920301798286 69
1717721228982 0.9506119926941079 70
1717721237122 0.9496170337879983 71
1717721245349 0.9506336006425627 72
1717721253535 0.9505229373468109 73
1717721261484 0.9512905312860718 74
1717721269545 0.9515851783628341 75
1717721277338 0.9511099802579395 76
1717721284937 0.951452152927265 77
1717721292920 0.9430230270986502 78
1717721300898 0.9238515014497721 79
1717721308755 0.919571058281274 80
1717721317082 0.9212329193601467 81
1717721325510 0.9250134135811331 82
1717721333316 0.9264973061660328 83
1717721340880 0.9276614710680499 84
1717721348677 0.9292977563227083 85
1717721356606 0.9252542430817721 86
1717721364492 0.9303833974102631 87
1717721372669 0.9328963308449888 88
1717721380902 0.9350273416221754 89
1717721389077 0.9359919460188842 90
1717721397298 0.9379518550428276 91
1717721405681 0.9390031775904973 92
1717721413862 0.9395451640278427 93
1717721422091 0.9392359078954374 94
1717721430230 0.9389245562524865 95
1717721438250 0.9398463092860212 96
1717721446269 0.9400554842089446 97
1717721454437 0.939591597658931 98
1717721462429 0.9394382225069003 99
