1717720675973 749755.0 1
1717720684255 749755.0 2
1717720693016 749755.0 3
1717720701350 749755.0 4
1717720709957 749755.0 5
1717720717716 749755.0 6
1717720725517 749755.0 7
1717720733790 749755.0 8
1717720742151 749755.0 9
1717720750093 749755.0 10
1717720758534 749755.0 11
1717720766718 749755.0 12
1717720774694 749755.0 13
1717720782336 749755.0 14
1717720790104 749755.0 15
1717720798025 749755.0 16
1717720806040 749755.0 17
1717720814100 749755.0 18
1717720822255 749755.0 19
1717720830103 749755.0 20
1717720838593 749755.0 21
1717720846691 749755.0 22
1717720854666 749755.0 23
1717720862273 749755.0 24
1717720870239 749755.0 25
1717720877880 749755.0 26
1717720885894 749755.0 27
1717720893838 749755.0 28
1717720901851 749755.0 29
1717720909815 749755.0 30
1717720917419 749755.0 31
1717720925819 749755.0 32
1717720934263 749755.0 33
1717720942036 749755.0 34
1717720950403 749755.0 35
1717720958637 749755.0 36
1717720966447 749755.0 37
1717720974220 749755.0 38
1717720982413 749755.0 39
1717720990396 749755.0 40
1717720998400 749755.0 41
1717721006622 749755.0 42
1717721015001 749755.0 43
1717721023194 749755.0 44
1717721031405 749755.0 45
1717721039198 749755.0 46
1717721047012 749755.0 47
1717721054811 749755.0 48
1717721062621 749755.0 49
1717721070201 749755.0 50
1717721078004 749755.0 51
1717721085635 749755.0 52
1717721094222 749755.0 53
1717721102408 749755.0 54
1717721110176 749755.0 55
1717721118360 749755.0 56
1717721125980 749755.0 57
1717721133573 749755.0 58
1717721141179 749755.0 59
1717721149427 749755.0 60
1717721157368 749755.0 61
1717721164985 749755.0 62
1717721172947 749755.0 63
1717721181137 749755.0 64
1717721188939 749755.0 65
1717721197188 749755.0 66
1717721204961 749755.0 67
1717721212955 749755.0 68
1717721220997 749755.0 69
1717721228982 749755.0 70
1717721237122 749755.0 71
1717721245349 749755.0 72
1717721253535 749755.0 73
1717721261484 749755.0 74
1717721269545 749755.0 75
1717721277338 749755.0 76
1717721284937 749755.0 77
1717721292920 749755.0 78
1717721300898 749755.0 79
1717721308755 749755.0 80
1717721317082 749755.0 81
1717721325510 749755.0 82
1717721333316 749755.0 83
1717721340880 749755.0 84
1717721348677 749755.0 85
1717721356606 749755.0 86
1717721364492 749755.0 87
1717721372669 749755.0 88
1717721380902 749755.0 89
1717721389077 749755.0 90
1717721397298 749755.0 91
1717721405681 749755.0 92
1717721413862 749755.0 93
1717721422091 749755.0 94
1717721430230 749755.0 95
1717721438250 749755.0 96
1717721446269 749755.0 97
1717721454437 749755.0 98
1717721462429 749755.0 99
