1717720675973 0.9008532762527466 1
1717720684255 0.671086847782135 2
1717720693016 0.610227644443512 3
1717720701350 0.567422091960907 4
1717720709957 0.5427628755569458 5
1717720717716 0.5133527517318726 6
1717720725517 0.4948860704898834 7
1717720733790 0.47805479168891907 8
1717720742151 0.468772292137146 9
1717720750093 0.4595332443714142 10
1717720758534 0.45636940002441406 11
1717720766718 0.4441124498844147 12
1717720774694 0.4484294354915619 13
1717720782336 0.4372459948062897 14
1717720790104 0.4373147487640381 15
1717720798025 0.4359772503376007 16
1717720806040 0.4269387125968933 17
1717720814100 0.4340846836566925 18
1717720822255 0.42031973600387573 19
1717720830103 0.4134095013141632 20
1717720838593 0.4102937877178192 21
1717720846691 0.408507764339447 22
1717720854666 0.405089795589447 23
1717720862273 0.40083128213882446 24
1717720870239 0.4046935439109802 25
1717720877880 0.40019869804382324 26
1717720885894 0.39956194162368774 27
1717720893838 0.3948785066604614 28
1717720901851 0.41270676255226135 29
1717720909815 0.4064856767654419 30
1717720917419 0.3937603533267975 31
1717720925819 0.390744149684906 32
1717720934263 0.3908858299255371 33
1717720942036 0.38371139764785767 34
1717720950403 0.3800090551376343 35
1717720958637 0.3851810693740845 36
1717720966447 0.3950108587741852 37
1717720974220 0.39165905117988586 38
1717720982413 0.3833894431591034 39
1717720990396 0.3779812455177307 40
1717720998400 0.3753407299518585 41
1717721006622 0.37389203906059265 42
1717721015001 0.3778873682022095 43
1717721023194 0.38447147607803345 44
1717721031405 0.3785112202167511 45
1717721039198 0.3794463276863098 46
1717721047012 0.37573370337486267 47
1717721054811 0.3722597360610962 48
1717721062621 0.36980336904525757 49
1717721070201 0.3722801208496094 50
1717721078004 0.3699510991573334 51
1717721085635 0.3680061995983124 52
1717721094222 0.37180352210998535 53
1717721102408 0.3804653584957123 54
1717721110176 0.3896799087524414 55
1717721118360 0.375007301568985 56
1717721125980 0.3723848760128021 57
1717721133573 0.37852799892425537 58
1717721141179 0.37059250473976135 59
1717721149427 0.3713102638721466 60
1717721157368 0.3655014932155609 61
1717721164985 0.36677080392837524 62
1717721172947 0.36386242508888245 63
1717721181137 0.36484062671661377 64
1717721188939 0.369294136762619 65
1717721197188 0.3643047511577606 66
1717721204961 0.36230698227882385 67
1717721212955 0.36143994331359863 68
1717721220997 0.3733590543270111 69
1717721228982 0.3655577301979065 70
1717721237122 0.3655101954936981 71
1717721245349 0.3628726899623871 72
1717721253535 0.3621766269207001 73
1717721261484 0.3614017367362976 74
1717721269545 0.35995060205459595 75
1717721277338 0.36149224638938904 76
1717721284937 0.36179444193840027 77
1717721292920 0.4060790538787842 78
1717721300898 0.551910400390625 79
1717721308755 0.4983528256416321 80
1717721317082 0.48023688793182373 81
1717721325510 0.46871626377105713 82
1717721333316 0.46577200293540955 83
1717721340880 0.4609556496143341 84
1717721348677 0.458646684885025 85
1717721356606 0.4732365608215332 86
1717721364492 0.44291725754737854 87
1717721372669 0.43444326519966125 88
1717721380902 0.42867597937583923 89
1717721389077 0.42377325892448425 90
1717721397298 0.41748473048210144 91
1717721405681 0.4112941026687622 92
1717721413862 0.41149216890335083 93
1717721422091 0.408520370721817 94
1717721430230 0.4084826111793518 95
1717721438250 0.4063579738140106 96
1717721446269 0.404654860496521 97
1717721454437 0.4025772511959076 98
1717721462429 0.4019986391067505 99
