1717720675973 0.4862985223491996 1
1717720684255 0.5843434353856275 2
1717720693016 0.6173879122028395 3
1717720701350 0.6443436826351602 4
1717720709957 0.6584291350672754 5
1717720717716 0.6768115398319009 6
1717720725517 0.6895518103593284 7
1717720733790 0.6993457829826887 8
1717720742151 0.7044961209866516 9
1717720750093 0.7100906072090993 10
1717720758534 0.7113599665668627 11
1717720766718 0.7180209510413942 12
1717720774694 0.7157162979248444 13
1717720782336 0.7221434786389495 14
1717720790104 0.7224625477033345 15
1717720798025 0.7234938810383889 16
1717720806040 0.7286966724353996 17
1717720814100 0.7245552189199445 18
1717720822255 0.7338838608228565 19
1717720830103 0.7378521903991396 20
1717720838593 0.7385514658286453 21
1717720846691 0.7402398287121427 22
1717720854666 0.7421878329366505 23
1717720862273 0.7455029495233444 24
1717720870239 0.7426439975776982 25
1717720877880 0.7450282391271175 26
1717720885894 0.7464771649711553 27
1717720893838 0.7486237801485347 28
1717720901851 0.7377731780737673 29
1717720909815 0.7415368673333459 30
1717720917419 0.7482315352751594 31
1717720925819 0.7496393434394737 32
1717720934263 0.7494697917102893 33
1717720942036 0.7538388813748276 34
1717720950403 0.7552520178433887 35
1717720958637 0.7518523297989634 36
1717720966447 0.7463906725237106 37
1717720974220 0.7483975399222681 38
1717720982413 0.7521092980635811 39
1717720990396 0.755844473478008 40
1717720998400 0.7561875171615675 41
1717721006622 0.7582145663600571 42
1717721015001 0.7552630750210758 43
1717721023194 0.7535200022797107 44
1717721031405 0.7554931645082139 45
1717721039198 0.7550958663541084 46
1717721047012 0.7578253841401027 47
1717721054811 0.7587273012493829 48
1717721062621 0.7593589389865476 49
1717721070201 0.7585151718959076 50
1717721078004 0.7592955213484432 51
1717721085635 0.7602685600912965 52
1717721094222 0.7580444115278531 53
1717721102408 0.754028675577776 54
1717721110176 0.7496284893939235 55
1717721118360 0.7564640315648602 56
1717721125980 0.7562015261565205 57
1717721133573 0.7549309133055276 58
1717721141179 0.7588505660557985 59
1717721149427 0.7576412591922744 60
1717721157368 0.7611038580219028 61
1717721164985 0.7602914552400043 62
1717721172947 0.7608903991298223 63
1717721181137 0.7620148489091572 64
1717721188939 0.758580081921466 65
1717721197188 0.7625754673564926 66
1717721204961 0.7629354664179396 67
1717721212955 0.7640174226532228 68
1717721220997 0.7577163661280887 69
1717721228982 0.7615258696275566 70
1717721237122 0.7627343540510774 71
1717721245349 0.7645404733167436 72
1717721253535 0.7637709042214282 73
1717721261484 0.7641102122384876 74
1717721269545 0.7651947030493642 75
1717721277338 0.7642839218774137 76
1717721284937 0.7640013715839503 77
1717721292920 0.7480231815734294 78
1717721300898 0.6546841434174431 79
1717721308755 0.6902049131824718 80
1717721317082 0.7074741207330475 81
1717721325510 0.7141671194265766 82
1717721333316 0.7147654289664617 83
1717721340880 0.7178655797271193 84
1717721348677 0.7161521432084827 85
1717721356606 0.7076114036716386 86
1717721364492 0.7247782569517103 87
1717721372669 0.7268043432004477 88
1717721380902 0.7302710544868259 89
1717721389077 0.7346072529120092 90
1717721397298 0.7382063325225031 91
1717721405681 0.7411801644845454 92
1717721413862 0.7416999359403518 93
1717721422091 0.7432677703053928 94
1717721430230 0.7444980278234926 95
1717721438250 0.7452536146047357 96
1717721446269 0.7472808549676457 97
1717721454437 0.7481616049651619 98
1717721462429 0.749775397047398 99
