1717720675973 386384.0 1
1717720684255 317263.0 2
1717720693016 290643.0 3
1717720701350 271269.0 4
1717720709957 262863.0 5
1717720717716 252553.0 6
1717720725517 245695.0 7
1717720733790 240916.0 8
1717720742151 238130.0 9
1717720750093 235593.0 10
1717720758534 234959.0 11
1717720766718 231961.0 12
1717720774694 233204.0 13
1717720782336 230547.0 14
1717720790104 230015.0 15
1717720798025 229244.0 16
1717720806040 227435.0 17
1717720814100 228860.0 18
1717720822255 224937.0 19
1717720830103 223555.0 20
1717720838593 223293.0 21
1717720846691 222548.0 22
1717720854666 222099.0 23
1717720862273 220434.0 24
1717720870239 221839.0 25
1717720877880 220775.0 26
1717720885894 219983.0 27
1717720893838 219612.0 28
1717720901851 223543.0 29
1717720909815 222034.0 30
1717720917419 219726.0 31
1717720925819 219421.0 32
1717720934263 218992.0 33
1717720942036 217495.0 34
1717720950403 216926.0 35
1717720958637 218276.0 36
1717720966447 221270.0 37
1717720974220 219675.0 38
1717720982413 219103.0 39
1717720990396 217107.0 40
1717720998400 217363.0 41
1717721006622 216365.0 42
1717721015001 217717.0 43
1717721023194 217225.0 44
1717721031405 217034.0 45
1717721039198 217279.0 46
1717721047012 216273.0 47
1717721054811 216166.0 48
1717721062621 216049.0 49
1717721070201 216276.0 50
1717721078004 216108.0 51
1717721085635 215825.0 52
1717721094222 216759.0 53
1717721102408 218199.0 54
1717721110176 220077.0 55
1717721118360 217924.0 56
1717721125980 217919.0 57
1717721133573 217674.0 58
1717721141179 216630.0 59
1717721149427 216876.0 60
1717721157368 215728.0 61
1717721164985 216210.0 62
1717721172947 215990.0 63
1717721181137 215137.0 64
1717721188939 216885.0 65
1717721197188 214965.0 66
1717721204961 214643.0 67
1717721212955 214328.0 68
1717721220997 216613.0 69
1717721228982 215377.0 70
1717721237122 214491.0 71
1717721245349 213936.0 72
1717721253535 214311.0 73
1717721261484 214367.0 74
1717721269545 214037.0 75
1717721277338 214289.0 76
1717721284937 214375.0 77
1717721292920 220211.0 78
1717721300898 263052.0 79
1717721308755 239660.0 80
1717721317082 231182.0 81
1717721325510 229118.0 82
1717721333316 229557.0 83
1717721340880 228514.0 84
1717721348677 229795.0 85
1717721356606 232808.0 86
1717721364492 225788.0 87
1717721372669 225859.0 88
1717721380902 224893.0 89
1717721389077 222954.0 90
1717721397298 222017.0 91
1717721405681 220789.0 92
1717721413862 220766.0 93
1717721422091 219771.0 94
1717721430230 219107.0 95
1717721438250 219038.0 96
1717721446269 218122.0 97
1717721454437 217519.0 98
1717721462429 216758.0 99
