1717632185573 235624.0 1
1717632186512 262509.0 2
1717632187463 261521.0 3
1717632188417 255208.0 4
1717632189347 247260.0 5
1717632190288 244901.0 6
1717632191348 243981.0 7
1717632192284 244899.0 8
1717632193296 246486.0 9
1717632194295 248203.0 10
1717632195267 248914.0 11
1717632196174 249653.0 12
1717632197130 249680.0 13
1717632198049 249702.0 14
1717632198872 249914.0 15
1717632199879 250226.0 16
1717632200847 250493.0 17
1717632201688 250551.0 18
1717632202623 250757.0 19
1717632203481 251279.0 20
1717632204445 251567.0 21
1717632205377 252076.0 22
1717632206312 252411.0 23
1717632207357 252832.0 24
1717632208261 252897.0 25
1717632209213 252924.0 26
1717632210203 253297.0 27
1717632211095 253399.0 28
1717632212030 253598.0 29
1717632212906 253714.0 30
1717632213798 253833.0 31
1717632214795 253718.0 32
1717632215782 253598.0 33
1717632216809 253682.0 34
1717632217599 253768.0 35
1717632218433 253653.0 36
1717632219284 253611.0 37
1717632220121 253703.0 38
1717632220984 253722.0 39
1717632221823 253987.0 40
1717632222674 254202.0 41
1717632223556 254171.0 42
1717632224482 254342.0 43
1717632225396 254624.0 44
1717632226285 254569.0 45
1717632227141 254814.0 46
1717632228028 255026.0 47
1717632228970 255221.0 48
1717632229891 255438.0 49
1717632230818 255614.0 50
1717632231741 256063.0 51
1717632232846 256364.0 52
1717632233796 256623.0 53
1717632234654 256870.0 54
1717632235550 257089.0 55
1717632236408 257300.0 56
1717632237254 257441.0 57
1717632238124 257800.0 58
1717632238944 257908.0 59
1717632239822 258055.0 60
1717632240720 258143.0 61
1717632241582 258427.0 62
1717632242461 258430.0 63
1717632243375 258722.0 64
