1717632185573 81296.0 1
1717632186512 54411.0 2
1717632187463 55399.0 3
1717632188417 61712.0 4
1717632189347 69660.0 5
1717632190288 72019.0 6
1717632191348 72939.0 7
1717632192284 72021.0 8
1717632193296 70434.0 9
1717632194295 68717.0 10
1717632195267 68006.0 11
1717632196174 67267.0 12
1717632197130 67240.0 13
1717632198049 67218.0 14
1717632198872 67006.0 15
1717632199879 66694.0 16
1717632200847 66427.0 17
1717632201688 66369.0 18
1717632202623 66163.0 19
1717632203481 65641.0 20
1717632204445 65353.0 21
1717632205377 64844.0 22
1717632206312 64509.0 23
1717632207357 64088.0 24
1717632208261 64023.0 25
1717632209213 63996.0 26
1717632210203 63623.0 27
1717632211095 63521.0 28
1717632212030 63322.0 29
1717632212906 63206.0 30
1717632213798 63087.0 31
1717632214795 63202.0 32
1717632215782 63322.0 33
1717632216809 63238.0 34
1717632217599 63152.0 35
1717632218433 63267.0 36
1717632219284 63309.0 37
1717632220121 63217.0 38
1717632220984 63198.0 39
1717632221823 62933.0 40
1717632222674 62718.0 41
1717632223556 62749.0 42
1717632224482 62578.0 43
1717632225396 62296.0 44
1717632226285 62351.0 45
1717632227141 62106.0 46
1717632228028 61894.0 47
1717632228970 61699.0 48
1717632229891 61482.0 49
1717632230818 61306.0 50
1717632231741 60857.0 51
1717632232846 60556.0 52
1717632233796 60297.0 53
1717632234654 60050.0 54
1717632235550 59831.0 55
1717632236408 59620.0 56
1717632237254 59479.0 57
1717632238124 59120.0 58
1717632238944 59012.0 59
1717632239822 58865.0 60
1717632240720 58777.0 61
1717632241582 58493.0 62
1717632242461 58490.0 63
1717632243375 58198.0 64
