1717224180491 0.7927837760602152 1
1717224182358 0.7954888120187172 2
1717224184123 0.8008779582745862 3
1717224185868 0.8001813390452195 4
1717224187668 0.794867140433142 5
1717224189440 0.8067849169028457 6
1717224191208 0.8232991703194883 7
1717224192964 0.8477066661345161 8
1717224194708 0.8620354337708914 9
1717224196425 0.8760527946234506 10
1717224198157 0.8929267437246724 11
1717224199900 0.8956634838066174 12
1717224201741 0.9087406762262589 13
1717224203582 0.9112834784584636 14
1717224205364 0.9272731774586184 15
1717224207148 0.9311111978723655 16
1717224208919 0.9395449581755065 17
1717224210688 0.9444323982073071 18
1717224212468 0.9456731562023237 19
1717224214215 0.9519921310733874 20
1717224215981 0.9519639882340827 21
1717224217779 0.9598327989063635 22
1717224219485 0.958028115395788 23
1717224221222 0.9630684070075166 24
1717224222963 0.9640267127672746 25
1717224224713 0.9654183972593995 26
1717224226466 0.9678664619916696 27
1717224228249 0.9678990592280693 28
1717224229966 0.9702041092100223 29
1717224231749 0.9722319016837627 30
1717224233469 0.9738351036598516 31
1717224235223 0.9740029675286018 32
1717224236997 0.9755337510034563 33
1717224238710 0.9760372785104078 34
1717224240454 0.9753734749959401 35
1717224242250 0.9760784169955858 36
1717224243998 0.9787725378864357 37
1717224245751 0.9789274612164357 38
1717224247584 0.980275035091228 39
1717224249441 0.9813900666776684 40
1717224251221 0.981674610233058 41
1717224253011 0.9810841131693048 42
1717224254847 0.984006489235555 43
1717224256616 0.9826284289017243 44
1717224258399 0.9843063480883745 45
1717224260114 0.9845894621161237 46
1717224261941 0.9850286147760182 47
1717224263698 0.9845555141820439 48
1717224265431 0.9855391651942605 49
1717224267203 0.9842941285438466 50
1717224268988 0.985817318827309 51
1717224270758 0.9853349977609609 52
1717224272574 0.9863235502260831 53
1717224274302 0.9851869444095922 54
1717224276010 0.9855336090841875 55
1717224277710 0.9877486613318561 56
1717224279426 0.9861798288488135 57
1717224281191 0.9877692456622287 58
1717224283004 0.9880537063551444 59
1717224284833 0.9884013253053189 60
1717224286572 0.9875713159587232 61
1717224288309 0.988250813437309 62
1717224290042 0.9886911782514627 63
1717224291772 0.9872231018322178 64
1717224293502 0.9887320814084095 65
1717224295227 0.9897853788040333 66
1717224297051 0.989186382302623 67
1717224298800 0.9868192619881421 68
1717224300560 0.9889077934924325 69
1717224302333 0.9902401739159044 70
1717224304127 0.9887126026641727 71
1717224305952 0.988962940628981 72
1717224307747 0.9899355264911638 73
1717224309553 0.9900049722700386 74
1717224311359 0.99070560977548 75
1717224313163 0.9905166106518406 76
1717224314881 0.9902528019507568 77
1717224316710 0.9912712582733065 78
1717224318492 0.9915665792161281 79
1717224320269 0.9917996745119482 80
1717224322056 0.9909980547646337 81
1717224323933 0.9911115868714535 82
1717224325680 0.9920678177555838 83
1717224327395 0.991697737575522 84
1717224329101 0.9918593998737754 85
1717224330888 0.9916935213453762 86
1717224332674 0.9922854197459122 87
1717224334502 0.9915775878827017 88
1717224336225 0.9918159117777392 89
1717224338001 0.9928080914511387 90
1717224339816 0.9912537390550048 91
1717224341530 0.9920983816693855 92
1717224343288 0.9929202939275956 93
1717224344982 0.9927372491296528 94
1717224346737 0.9933817200051219 95
1717224348546 0.9932039595097938 96
1717224350275 0.993813178220907 97
1717224352086 0.9936847976445485 98
1717224353864 0.993760391124162 99
