1717224180491 0.74672037041247 1
1717224182358 0.767190405450241 2
1717224184123 0.7867120791963234 3
1717224185868 0.8049531519090133 4
1717224187668 0.8154377677149125 5
1717224189440 0.8216847520904362 6
1717224191208 0.8241958012972038 7
1717224192964 0.8276232874096314 8
1717224194708 0.8318432593140106 9
1717224196425 0.8353272664743155 10
1717224198157 0.8402949182013054 11
1717224199900 0.8445253407263341 12
1717224201741 0.8453783852845815 13
1717224203582 0.8528112691792866 14
1717224205364 0.8573834839810951 15
1717224207148 0.8647219800071428 16
1717224208919 0.8697438290095307 17
1717224210688 0.8767291078266439 18
1717224212468 0.886503133013664 19
1717224214215 0.8933675571979615 20
1717224215981 0.8995785046194797 21
1717224217779 0.9063335714138274 22
1717224219485 0.9114189896361301 23
1717224221222 0.9174812772688863 24
1717224222963 0.9219904397874809 25
1717224224713 0.9260657188498247 26
1717224226466 0.929344732581101 27
1717224228249 0.932484156886102 28
1717224229966 0.9352313725359689 29
1717224231749 0.9380790612748265 30
1717224233469 0.9406831312945566 31
1717224235223 0.9425828946043545 32
1717224236997 0.9443904621856937 33
1717224238710 0.9463125149511588 34
1717224240454 0.9472881393588966 35
1717224242250 0.9476126361808944 36
1717224243998 0.9496660241450207 37
1717224245751 0.9507145685534591 38
1717224247584 0.9518079139100443 39
1717224249441 0.9531710865729205 40
1717224251221 0.9531573018069519 41
1717224253011 0.9533774044578764 42
1717224254847 0.9555223199083158 43
1717224256616 0.9553386176130555 44
1717224258399 0.9562566510980577 45
1717224260114 0.9564672242793361 46
1717224261941 0.9570789061413367 47
1717224263698 0.9572762559967355 48
1717224265431 0.9576615421888587 49
1717224267203 0.9573138444459743 50
1717224268988 0.9584645254881221 51
1717224270758 0.9586389411345717 52
1717224272574 0.9585044015590675 53
1717224274302 0.9592385731461232 54
1717224276010 0.9595034023124421 55
1717224277710 0.9601351151010667 56
1717224279426 0.9594663718447123 57
1717224281191 0.9604478618870278 58
1717224283004 0.9607821393223258 59
1717224284833 0.9612911498198745 60
1717224286572 0.9611835454406499 61
1717224288309 0.9614294419895242 62
1717224290042 0.9614030997895398 63
1717224291772 0.9613429569083902 64
1717224293502 0.9616788953825101 65
1717224295227 0.9620889921331379 66
1717224297051 0.9623483381230005 67
1717224298800 0.9618918078047195 68
1717224300560 0.9626651808726121 69
1717224302333 0.9628506302659996 70
1717224304127 0.9623138820147918 71
1717224305952 0.9632816134006664 72
1717224307747 0.9638052965099515 73
1717224309553 0.9633766216596089 74
1717224311359 0.9636885207765273 75
1717224313163 0.9636809005715616 76
1717224314881 0.9640618718223101 77
1717224316710 0.964193056095939 78
1717224318492 0.9643443316413554 79
1717224320269 0.9645726657951019 80
1717224322056 0.9643962842910201 81
1717224323933 0.9647732813558182 82
1717224325680 0.9650595911973742 83
1717224327395 0.9649489257195295 84
1717224329101 0.9652348379058043 85
1717224330888 0.9655571489031263 86
1717224332674 0.9654809978895112 87
1717224334502 0.9657060980691046 88
1717224336225 0.9657208891122013 89
1717224338001 0.9659547841509437 90
1717224339816 0.9657563808149547 91
1717224341530 0.9662308620257791 92
1717224343288 0.9663542048124306 93
1717224344982 0.9663013964637809 94
1717224346737 0.966508088187541 95
1717224348546 0.9666221308534144 96
1717224350275 0.9667171168771768 97
1717224352086 0.9667332148906064 98
1717224353864 0.9669594705046292 99
