1717452942309 0.3147756131337902 1
1717452955086 0.12334571649428848 2
1717452967847 0.19078212028185518 3
1717452980712 0.26971178978385235 4
1717452993609 0.3227329310150486 5
1717453006755 0.3748542006691138 6
1717453019882 0.40016140380944304 7
1717453033064 0.4016104741832037 8
1717453046139 0.4140796450017397 9
1717453059230 0.4260698374605492 10
1717453072371 0.44431912154683545 11
1717453085477 0.4646747026258642 12
1717453098564 0.4761708423992609 13
1717453111934 0.49781811507595297 14
1717453125007 0.5133138456600457 15
1717453138077 0.5315314030868417 16
1717453151202 0.5479462539474313 17
1717453164365 0.5643342026048881 18
1717453177495 0.5820873207917996 19
1717453190700 0.59796318262359 20
1717453203893 0.6101561258954947 21
1717453216847 0.6236601944629073 22
1717453229691 0.6331005701036221 23
1717453242559 0.6370597120969684 24
1717453255472 0.6419173088654139 25
1717453268380 0.6526061809155705 26
1717453281391 0.6569758161090872 27
1717453294388 0.6474961440809458 28
1717453307412 0.6636399858957146 29
1717453320641 0.6746351298268745 30
1717453333833 0.6855575970641227 31
1717453347033 0.694308936447774 32
1717453360227 0.6940560437707448 33
1717453373398 0.6978185397385164 34
1717453386606 0.7072607848885215 35
1717453399568 0.7108373678847062 36
1717453412457 0.7113434074682038 37
1717453425361 0.7081998192686325 38
1717453438405 0.719419199121188 39
1717453451503 0.7247125485193946 40
1717453464383 0.7283312374284953 41
1717453477211 0.7318181909698455 42
1717453490092 0.7360848382053096 43
1717453502986 0.7360544630784401 44
1717453516120 0.7409822448519439 45
1717453529169 0.7427919978752993 46
1717453542241 0.7464992428350795 47
1717453555365 0.750184457441657 48
1717453568491 0.7538036844853948 49
1717453581574 0.7551998450578049 50
1717453594668 0.7589919407776268 51
1717453607731 0.7621462187828835 52
1717453620850 0.7532827368404796 53
1717453633975 0.7532691883346769 54
1717453647129 0.7609161930950712 55
1717453660554 0.7641978127662299 56
1717453673385 0.7660607544766844 57
1717453686263 0.7656008809470504 58
1717453699341 0.7462306808203266 59
1717453712453 0.768214749042274 60
1717453725647 0.7744576855147016 61
1717453738824 0.7755124199148711 62
1717453751699 0.7785180216005552 63
1717453764753 0.780906605904128 64
1717453778055 0.7824850200610864 65
1717453791583 0.7818875429589947 66
1717453805146 0.7843222790274559 67
1717453819035 0.7877903929382258 68
1717453832922 0.7877443725039709 69
1717453846773 0.7903109578151492 70
1717453860669 0.7917126417031093 71
1717453874662 0.7936069301137427 72
1717453888601 0.7950480495098865 73
1717453902648 0.7965281495401288 74
1717453916659 0.7974849980042422 75
1717453930651 0.7980783692742437 76
1717453944642 0.8001918986244966 77
1717453958633 0.8014956461056466 78
1717453972655 0.8017848386025407 79
1717453986631 0.8022284563179641 80
1717454000764 0.8022086642604049 81
1717454014856 0.8043908048504507 82
1717454029018 0.8040636937495711 83
1717454043163 0.8046422670322493 84
1717454057418 0.8048936413759361 85
1717454071505 0.807432675004645 86
1717454085676 0.8083677933682127 87
1717454099795 0.8111630992222776 88
1717454114082 0.8128341012326125 89
1717454128289 0.8130863513186793 90
1717454142480 0.8156442813160374 91
1717454156669 0.8136138889829371 92
1717454170827 0.8156528648089226 93
1717454184999 0.8165030453165248 94
1717454199205 0.8178346665334478 95
1717454213339 0.8183651001885475 96
1717454227545 0.8202216339770658 97
1717454241740 0.8215080437335454 98
1717454255966 0.820903495659955 99
