1717452942309 0.24004605412483215 1
1717452955086 0.18862788379192352 2
1717452967847 0.2755453288555145 3
1717452980712 0.35989081859588623 4
1717452993609 0.4118230640888214 5
1717453006755 0.457807332277298 6
1717453019882 0.4795696437358856 7
1717453033064 0.48172837495803833 8
1717453046139 0.4928703308105469 9
1717453059230 0.5050522685050964 10
1717453072371 0.5234689116477966 11
1717453085477 0.5415605306625366 12
1717453098564 0.5514861345291138 13
1717453111934 0.5679298043251038 14
1717453125007 0.5811052918434143 15
1717453138077 0.5959839224815369 16
1717453151202 0.6088405847549438 17
1717453164365 0.6206763982772827 18
1717453177495 0.6341873407363892 19
1717453190700 0.64798903465271 20
1717453203893 0.6577361226081848 21
1717453216847 0.6704761385917664 22
1717453229691 0.6792140007019043 23
1717453242559 0.6794037222862244 24
1717453255472 0.685238778591156 25
1717453268380 0.6938269138336182 26
1717453281391 0.6978341341018677 27
1717453294388 0.6883949637413025 28
1717453307412 0.7046428322792053 29
1717453320641 0.7142742872238159 30
1717453333833 0.722213864326477 31
1717453347033 0.7295684814453125 32
1717453360227 0.7283746600151062 33
1717453373398 0.7316220998764038 34
1717453386606 0.7383521795272827 35
1717453399568 0.7410832047462463 36
1717453412457 0.7387462258338928 37
1717453425361 0.7368072271347046 38
1717453438405 0.7468384504318237 39
1717453451503 0.7503364682197571 40
1717453464383 0.7534453272819519 41
1717453477211 0.7567594051361084 42
1717453490092 0.7598758935928345 43
1717453502986 0.7593920230865479 44
1717453516120 0.7639469504356384 45
1717453529169 0.7649794816970825 46
1717453542241 0.7675052285194397 47
1717453555365 0.7684600353240967 48
1717453568491 0.7717750072479248 49
1717453581574 0.7730691432952881 50
1717453594668 0.7756998538970947 51
1717453607731 0.7779433131217957 52
1717453620850 0.7714629173278809 53
1717453633975 0.7707310914993286 54
1717453647129 0.7771400809288025 55
1717453660554 0.7797337770462036 56
1717453673385 0.780584454536438 57
1717453686263 0.779911458492279 58
1717453699341 0.7655739784240723 59
1717453712453 0.7826531529426575 60
1717453725647 0.7872950434684753 61
1717453738824 0.7883309125900269 62
1717453751699 0.7905731201171875 63
1717453764753 0.7924231290817261 64
1717453778055 0.7937890291213989 65
1717453791583 0.7925844788551331 66
1717453805146 0.7946158051490784 67
1717453819035 0.7973502278327942 68
1717453832922 0.796901285648346 69
1717453846773 0.7991015315055847 70
1717453860669 0.7999133467674255 71
1717453874662 0.8012682795524597 72
1717453888601 0.8027827739715576 73
1717453902648 0.8038378357887268 74
1717453916659 0.8041791319847107 75
1717453930651 0.8045758605003357 76
1717453944642 0.8063225150108337 77
1717453958633 0.8066204786300659 78
1717453972655 0.8067188262939453 79
1717453986631 0.8073228001594543 80
1717454000764 0.8071681261062622 81
1717454014856 0.8084035515785217 82
1717454029018 0.8084263205528259 83
1717454043163 0.8089757561683655 84
1717454057418 0.8080427646636963 85
1717454071505 0.8104063272476196 86
1717454085676 0.8107616305351257 87
1717454099795 0.8133745193481445 88
1717454114082 0.8141411542892456 89
1717454128289 0.8144752383232117 90
1717454142480 0.8159780502319336 91
1717454156669 0.8146940469741821 92
1717454170827 0.8157044053077698 93
1717454184999 0.8158345222473145 94
1717454199205 0.8173549771308899 95
1717454213339 0.8183886408805847 96
1717454227545 0.8196344971656799 97
1717454241740 0.8205773830413818 98
1717454255966 0.8200741410255432 99
