1717231051885 329906.0 1
1717231054695 329906.0 2
1717231057650 329906.0 3
1717231061479 329906.0 4
1717231064737 329906.0 5
1717231067987 329906.0 6
1717231070934 329906.0 7
1717231073848 329906.0 8
1717231076719 329906.0 9
1717231079653 329906.0 10
1717231082594 329906.0 11
1717231085480 329906.0 12
1717231088655 329906.0 13
1717231091894 329906.0 14
1717231094840 329906.0 15
1717231097720 329906.0 16
1717231100635 329906.0 17
1717231103501 329906.0 18
1717231106378 329906.0 19
1717231109242 329906.0 20
1717231112177 329906.0 21
1717231115240 329906.0 22
1717231118368 329906.0 23
1717231121456 329906.0 24
1717231124372 329906.0 25
1717231127285 329906.0 26
1717231130218 329906.0 27
1717231133107 329906.0 28
1717231135976 329906.0 29
1717231138933 329906.0 30
1717231141822 329906.0 31
1717231144761 329906.0 32
1717231147657 329906.0 33
1717231150557 329906.0 34
1717231153493 329906.0 35
1717231156357 329906.0 36
1717231159267 329906.0 37
1717231162246 329906.0 38
1717231165157 329906.0 39
1717231168033 329906.0 40
1717231171018 329906.0 41
1717231173918 329906.0 42
1717231176925 329906.0 43
1717231179990 329906.0 44
1717231182907 329906.0 45
1717231185821 329906.0 46
1717231188687 329906.0 47
1717231191559 329906.0 48
1717231194439 329906.0 49
1717231197405 329906.0 50
1717231200323 329906.0 51
1717231203262 329906.0 52
1717231206204 329906.0 53
1717231209098 329906.0 54
1717231212043 329906.0 55
1717231214914 329906.0 56
1717231217819 329906.0 57
1717231220758 329906.0 58
1717231223693 329906.0 59
1717231226576 329906.0 60
1717231229516 329906.0 61
1717231232447 329906.0 62
1717231235402 329906.0 63
1717231238358 329906.0 64
1717231241278 329906.0 65
1717231244150 329906.0 66
1717231247012 329906.0 67
1717231249810 329906.0 68
1717231252654 329906.0 69
1717231255583 329906.0 70
1717231258621 329906.0 71
1717231261515 329906.0 72
1717231264404 329906.0 73
1717231267306 329906.0 74
1717231270518 329906.0 75
1717231273695 329906.0 76
1717231276847 329906.0 77
1717231279782 329906.0 78
1717231282705 329906.0 79
1717231285641 329906.0 80
1717231288501 329906.0 81
1717231291469 329906.0 82
1717231294410 329906.0 83
1717231297309 329906.0 84
1717231300324 329906.0 85
1717231303226 329906.0 86
1717231306166 329906.0 87
1717231309088 329906.0 88
1717231311980 329906.0 89
1717231314867 329906.0 90
1717231317881 329906.0 91
1717231320747 329906.0 92
1717231323717 329906.0 93
1717231326604 329906.0 94
1717231329496 329906.0 95
1717231332326 329906.0 96
1717231335208 329906.0 97
1717231338112 329906.0 98
1717231340982 329906.0 99
