1717231051885 238755.0 1
1717231054695 261746.0 2
1717231057650 230607.0 3
1717231061479 230542.0 4
1717231064737 230542.0 5
1717231067987 230542.0 6
1717231070934 230542.0 7
1717231073848 230542.0 8
1717231076719 230542.0 9
1717231079653 230542.0 10
1717231082594 230542.0 11
1717231085480 230542.0 12
1717231088655 230542.0 13
1717231091894 230546.0 14
1717231094840 230548.0 15
1717231097720 230548.0 16
1717231100635 230561.0 17
1717231103501 230570.0 18
1717231106378 230556.0 19
1717231109242 230546.0 20
1717231112177 230542.0 21
1717231115240 231315.0 22
1717231118368 232891.0 23
1717231121456 232454.0 24
1717231124372 232399.0 25
1717231127285 233140.0 26
1717231130218 234847.0 27
1717231133107 238298.0 28
1717231135976 244718.0 29
1717231138933 245914.0 30
1717231141822 246814.0 31
1717231144761 246790.0 32
1717231147657 246065.0 33
1717231150557 239523.0 34
1717231153493 240244.0 35
1717231156357 249282.0 36
1717231159267 241432.0 37
1717231162246 246588.0 38
1717231165157 246549.0 39
1717231168033 244437.0 40
1717231171018 246196.0 41
1717231173918 246009.0 42
1717231176925 245806.0 43
1717231179990 245478.0 44
1717231182907 246647.0 45
1717231185821 246987.0 46
1717231188687 247990.0 47
1717231191559 247714.0 48
1717231194439 248275.0 49
1717231197405 248347.0 50
1717231200323 248889.0 51
1717231203262 249002.0 52
1717231206204 249212.0 53
1717231209098 249555.0 54
1717231212043 249520.0 55
1717231214914 249437.0 56
1717231217819 249543.0 57
1717231220758 249456.0 58
1717231223693 250241.0 59
1717231226576 249635.0 60
1717231229516 250856.0 61
1717231232447 250422.0 62
1717231235402 250039.0 63
1717231238358 250050.0 64
1717231241278 250370.0 65
1717231244150 250625.0 66
1717231247012 251310.0 67
1717231249810 251183.0 68
1717231252654 147692.0 69
1717231255583 53571.0 70
1717231258621 235493.0 71
1717231261515 253852.0 72
1717231264404 248594.0 73
1717231267306 246806.0 74
1717231270518 247826.0 75
1717231273695 247238.0 76
1717231276847 247565.0 77
1717231279782 247459.0 78
1717231282705 249181.0 79
1717231285641 254565.0 80
1717231288501 257686.0 81
1717231291469 259396.0 82
1717231294410 260151.0 83
1717231297309 261235.0 84
1717231300324 261267.0 85
1717231303226 261520.0 86
1717231306166 261774.0 87
1717231309088 262034.0 88
1717231311980 262349.0 89
1717231314867 262485.0 90
1717231317881 262731.0 91
1717231320747 262791.0 92
1717231323717 263094.0 93
1717231326604 263356.0 94
1717231329496 263429.0 95
1717231332326 263567.0 96
1717231335208 263709.0 97
1717231338112 263966.0 98
1717231340982 264402.0 99
