1717572547383 0.38461538461538464 1
1717572556997 0.9230769230769231 2
1717572566012 0.8461538461538461 3
1717572574817 0.8461538461538461 4
1717572583903 0.8461538461538461 5
1717572592496 0.8461538461538461 6
1717572601078 0.8461538461538461 7
1717572609811 0.8076923076923077 8
1717572618957 0.8076923076923077 9
1717572628040 0.8076923076923077 10
1717572636771 0.8076923076923077 11
1717572645401 0.8461538461538461 12
1717572654074 0.8461538461538461 13
1717572662563 0.8461538461538461 14
1717572671217 0.8461538461538461 15
1717572679737 0.8461538461538461 16
1717572688800 0.8461538461538461 17
1717572697243 0.8461538461538461 18
1717572706033 0.8461538461538461 19
1717572713786 0.8461538461538461 20
1717572721582 0.8461538461538461 21
1717572729224 0.8461538461538461 22
1717572737041 0.8461538461538461 23
1717572744558 0.8461538461538461 24
1717572752344 0.8461538461538461 25
1717572759714 0.8461538461538461 26
1717572767425 0.8461538461538461 27
1717572775162 0.8461538461538461 28
1717572782605 0.8461538461538461 29
1717572789961 0.8461538461538461 30
1717572797653 0.8461538461538461 31
1717572805304 0.8461538461538461 32
1717572812878 0.8461538461538461 33
1717572820330 0.8461538461538461 34
1717572827660 0.8461538461538461 35
1717572835211 0.8461538461538461 36
1717572842677 0.8461538461538461 37
1717572850086 0.8461538461538461 38
1717572857549 0.8461538461538461 39
1717572864924 0.8461538461538461 40
1717572872693 0.8461538461538461 41
1717572880441 0.8461538461538461 42
1717572888671 0.8461538461538461 43
1717572896398 0.8461538461538461 44
1717572903873 0.8461538461538461 45
1717572911194 0.8461538461538461 46
1717572918661 0.8461538461538461 47
1717572926056 0.8461538461538461 48
1717572933386 0.8461538461538461 49
1717572940799 0.8461538461538461 50
1717572948007 0.8461538461538461 51
1717572955512 0.8461538461538461 52
1717572963096 0.8461538461538461 53
1717572970844 0.8461538461538461 54
1717572978486 0.8461538461538461 55
1717572986260 0.8461538461538461 56
1717572993721 0.8461538461538461 57
1717573001360 0.8461538461538461 58
1717573009986 0.8461538461538461 59
1717573019223 0.8461538461538461 60
1717573027594 0.8461538461538461 61
1717573035954 0.8461538461538461 62
1717573044293 0.8461538461538461 63
1717573052748 0.8461538461538461 64
1717573061457 0.8461538461538461 65
1717573069671 0.8461538461538461 66
1717573078447 0.8461538461538461 67
1717573087217 0.8461538461538461 68
1717573095670 0.8461538461538461 69
1717573104013 0.8461538461538461 70
1717573112528 0.8461538461538461 71
1717573121057 0.8461538461538461 72
1717573129571 0.8461538461538461 73
1717573139282 0.8461538461538461 74
1717573147844 0.8461538461538461 75
1717573156510 0.8461538461538461 76
1717573164974 0.8461538461538461 77
1717573173707 0.8461538461538461 78
1717573182164 0.8461538461538461 79
1717573190905 0.8461538461538461 80
1717573199649 0.8461538461538461 81
1717573208230 0.8461538461538461 82
1717573217478 0.8461538461538461 83
1717573228058 0.8461538461538461 84
1717573236367 0.8461538461538461 85
1717573244617 0.8461538461538461 86
1717573252923 0.8461538461538461 87
1717573261000 0.8461538461538461 88
1717573268987 0.8461538461538461 89
1717573276827 0.8461538461538461 90
1717573284749 0.8461538461538461 91
1717573292490 0.8461538461538461 92
1717573300333 0.8461538461538461 93
1717573307913 0.8461538461538461 94
1717573316008 0.8461538461538461 95
1717573324059 0.8461538461538461 96
1717573332392 0.8461538461538461 97
1717573340421 0.8461538461538461 98
1717573348580 0.8461538461538461 99
