1717572547383 1.3888485431671143 1
1717572556997 1.3887393474578857 2
1717572566012 1.3887003660202026 3
1717572574817 1.388684630393982 4
1717572583903 1.3886765241622925 5
1717572592496 1.388671875 6
1717572601078 1.3886687755584717 7
1717572609811 1.3886667490005493 8
1717572618957 1.3886654376983643 9
1717572628040 1.3886642456054688 10
1717572636771 1.388663649559021 11
1717572645401 1.3886630535125732 12
1717572654074 1.388662576675415 13
1717572662563 1.3886622190475464 14
1717572671217 1.3886622190475464 15
1717572679737 1.3886620998382568 16
1717572688800 1.3886618614196777 17
1717572697243 1.3886618614196777 18
1717572706033 1.3886616230010986 19
1717572713786 1.3886616230010986 20
1717572721582 1.3886616230010986 21
1717572729224 1.3886616230010986 22
1717572737041 1.3886616230010986 23
1717572744558 1.388661503791809 24
1717572752344 1.3886616230010986 25
1717572759714 1.388661503791809 26
1717572767425 1.388661503791809 27
1717572775162 1.388661503791809 28
1717572782605 1.388661503791809 29
1717572789961 1.388661503791809 30
1717572797653 1.388661503791809 31
1717572805304 1.388661503791809 32
1717572812878 1.388661503791809 33
1717572820330 1.388661503791809 34
1717572827660 1.388661503791809 35
1717572835211 1.388661503791809 36
1717572842677 1.388661503791809 37
1717572850086 1.388661503791809 38
1717572857549 1.388661503791809 39
1717572864924 1.388661503791809 40
1717572872693 1.388661503791809 41
1717572880441 1.388661503791809 42
1717572888671 1.388661503791809 43
1717572896398 1.388661503791809 44
1717572903873 1.388661503791809 45
1717572911194 1.388661503791809 46
1717572918661 1.388661503791809 47
1717572926056 1.388661503791809 48
1717572933386 1.388661503791809 49
1717572940799 1.388661503791809 50
1717572948007 1.388661503791809 51
1717572955512 1.388661503791809 52
1717572963096 1.388661503791809 53
1717572970844 1.388661503791809 54
1717572978486 1.388661503791809 55
1717572986260 1.388661503791809 56
1717572993721 1.388661503791809 57
1717573001360 1.388661503791809 58
1717573009986 1.388661503791809 59
1717573019223 1.388661503791809 60
1717573027594 1.388661503791809 61
1717573035954 1.388661503791809 62
1717573044293 1.388661503791809 63
1717573052748 1.388661503791809 64
1717573061457 1.388661503791809 65
1717573069671 1.388661503791809 66
1717573078447 1.388661503791809 67
1717573087217 1.388661503791809 68
1717573095670 1.388661503791809 69
1717573104013 1.388661503791809 70
1717573112528 1.388661503791809 71
1717573121057 1.388661503791809 72
1717573129571 1.388661503791809 73
1717573139282 1.388661503791809 74
1717573147844 1.388661503791809 75
1717573156510 1.388661503791809 76
1717573164974 1.388661503791809 77
1717573173707 1.388661503791809 78
1717573182164 1.388661503791809 79
1717573190905 1.388661503791809 80
1717573199649 1.388661503791809 81
1717573208230 1.388661503791809 82
1717573217478 1.388661503791809 83
1717573228058 1.388661503791809 84
1717573236367 1.388661503791809 85
1717573244617 1.388661503791809 86
1717573252923 1.388661503791809 87
1717573261000 1.388661503791809 88
1717573268987 1.388661503791809 89
1717573276827 1.388661503791809 90
1717573284749 1.388661503791809 91
1717573292490 1.388661503791809 92
1717573300333 1.388661503791809 93
1717573307913 1.388661503791809 94
1717573316008 1.388661503791809 95
1717573324059 1.388661503791809 96
1717573332392 1.388661503791809 97
1717573340421 1.388661503791809 98
1717573348580 1.388661503791809 99
