1717331258613 111191.0 1
1717331259930 98433.0 2
1717331261218 103417.0 3
1717331262579 104786.0 4
1717331263903 108726.0 5
1717331265245 112091.0 6
1717331266576 112800.0 7
1717331267876 112680.0 8
1717331269201 112707.0 9
1717331270496 111856.0 10
1717331271860 110979.0 11
1717331273162 110092.0 12
1717331274479 109319.0 13
1717331275786 108454.0 14
1717331277145 107373.0 15
1717331278490 106293.0 16
1717331279830 105439.0 17
1717331281143 104704.0 18
1717331282484 103952.0 19
1717331283847 103190.0 20
1717331285151 102479.0 21
1717331286589 101666.0 22
1717331288272 100921.0 23
1717331289748 100268.0 24
1717331291067 99486.0 25
1717331292378 98846.0 26
1717331293725 98204.0 27
1717331295036 97497.0 28
1717331296371 96820.0 29
1717331297716 96142.0 30
1717331299079 95505.0 31
1717331300399 94940.0 32
1717331301745 94300.0 33
1717331302999 93710.0 34
1717331304638 93105.0 35
1717331306021 92648.0 36
1717331307353 92224.0 37
1717331308704 91827.0 38
1717331310013 91499.0 39
1717331311330 91174.0 40
1717331312667 90837.0 41
1717331313972 90565.0 42
1717331315252 90296.0 43
1717331316557 90137.0 44
1717331317865 89977.0 45
1717331319141 89830.0 46
1717331320443 89672.0 47
1717331321779 89518.0 48
1717331323063 89426.0 49
1717331324357 89353.0 50
1717331325682 89290.0 51
1717331326979 89205.0 52
1717331328319 89106.0 53
1717331329623 89062.0 54
1717331330947 89021.0 55
1717331332458 88973.0 56
1717331333781 88950.0 57
1717331335736 88904.0 58
1717331337316 88856.0 59
1717331338679 88832.0 60
1717331340010 88787.0 61
1717331341353 88757.0 62
1717331342680 88720.0 63
1717331343995 88709.0 64
1717331345340 88690.0 65
1717331346690 88672.0 66
1717331348550 88668.0 67
1717331349950 88670.0 68
1717331351264 88665.0 69
1717331352575 88653.0 70
1717331353887 88634.0 71
1717331355187 88618.0 72
1717331356503 88608.0 73
1717331357826 88609.0 74
1717331359126 88606.0 75
1717331360440 88594.0 76
1717331361762 88592.0 77
1717331363095 88587.0 78
1717331364428 88582.0 79
1717331365792 88577.0 80
1717331367125 88567.0 81
1717331368445 88561.0 82
1717331369768 88553.0 83
1717331371091 88539.0 84
1717331372415 88530.0 85
1717331373768 88508.0 86
1717331375055 88503.0 87
1717331376404 88489.0 88
1717331377779 88481.0 89
1717331379067 88473.0 90
1717331380524 88455.0 91
1717331382318 88443.0 92
1717331383866 88441.0 93
1717331385167 88428.0 94
1717331386504 88412.0 95
1717331387886 88383.0 96
1717331389221 88366.0 97
1717331390556 88354.0 98
1717331391907 88338.0 99
