1717331258613 0.21695335715981368 1
1717331259930 0.24316476417350516 2
1717331261218 0.2593372008925183 3
1717331262579 0.2774646974574785 4
1717331263903 0.28768162380402645 5
1717331265245 0.29155042444197193 6
1717331266576 0.2951639270134983 7
1717331267876 0.30056554933641805 8
1717331269201 0.30543232154445776 9
1717331270496 0.3107609502656632 10
1717331271860 0.3153364335413175 11
1717331273162 0.319916541562215 12
1717331274479 0.3234367100609612 13
1717331275786 0.32679111117564946 14
1717331277145 0.33028627302769903 15
1717331278490 0.3339591051770801 16
1717331279830 0.3366941031684914 17
1717331281143 0.3391915284016568 18
1717331282484 0.34177148710836786 19
1717331283847 0.34403081490976123 20
1717331285151 0.3466975823941633 21
1717331286589 0.3494662204415109 22
1717331288272 0.3522280094654422 23
1717331289748 0.3545611645474488 24
1717331291067 0.35735376572308364 25
1717331292378 0.35957511246808604 26
1717331293725 0.3622001087758167 27
1717331295036 0.3648280471382601 28
1717331296371 0.3676873237179107 29
1717331297716 0.370383161611611 30
1717331299079 0.37257338949660684 31
1717331300399 0.3748047402253392 32
1717331301745 0.3771449000111152 33
1717331302999 0.3792869357368414 34
1717331304638 0.38135919193415324 35
1717331306021 0.3835900216917337 36
1717331307353 0.3853838315352235 37
1717331308704 0.3870748045883557 38
1717331310013 0.3888367594798522 39
1717331311330 0.39049735648312817 40
1717331312667 0.3919033780694862 41
1717331313972 0.39297838344142777 42
1717331315252 0.39406399197556186 43
1717331316557 0.39490176695903617 44
1717331317865 0.3959812580518628 45
1717331319141 0.3966735805427602 46
1717331320443 0.39734785184197097 47
1717331321779 0.3983147740876145 48
1717331323063 0.39887299665107884 49
1717331324357 0.3993557819023104 50
1717331325682 0.3997342678114818 51
1717331326979 0.40016016147495775 52
1717331328319 0.4006177014823022 53
1717331329623 0.4008873713729222 54
1717331330947 0.401071130481393 55
1717331332458 0.4013327710260734 56
1717331333781 0.4014321929286224 57
1717331335736 0.4016031512847514 58
1717331337316 0.4018023944001735 59
1717331338679 0.40189517833528166 60
1717331340010 0.4021105569349582 61
1717331341353 0.4022584724232288 62
1717331342680 0.40240666889892596 63
1717331343995 0.4024992388407636 64
1717331345340 0.4026631101622449 65
1717331346690 0.40270693967874577 66
1717331348550 0.4027961983747608 67
1717331349950 0.4028849642607471 68
1717331351264 0.40292351008722427 69
1717331352575 0.4030200036057315 70
1717331353887 0.4031285432238919 71
1717331355187 0.40321158145042607 72
1717331356503 0.4031976434194581 73
1717331357826 0.4031927204330943 74
1717331359126 0.40322063518114964 75
1717331360440 0.4032825366395575 76
1717331361762 0.4032906474862523 77
1717331363095 0.4033662033346543 78
1717331364428 0.4034243760514867 79
1717331365792 0.4034594979236714 80
1717331367125 0.40349994164306857 81
1717331368445 0.4035030664568381 82
1717331369768 0.4034982139869642 83
1717331371091 0.40351546227589297 84
1717331372415 0.4035506150794005 85
1717331373768 0.4036587238117614 86
1717331375055 0.4037137477228796 87
1717331376404 0.4037626605935232 88
1717331377779 0.4037917527811631 89
1717331379067 0.4038016250072587 90
1717331380524 0.4038664522780402 91
1717331382318 0.4039108238059593 92
1717331383866 0.4039885539484536 93
1717331385167 0.4041124665716755 94
1717331386504 0.4041678996728747 95
1717331387886 0.4042734752502609 96
1717331389221 0.40433379652198054 97
1717331390556 0.4044011130121934 98
1717331391907 0.40448063325796535 99
