1717712669350 0.9819227308636619 1
1717712678177 0.9841219560806415 2
1717712687456 0.9842456347093717 3
1717712696264 0.9842598071761719 4
1717712704859 0.9843807879465746 5
1717712713885 0.9847654088302127 6
1717712722391 0.98507850435105 7
1717712730601 0.9853739136993317 8
1717712739351 0.9856444009887583 9
1717712747761 0.9859302503594467 10
1717712756643 0.9861618814468838 11
1717712764636 0.9864225797948291 12
1717712773060 0.9867104974609796 13
1717712781693 0.986944987784781 14
1717712790582 0.987184837904663 15
1717712799781 0.9873608092074633 16
