1717712669350 0.7615774409274036 1
1717712678177 0.8110794535127624 2
1717712687456 0.8324058378216753 3
1717712696264 0.8477086102199434 4
1717712704859 0.8586392497041347 5
1717712713885 0.8666162454165621 6
1717712722391 0.8722925171998417 7
1717712730601 0.8761291546811056 8
1717712739351 0.8790701737690672 9
1717712747761 0.8814518896374992 10
1717712756643 0.8836490007710659 11
1717712764636 0.8855633179514117 12
1717712773060 0.8873024719590603 13
1717712781693 0.8888699770199933 14
1717712790582 0.890295986709059 15
1717712799781 0.8915782677359585 16
