1716911423726 331273.0 1
1716911426106 331273.0 2
1716911428434 331273.0 3
1716911430855 331273.0 4
1716911433318 331273.0 5
1716911435768 331273.0 6
1716911438218 331273.0 7
1716911440668 331273.0 8
1716911443107 331273.0 9
1716911445585 331273.0 10
1716911448040 331273.0 11
1716911450527 331273.0 12
1716911453027 331273.0 13
1716911455473 331273.0 14
1716911458008 331273.0 15
1716911460458 331273.0 16
1716911462962 331273.0 17
1716911465436 331273.0 18
1716911467939 331273.0 19
1716911470749 331273.0 20
1716911473294 331273.0 21
1716911475757 331273.0 22
1716911478233 331273.0 23
1716911480708 331273.0 24
1716911483256 331273.0 25
1716911485785 331273.0 26
1716911488395 331273.0 27
1716911490906 331273.0 28
1716911493422 331273.0 29
1716911495933 331273.0 30
1716911498443 331273.0 31
1716911500966 331273.0 32
1716911503483 331273.0 33
1716911505960 331273.0 34
1716911508416 331273.0 35
1716911511190 331273.0 36
1716911513830 331273.0 37
1716911516304 331273.0 38
1716911518824 331273.0 39
1716911521400 331273.0 40
1716911523941 331273.0 41
1716911526416 331273.0 42
1716911528919 331273.0 43
1716911531446 331273.0 44
1716911533977 331273.0 45
1716911536496 331273.0 46
1716911539037 331273.0 47
1716911541517 331273.0 48
1716911544014 331273.0 49
1716911546534 331273.0 50
1716911549079 331273.0 51
1716911551616 331273.0 52
1716911554169 331273.0 53
1716911556704 331273.0 54
1716911559225 331273.0 55
1716911561716 331273.0 56
1716911564195 331273.0 57
1716911566711 331273.0 58
1716911569230 331273.0 59
1716911571781 331273.0 60
1716911574273 331273.0 61
1716911576793 331273.0 62
1716911579333 331273.0 63
1716911581881 331273.0 64
1716911584412 331273.0 65
1716911586992 331273.0 66
1716911589543 331273.0 67
1716911592112 331273.0 68
1716911594622 331273.0 69
1716911597095 331273.0 70
1716911599865 331273.0 71
1716911602528 331273.0 72
1716911605143 331273.0 73
1716911607698 331273.0 74
1716911610260 331273.0 75
1716911612973 331273.0 76
1716911615527 331273.0 77
1716911618029 331273.0 78
1716911620608 331273.0 79
1716911623189 331273.0 80
1716911625743 331273.0 81
1716911628304 331273.0 82
1716911630861 331273.0 83
1716911633453 331273.0 84
1716911635992 331273.0 85
1716911638589 331273.0 86
1716911641144 331273.0 87
1716911643695 331273.0 88
1716911646224 331273.0 89
1716911648786 331273.0 90
1716911651371 331273.0 91
1716911653967 331273.0 92
1716911656559 331273.0 93
1716911659143 331273.0 94
1716911661694 331273.0 95
1716911664277 331273.0 96
1716911666868 331273.0 97
1716911669461 331273.0 98
1716911672010 331273.0 99
