1716911423726 0.8202759778441683 1
1716911426106 0.8003772271257809 2
1716911428434 0.7994400510458052 3
1716911430855 0.7994582418090229 4
1716911433318 0.7995438274899296 5
1716911435768 0.799540199897283 6
1716911438218 0.7997260251277691 7
1716911440668 0.799634978765341 8
1716911443107 0.800120850735013 9
1716911445585 0.8002447248570727 10
1716911448040 0.8001159593192981 11
1716911450527 0.8006790032247838 12
1716911453027 0.8006265276212605 13
1716911455473 0.8008888205695388 14
1716911458008 0.8007454788889017 15
1716911460458 0.8007841243907895 16
1716911462962 0.8006444473546449 17
1716911465436 0.8005483325753456 18
1716911467939 0.8007340024961628 19
1716911470749 0.801312527468445 20
1716911473294 0.8015845992813184 21
1716911475757 0.8018522171230803 22
1716911478233 0.8017720128444178 23
1716911480708 0.8037243661497807 24
1716911483256 0.8020336721559994 25
1716911485785 0.7999345670344515 26
1716911488395 0.8030404683088289 27
1716911490906 0.7999097425715967 28
1716911493422 0.8005699362360713 29
1716911495933 0.8003924958788716 30
1716911498443 0.800101171489126 31
1716911500966 0.7999630018881678 32
1716911503483 0.7995136724472671 33
1716911505960 0.802354646878586 34
1716911508416 0.8014856022560881 35
1716911511190 0.8117435604342116 36
1716911513830 0.8076301105044958 37
1716911516304 0.8221774540944263 38
1716911518824 0.81689686611857 39
1716911521400 0.8231781161474476 40
1716911523941 0.8273836088318269 41
1716911526416 0.8230266587933784 42
1716911528919 0.8276276545750865 43
1716911531446 0.829311068428457 44
1716911533977 0.8273505641119175 45
1716911536496 0.7999133320112559 46
1716911539037 0.799357914371133 47
1716911541517 0.7993214340639728 48
1716911544014 0.7993214340639728 49
1716911546534 0.7993214340639728 50
1716911549079 0.7996002183748305 51
1716911551616 0.7995967278281458 52
1716911554169 0.7993214340639728 53
1716911556704 0.7993214340639728 54
1716911559225 0.7993214340639728 55
1716911561716 0.7993214340639728 56
1716911564195 0.7993214340639728 57
1716911566711 0.7993214340639728 58
1716911569230 0.7993214340639728 59
1716911571781 0.7993214340639728 60
1716911574273 0.7994669971347259 61
1716911576793 0.7993214340639728 62
1716911579333 0.7993214340639728 63
1716911581881 0.7993214340639728 64
1716911584412 0.7993214340639728 65
1716911586992 0.7993214340639728 66
1716911589543 0.7993214340639728 67
1716911592112 0.7993214340639728 68
1716911594622 0.7993214340639728 69
1716911597095 0.7993214340639728 70
1716911599865 0.7993214340639728 71
1716911602528 0.7993214340639728 72
1716911605143 0.7993214340639728 73
1716911607698 0.7993214340639728 74
1716911610260 0.7993214340639728 75
1716911612973 0.7993214340639728 76
1716911615527 0.7993214340639728 77
1716911618029 0.7993214340639728 78
1716911620608 0.7993214340639728 79
1716911623189 0.7993214340639728 80
1716911625743 0.7993214340639728 81
1716911628304 0.7993214340639728 82
1716911630861 0.7993214340639728 83
1716911633453 0.7993214340639728 84
1716911635992 0.7993214340639728 85
1716911638589 0.7993214340639728 86
1716911641144 0.7993214340639728 87
1716911643695 0.7993214340639728 88
1716911646224 0.7993214340639728 89
1716911648786 0.7993214340639728 90
1716911651371 0.7993214340639728 91
1716911653967 0.7993214340639728 92
1716911656559 0.7993214340639728 93
1716911659143 0.7993214340639728 94
1716911661694 0.7993214340639728 95
1716911664277 0.7993214340639728 96
1716911666868 0.7993214340639728 97
1716911669461 0.7993214340639728 98
1716911672010 0.7993214340639728 99
