1717003311809 331273.0 1
1717003314010 331273.0 2
1717003316263 331273.0 3
1717003318473 331273.0 4
1717003320708 331273.0 5
1717003322939 331273.0 6
1717003325166 331273.0 7
1717003327394 331273.0 8
1717003329602 331273.0 9
1717003331959 331273.0 10
1717003334297 331273.0 11
1717003336620 331273.0 12
1717003338905 331273.0 13
1717003341162 331273.0 14
1717003343387 331273.0 15
1717003345647 331273.0 16
1717003347941 331273.0 17
1717003350222 331273.0 18
1717003352503 331273.0 19
1717003354788 331273.0 20
1717003357055 331273.0 21
1717003359336 331273.0 22
1717003361603 331273.0 23
1717003363879 331273.0 24
1717003366143 331273.0 25
1717003368388 331273.0 26
1717003370657 331273.0 27
1717003372871 331273.0 28
1717003375167 331273.0 29
1717003377415 331273.0 30
1717003379703 331273.0 31
1717003381998 331273.0 32
1717003384271 331273.0 33
1717003386572 331273.0 34
1717003388875 331273.0 35
1717003391158 331273.0 36
1717003393424 331273.0 37
1717003395705 331273.0 38
1717003397979 331273.0 39
1717003400278 331273.0 40
1717003402568 331273.0 41
1717003404816 331273.0 42
1717003407047 331273.0 43
1717003409341 331273.0 44
1717003411616 331273.0 45
1717003413927 331273.0 46
1717003416209 331273.0 47
1717003418474 331273.0 48
1717003420732 331273.0 49
1717003423039 331273.0 50
1717003425325 331273.0 51
1717003427590 331273.0 52
1717003429860 331273.0 53
1717003432123 331273.0 54
1717003434395 331273.0 55
1717003436633 331273.0 56
1717003438926 331273.0 57
1717003441244 331273.0 58
1717003443597 331273.0 59
1717003445878 331273.0 60
1717003448171 331273.0 61
1717003450459 331273.0 62
1717003452760 331273.0 63
1717003455074 331273.0 64
1717003457305 331273.0 65
1717003459563 331273.0 66
1717003461851 331273.0 67
1717003464119 331273.0 68
1717003466374 331273.0 69
1717003468640 331273.0 70
1717003470917 331273.0 71
1717003473221 331273.0 72
1717003475666 331273.0 73
1717003478143 331273.0 74
1717003480422 331273.0 75
1717003482683 331273.0 76
1717003484963 331273.0 77
1717003487345 331273.0 78
1717003489633 331273.0 79
1717003491876 331273.0 80
1717003494206 331273.0 81
1717003496463 331273.0 82
1717003498713 331273.0 83
1717003501027 331273.0 84
1717003503349 331273.0 85
1717003505622 331273.0 86
1717003508017 331273.0 87
1717003510313 331273.0 88
1717003512615 331273.0 89
1717003514915 331273.0 90
1717003517213 331273.0 91
1717003519453 331273.0 92
1717003521714 331273.0 93
1717003523992 331273.0 94
1717003526274 331273.0 95
1717003528525 331273.0 96
1717003530823 331273.0 97
1717003533059 331273.0 98
1717003535343 331273.0 99
