1717003311809 21709.0 1
1717003314010 21709.0 2
1717003316263 21709.0 3
1717003318473 21709.0 4
1717003320708 21709.0 5
1717003322939 21709.0 6
1717003325166 21709.0 7
1717003327394 21709.0 8
1717003329602 21709.0 9
1717003331959 21709.0 10
1717003334297 21709.0 11
1717003336620 21709.0 12
1717003338905 21709.0 13
1717003341162 21709.0 14
1717003343387 21709.0 15
1717003345647 21709.0 16
1717003347941 21709.0 17
1717003350222 21709.0 18
1717003352503 21709.0 19
1717003354788 21709.0 20
1717003357055 21709.0 21
1717003359336 21709.0 22
1717003361603 21709.0 23
1717003363879 21709.0 24
1717003366143 21709.0 25
1717003368388 21709.0 26
1717003370657 21709.0 27
1717003372871 21709.0 28
1717003375167 21709.0 29
1717003377415 21709.0 30
1717003379703 21709.0 31
1717003381998 21709.0 32
1717003384271 21709.0 33
1717003386572 21709.0 34
1717003388875 21709.0 35
1717003391158 21709.0 36
1717003393424 21709.0 37
1717003395705 21709.0 38
1717003397979 21709.0 39
1717003400278 21709.0 40
1717003402568 21709.0 41
1717003404816 21709.0 42
1717003407047 21709.0 43
1717003409341 21709.0 44
1717003411616 21709.0 45
1717003413927 21709.0 46
1717003416209 21709.0 47
1717003418474 21709.0 48
1717003420732 21709.0 49
1717003423039 21709.0 50
1717003425325 21709.0 51
1717003427590 21709.0 52
1717003429860 21709.0 53
1717003432123 21709.0 54
1717003434395 21709.0 55
1717003436633 21709.0 56
1717003438926 21709.0 57
1717003441244 21709.0 58
1717003443597 21709.0 59
1717003445878 21709.0 60
1717003448171 21709.0 61
1717003450459 21709.0 62
1717003452760 21709.0 63
1717003455074 21709.0 64
1717003457305 21709.0 65
1717003459563 21709.0 66
1717003461851 21709.0 67
1717003464119 21709.0 68
1717003466374 21709.0 69
1717003468640 21709.0 70
1717003470917 21709.0 71
1717003473221 21709.0 72
1717003475666 21709.0 73
1717003478143 21709.0 74
1717003480422 21709.0 75
1717003482683 21709.0 76
1717003484963 21709.0 77
1717003487345 21709.0 78
1717003489633 21709.0 79
1717003491876 21709.0 80
1717003494206 21709.0 81
1717003496463 21709.0 82
1717003498713 21709.0 83
1717003501027 21709.0 84
1717003503349 21709.0 85
1717003505622 21709.0 86
1717003508017 21709.0 87
1717003510313 21709.0 88
1717003512615 21709.0 89
1717003514915 21709.0 90
1717003517213 21709.0 91
1717003519453 21709.0 92
1717003521714 21709.0 93
1717003523992 21709.0 94
1717003526274 21709.0 95
1717003528525 21709.0 96
1717003530823 21709.0 97
1717003533059 21709.0 98
1717003535343 21709.0 99
