1717003311809 0.28243955969810486 1
1717003314010 0.18809878826141357 2
1717003316263 0.1777142733335495 3
1717003318473 0.1685669869184494 4
1717003320708 0.1601259410381317 5
1717003322939 0.15275394916534424 6
1717003325166 0.14576756954193115 7
1717003327394 0.13923807442188263 8
1717003329602 0.13435813784599304 9
1717003331959 0.12823528051376343 10
1717003334297 0.12599603831768036 11
1717003336620 0.12232903391122818 12
1717003338905 0.12041785567998886 13
1717003341162 0.11837062984704971 14
1717003343387 0.1165739968419075 15
1717003345647 0.11570479720830917 16
1717003347941 0.11411109566688538 17
1717003350222 0.1133933961391449 18
1717003352503 0.11360036581754684 19
1717003354788 0.11128596216440201 20
1717003357055 0.10996343940496445 21
1717003359336 0.1096368059515953 22
1717003361603 0.10884734243154526 23
1717003363879 0.10766115039587021 24
1717003366143 0.10859984904527664 25
1717003368388 0.10725142061710358 26
1717003370657 0.10612770169973373 27
1717003372871 0.1054367795586586 28
1717003375167 0.10466327518224716 29
1717003377415 0.10480662435293198 30
1717003379703 0.10377594828605652 31
1717003381998 0.10590993613004684 32
1717003384271 0.1072281002998352 33
1717003386572 0.10192816704511642 34
1717003388875 0.10112318396568298 35
1717003391158 0.1008516326546669 36
1717003393424 0.10047074407339096 37
1717003395705 0.09977297484874725 38
1717003397979 0.09953615814447403 39
1717003400278 0.09830115735530853 40
1717003402568 0.09747785329818726 41
1717003404816 0.09677169471979141 42
1717003407047 0.09567786753177643 43
1717003409341 0.09645496308803558 44
1717003411616 0.09434745460748672 45
1717003413927 0.09429031610488892 46
1717003416209 0.09394612163305283 47
1717003418474 0.09168494492769241 48
1717003420732 0.09303470700979233 49
1717003423039 0.09089154750108719 50
1717003425325 0.0920797809958458 51
1717003427590 0.09059509634971619 52
1717003429860 0.0909050777554512 53
1717003432123 0.08937022089958191 54
1717003434395 0.09026992321014404 55
1717003436633 0.09011264145374298 56
1717003438926 0.08812440186738968 57
1717003441244 0.08920162916183472 58
1717003443597 0.0873265489935875 59
1717003445878 0.08671888709068298 60
1717003448171 0.08878397196531296 61
1717003450459 0.08693783730268478 62
1717003452760 0.08647431433200836 63
1717003455074 0.08722127228975296 64
1717003457305 0.08661510050296783 65
1717003459563 0.08477166295051575 66
1717003461851 0.08678589016199112 67
1717003464119 0.08431250602006912 68
1717003466374 0.08579196780920029 69
1717003468640 0.08446011692285538 70
1717003470917 0.0876213014125824 71
1717003473221 0.08489014208316803 72
1717003475666 0.08421534299850464 73
1717003478143 0.08341976255178452 74
1717003480422 0.08324294537305832 75
1717003482683 0.08470997959375381 76
1717003484963 0.08316197991371155 77
1717003487345 0.08299363404512405 78
1717003489633 0.08242427557706833 79
1717003491876 0.08266052603721619 80
1717003494206 0.08223992586135864 81
1717003496463 0.0818878561258316 82
1717003498713 0.08218052238225937 83
1717003501027 0.08241595327854156 84
1717003503349 0.08189743757247925 85
1717003505622 0.08253423869609833 86
1717003508017 0.08143212646245956 87
1717003510313 0.08253829181194305 88
1717003512615 0.0812632218003273 89
1717003514915 0.08113032579421997 90
1717003517213 0.08118434995412827 91
1717003519453 0.08148908615112305 92
1717003521714 0.08033902943134308 93
1717003523992 0.08105164766311646 94
1717003526274 0.0801510438323021 95
1717003528525 0.08061517030000687 96
1717003530823 0.08022777736186981 97
1717003533059 0.08050820976495743 98
1717003535343 0.0799429640173912 99
