1717094808866 15196.0 1
1717094812034 15196.0 2
1717094815346 15196.0 3
1717094818661 15196.0 4
1717094822055 15196.0 5
1717094825280 15196.0 6
1717094828555 15196.0 7
1717094831816 15196.0 8
1717094835040 15196.0 9
1717094838264 15196.0 10
1717094841560 15196.0 11
1717094844796 15196.0 12
1717094848285 15196.0 13
1717094852094 15196.0 14
1717094855386 15196.0 15
1717094858639 15196.0 16
1717094861909 15196.0 17
1717094865174 15196.0 18
1717094868459 15196.0 19
1717094871726 15196.0 20
1717094875000 15196.0 21
1717094878330 15196.0 22
1717094881724 15196.0 23
1717094885001 15196.0 24
1717094888299 15196.0 25
1717094891577 15196.0 26
1717094894887 15196.0 27
1717094898176 15196.0 28
1717094901474 15196.0 29
1717094904750 15196.0 30
1717094908100 15196.0 31
1717094911670 15196.0 32
1717094915030 15196.0 33
1717094918347 15196.0 34
1717094921612 15196.0 35
1717094924912 15196.0 36
1717094928212 15196.0 37
1717094931509 15196.0 38
1717094934847 15196.0 39
1717094938145 15196.0 40
1717094941540 15196.0 41
1717094944902 15196.0 42
1717094948300 15196.0 43
1717094951600 15196.0 44
1717094954942 15196.0 45
1717094958256 15196.0 46
1717094961541 15196.0 47
1717094964861 15196.0 48
1717094968210 15196.0 49
1717094971503 15196.0 50
1717094974834 15196.0 51
1717094978189 15196.0 52
1717094982591 15196.0 53
1717094985890 15196.0 54
1717094989148 15196.0 55
1717094992399 15196.0 56
1717094995701 15196.0 57
1717094999014 15196.0 58
1717095002538 15196.0 59
1717095005839 15196.0 60
1717095009123 15196.0 61
1717095012650 15196.0 62
1717095016048 15196.0 63
1717095019496 15196.0 64
1717095022925 15196.0 65
1717095026399 15196.0 66
1717095029822 15196.0 67
1717095033254 15196.0 68
1717095036689 15196.0 69
1717095039991 15196.0 70
1717095043347 15196.0 71
1717095046646 15196.0 72
1717095049965 15196.0 73
1717095053300 15196.0 74
1717095056663 15196.0 75
1717095060003 15196.0 76
1717095063426 15196.0 77
1717095066794 15196.0 78
1717095070106 15196.0 79
1717095073479 15196.0 80
1717095076822 15196.0 81
1717095080149 15196.0 82
1717095083434 15196.0 83
1717095086819 15196.0 84
1717095090192 15196.0 85
1717095093509 15196.0 86
1717095096832 15196.0 87
1717095100196 15196.0 88
1717095103846 15196.0 89
1717095108064 15196.0 90
1717095111903 15196.0 91
1717095115248 15196.0 92
1717095118596 15196.0 93
1717095122206 15196.0 94
1717095125509 15196.0 95
1717095128848 15196.0 96
1717095132223 15196.0 97
1717095135560 15196.0 98
1717095138887 15196.0 99
