1717094808866 0.5927142722211248 1
1717094812034 0.6384818229810998 2
1717094815346 0.6594898031761451 3
1717094818661 0.6788780443423486 4
1717094822055 0.6625592675060749 5
1717094825280 0.6690462429789644 6
1717094828555 0.6875149007452949 7
1717094831816 0.7124576940431195 8
1717094835040 0.6786685298929103 9
1717094838264 0.6852803588347948 10
1717094841560 0.6808269544046862 11
1717094844796 0.7049325004461979 12
1717094848285 0.711519322855253 13
1717094852094 0.7193314646188368 14
1717094855386 0.7469088115967087 15
1717094858639 0.7565527704742846 16
1717094861909 0.7545106216219281 17
1717094865174 0.7721058816736178 18
1717094868459 0.7727842704301267 19
1717094871726 0.7716604750970097 20
1717094875000 0.7720737035601514 21
1717094878330 0.7769595309129352 22
1717094881724 0.792016523925912 23
1717094885001 0.8000109873213992 24
1717094888299 0.8090065702814303 25
1717094891577 0.8154327592757679 26
1717094894887 0.822940563496121 27
1717094898176 0.818310081698486 28
1717094901474 0.8189228045036688 29
1717094904750 0.8185894632462511 30
1717094908100 0.8193987132437238 31
1717094911670 0.828549425647993 32
1717094915030 0.8417006640293269 33
1717094918347 0.8403935711345716 34
1717094921612 0.8403868518367631 35
1717094924912 0.8423116709699393 36
1717094928212 0.8366514606954513 37
1717094931509 0.837566846379209 38
1717094934847 0.8366749360585084 39
1717094938145 0.8450658920362946 40
1717094941540 0.8453672377233322 41
1717094944902 0.8489469669857197 42
1717094948300 0.8429550752227193 43
1717094951600 0.866504607209094 44
1717094954942 0.8595140595809677 45
1717094958256 0.8493146551914081 46
1717094961541 0.8477854808326318 47
1717094964861 0.8484368109323738 48
1717094968210 0.8507497515717999 49
1717094971503 0.8427816665836492 50
1717094974834 0.8488741510122039 51
1717094978189 0.8593489505507833 52
1717094982591 0.8637100659310251 53
1717094985890 0.8683325761844944 54
1717094989148 0.8740738234145431 55
1717094992399 0.8785364680982936 56
1717094995701 0.8846708519294987 57
1717094999014 0.8883782912938057 58
1717095002538 0.8879036493584177 59
1717095005839 0.8899422540923849 60
1717095009123 0.8919151038227124 61
1717095012650 0.8964729451718216 62
1717095016048 0.8978214637288969 63
1717095019496 0.8982512892893588 64
1717095022925 0.9050824306355174 65
1717095026399 0.903639582035019 66
1717095029822 0.9018691237326737 67
1717095033254 0.9075338605483851 68
1717095036689 0.9109986565759723 69
1717095039991 0.9135056302345633 70
1717095043347 0.9172374142862649 71
1717095046646 0.9161528695422679 72
1717095049965 0.9203584336521643 73
1717095053300 0.9239979454102638 74
1717095056663 0.9262422014511321 75
1717095060003 0.9290794717705803 76
1717095063426 0.9295297803876733 77
1717095066794 0.9312889595207908 78
1717095070106 0.9318420382948995 79
1717095073479 0.926171442524609 80
1717095076822 0.9273517917643253 81
1717095080149 0.930152245860923 82
1717095083434 0.9277978788405316 83
1717095086819 0.9305988288353687 84
1717095090192 0.9316738458180973 85
1717095093509 0.9293097391177302 86
1717095096832 0.9328589799067251 87
1717095100196 0.9390461177243078 88
1717095103846 0.9412639016812215 89
1717095108064 0.9421135427461166 90
1717095111903 0.9465930524822467 91
1717095115248 0.9474850318401434 92
1717095118596 0.946632553604297 93
1717095122206 0.9488730608633844 94
1717095125509 0.9517756749577612 95
1717095128848 0.9518755498017697 96
1717095132223 0.9536454127663091 97
1717095135560 0.9567524068659282 98
1717095138887 0.95636819038189 99
