1717094808866 0.15905515180320218 1
1717094812034 0.16389777304533565 2
1717094815346 0.17032481965026738 3
1717094818661 0.17658372335793038 4
1717094822055 0.1665256369656907 5
1717094825280 0.16790844783649087 6
1717094828555 0.18320297778456998 7
1717094831816 0.19088710848974522 8
1717094835040 0.18723430935692328 9
1717094838264 0.18770947680964717 10
1717094841560 0.18964745699585692 11
1717094844796 0.20160192192941223 12
1717094848285 0.2103900068673346 13
1717094852094 0.2171061312560654 14
1717094855386 0.2326569844848804 15
1717094858639 0.2407144810305175 16
1717094861909 0.24716726788318338 17
1717094865174 0.2572501631689912 18
1717094868459 0.2623269620487663 19
1717094871726 0.2718953992303564 20
1717094875000 0.26692132131118435 21
1717094878330 0.2733624177328532 22
1717094881724 0.2870237701297615 23
1717094885001 0.2937535855154936 24
1717094888299 0.3069428115936425 25
1717094891577 0.31270474834863154 26
1717094894887 0.32554135029843284 27
1717094898176 0.32131373262709395 28
1717094901474 0.3266649251292112 29
1717094904750 0.32660412435950165 30
1717094908100 0.32866843571669335 31
1717094911670 0.3360266871741082 32
1717094915030 0.34836422556677327 33
1717094918347 0.35187447932270427 34
1717094921612 0.3531645810311486 35
1717094924912 0.35329904299276355 36
1717094928212 0.3475047640401873 37
1717094931509 0.3490999912437544 38
1717094934847 0.34864666183774007 39
1717094938145 0.359430899799495 40
1717094941540 0.3646047784041292 41
1717094944902 0.371585060321011 42
1717094948300 0.3661039231211358 43
1717094951600 0.4000086113194939 44
1717094954942 0.39162983855898065 45
1717094958256 0.3716193693346173 46
1717094961541 0.37047104954016713 47
1717094964861 0.3683082639878821 48
1717094968210 0.37369200476469006 49
1717094971503 0.36199195299292536 50
1717094974834 0.3710316586370747 51
1717094978189 0.38915800256797944 52
1717094982591 0.4005987682794187 53
1717094985890 0.4107545545381125 54
1717094989148 0.42259698548728747 55
1717094992399 0.4330426581120777 56
1717094995701 0.4470120099876356 57
1717094999014 0.4560500636295089 58
1717095002538 0.45616857302623365 59
1717095005839 0.46124396680444546 60
1717095009123 0.4648322354041379 61
1717095012650 0.47570564971911283 62
1717095016048 0.4799392491831723 63
1717095019496 0.48213827403357673 64
1717095022925 0.49952493459265696 65
1717095026399 0.4962962223653632 66
1717095029822 0.4919757583156773 67
1717095033254 0.5065493070564911 68
1717095036689 0.5166175330770731 69
1717095039991 0.5237329025302173 70
1717095043347 0.534968158392899 71
1717095046646 0.5315461156405807 72
1717095049965 0.5438810342898017 73
1717095053300 0.5564435522970734 74
1717095056663 0.5630668901529716 75
1717095060003 0.5729750191942262 76
1717095063426 0.5742323085592899 77
1717095066794 0.580431429438727 78
1717095070106 0.5820352611522166 79
1717095073479 0.5633883166103374 80
1717095076822 0.5667625087517217 81
1717095080149 0.577097255390158 82
1717095083434 0.5689358585243097 83
1717095086819 0.5784831414293821 84
1717095090192 0.5831368144271393 85
1717095093509 0.5734924769098226 86
1717095096832 0.5850857232409579 87
1717095100196 0.6079453510885914 88
1717095103846 0.616493673027614 89
1717095108064 0.6183802096995412 90
1717095111903 0.6372086706194279 91
1717095115248 0.6413964485240362 92
1717095118596 0.6379226425695916 93
1717095122206 0.6467134081989545 94
1717095125509 0.6598840706698513 95
1717095128848 0.6595367814483968 96
1717095132223 0.6670535853692882 97
1717095135560 0.6825620376107123 98
1717095138887 0.6805386782941614 99
