1717430547801 438728.0 1
1717430565801 435226.0 2
1717430584220 476500.0 3
1717430601916 476500.0 4
1717430619311 476500.0 5
1717430637122 476500.0 6
1717430654898 476500.0 7
1717430672929 476500.0 8
1717430690880 476500.0 9
1717430708434 476500.0 10
1717430726219 476500.0 11
1717430744142 476500.0 12
1717430762135 476500.0 13
1717430780482 476500.0 14
1717430798589 476500.0 15
1717430816960 476500.0 16
1717430835084 476500.0 17
1717430852714 476500.0 18
1717430870718 476500.0 19
1717430889157 476500.0 20
1717430907676 476500.0 21
1717430925861 476500.0 22
1717430943213 474540.0 23
1717430959527 477522.0 24
1717430975879 476500.0 25
1717430992099 476500.0 26
1717431008719 476500.0 27
1717431025218 476500.0 28
1717431041448 489028.0 29
1717431057807 476500.0 30
1717431073917 476500.0 31
1717431090433 476500.0 32
1717431106894 476500.0 33
1717431123411 476500.0 34
1717431140184 476500.0 35
1717431156693 476500.0 36
1717431173077 476500.0 37
1717431189436 476500.0 38
1717431205932 476500.0 39
1717431222486 476500.0 40
1717431240223 476500.0 41
1717431258102 476500.0 42
1717431275118 476500.0 43
1717431292901 476500.0 44
1717431310631 476500.0 45
1717431328337 476500.0 46
1717431345970 476500.0 47
1717431363598 476500.0 48
1717431381690 476500.0 49
1717431400714 476500.0 50
1717431418678 476500.0 51
1717431436522 476500.0 52
1717431454469 476500.0 53
1717431472350 476500.0 54
1717431490368 476500.0 55
1717431508270 476500.0 56
1717431525741 476500.0 57
1717431544367 476500.0 58
1717431562441 476500.0 59
1717431580665 476500.0 60
1717431599023 476500.0 61
1717431617425 476500.0 62
1717431636095 476500.0 63
1717431655920 476500.0 64
1717431674389 476500.0 65
1717431693084 476500.0 66
1717431712246 476500.0 67
1717431730576 476500.0 68
1717431749516 476500.0 69
1717431769501 476500.0 70
1717431789543 476500.0 71
1717431808619 476500.0 72
1717431827459 476500.0 73
1717431846415 476500.0 74
1717431865633 476500.0 75
1717431884669 476500.0 76
1717431905228 476500.0 77
1717431924537 476500.0 78
1717431943981 476500.0 79
1717431962827 476500.0 80
1717431981857 476500.0 81
1717432000376 476500.0 82
1717432019670 476500.0 83
1717432038316 476500.0 84
1717432057264 476500.0 85
1717432076462 476500.0 86
1717432095862 476500.0 87
1717432114990 476500.0 88
1717432134319 476500.0 89
1717432152439 476500.0 90
1717432171730 476500.0 91
1717432188690 476500.0 92
1717432208307 476500.0 93
1717432226041 476500.0 94
1717432243437 476500.0 95
1717432260352 476500.0 96
1717432277252 476500.0 97
1717432294446 476500.0 98
1717432311407 476500.0 99
