1717333111250 133675.0 1
1717333114355 148614.0 2
1717333117389 151181.0 3
1717333120832 152074.0 4
1717333124001 152279.0 5
1717333127168 152983.0 6
1717333130227 152980.0 7
1717333133414 152424.0 8
1717333136552 153051.0 9
1717333139627 150709.0 10
1717333142658 150439.0 11
1717333145675 150212.0 12
1717333148889 150393.0 13
1717333151915 149445.0 14
1717333154944 149543.0 15
1717333158017 148393.0 16
1717333161000 147672.0 17
1717333164154 147393.0 18
1717333167272 145348.0 19
1717333170361 145758.0 20
1717333173402 145048.0 21
1717333176539 144467.0 22
1717333179596 142920.0 23
1717333183390 142552.0 24
1717333186508 141637.0 25
1717333189645 140405.0 26
1717333192662 140306.0 27
1717333195734 140485.0 28
1717333198739 140240.0 29
1717333201793 139936.0 30
1717333204775 139608.0 31
1717333207890 139666.0 32
1717333210914 139380.0 33
1717333214184 139015.0 34
1717333217925 139102.0 35
1717333220961 139179.0 36
1717333223919 139437.0 37
1717333227243 139367.0 38
1717333230290 139205.0 39
1717333233322 139602.0 40
1717333236419 139019.0 41
1717333239371 139414.0 42
1717333242357 140035.0 43
1717333245464 139424.0 44
1717333249207 139975.0 45
1717333252322 141856.0 46
1717333255403 140519.0 47
1717333258392 141084.0 48
1717333261434 140243.0 49
1717333264407 140070.0 50
1717333267563 139712.0 51
1717333271005 140516.0 52
1717333274129 140465.0 53
1717333277219 140033.0 54
1717333280277 140338.0 55
1717333283276 140368.0 56
1717333286342 140081.0 57
1717333289344 140464.0 58
1717333292421 139830.0 59
1717333295463 139847.0 60
1717333299128 140588.0 61
1717333302498 139881.0 62
1717333305558 139132.0 63
1717333308554 139382.0 64
1717333311522 139574.0 65
1717333314557 139581.0 66
1717333317655 139693.0 67
1717333320815 139326.0 68
1717333323864 139837.0 69
1717333326835 139314.0 70
1717333329894 139450.0 71
1717333333683 139583.0 72
1717333336723 140021.0 73
1717333339837 140348.0 74
1717333342798 139751.0 75
1717333345796 140122.0 76
1717333348861 139883.0 77
1717333351905 141226.0 78
1717333354997 140017.0 79
1717333357963 139472.0 80
1717333361056 140132.0 81
1717333364250 140213.0 82
1717333367823 139975.0 83
1717333370866 140293.0 84
1717333373874 140101.0 85
1717333376926 139752.0 86
1717333379973 140452.0 87
1717333382976 140292.0 88
1717333385982 139803.0 89
1717333389582 140069.0 90
1717333392683 140104.0 91
1717333395719 139698.0 92
1717333398688 139300.0 93
1717333401699 139485.0 94
1717333404754 139537.0 95
1717333407707 139091.0 96
1717333410758 139882.0 97
1717333413707 139471.0 98
1717333416685 139087.0 99
