1717333111250 1.580087661743164 1
1717333114355 1.3330886363983154 2
1717333117389 1.2418712377548218 3
1717333120832 1.1912533044815063 4
1717333124001 1.1751389503479004 5
1717333127168 1.157745122909546 6
1717333130227 1.1504756212234497 7
1717333133414 1.148781418800354 8
1717333136552 1.1449533700942993 9
1717333139627 1.1408154964447021 10
1717333142658 1.1397647857666016 11
1717333145675 1.1342118978500366 12
1717333148889 1.127886176109314 13
1717333151915 1.1252440214157104 14
1717333154944 1.1234607696533203 15
1717333158017 1.1241635084152222 16
1717333161000 1.120270013809204 17
1717333164154 1.1153675317764282 18
1717333167272 1.1138124465942383 19
1717333170361 1.1115531921386719 20
1717333173402 1.1074097156524658 21
1717333176539 1.1041539907455444 22
1717333179596 1.102051854133606 23
1717333183390 1.097679615020752 24
1717333186508 1.0955740213394165 25
1717333189645 1.0912189483642578 26
1717333192662 1.087733268737793 27
1717333195734 1.0825815200805664 28
1717333198739 1.0813032388687134 29
1717333201793 1.0770913362503052 30
1717333204775 1.073531985282898 31
1717333207890 1.0716134309768677 32
1717333210914 1.0697574615478516 33
1717333214184 1.0667411088943481 34
1717333217925 1.0642883777618408 35
1717333220961 1.063388466835022 36
1717333223919 1.062808632850647 37
1717333227243 1.060002326965332 38
1717333230290 1.0599353313446045 39
1717333233322 1.0569736957550049 40
1717333236419 1.057444453239441 41
1717333239371 1.0612826347351074 42
1717333242357 1.0572408437728882 43
1717333245464 1.055051326751709 44
1717333249207 1.056451439857483 45
1717333252322 1.057141661643982 46
1717333255403 1.0531915426254272 47
1717333258392 1.0510555505752563 48
1717333261434 1.050421118736267 49
1717333264407 1.0479868650436401 50
1717333267563 1.0463216304779053 51
1717333271005 1.0481466054916382 52
1717333274129 1.0443040132522583 53
1717333277219 1.0434787273406982 54
1717333280277 1.0420444011688232 55
1717333283276 1.0408499240875244 56
1717333286342 1.0399614572525024 57
1717333289344 1.039655089378357 58
1717333292421 1.0373516082763672 59
1717333295463 1.0372034311294556 60
1717333299128 1.036010980606079 61
1717333302498 1.0350784063339233 62
1717333305558 1.0336664915084839 63
1717333308554 1.033352017402649 64
1717333311522 1.0339045524597168 65
1717333314557 1.0333727598190308 66
1717333317655 1.0335925817489624 67
1717333320815 1.0318357944488525 68
1717333323864 1.0305161476135254 69
1717333326835 1.029788613319397 70
1717333329894 1.0334161520004272 71
1717333333683 1.037404179573059 72
1717333336723 1.033143401145935 73
1717333339837 1.0315638780593872 74
1717333342798 1.0365915298461914 75
1717333345796 1.0363155603408813 76
1717333348861 1.0472886562347412 77
1717333351905 1.0528277158737183 78
1717333354997 1.0409849882125854 79
1717333357963 1.0375202894210815 80
1717333361056 1.0332615375518799 81
1717333364250 1.0311307907104492 82
1717333367823 1.0301730632781982 83
1717333370866 1.0286288261413574 84
1717333373874 1.0281108617782593 85
1717333376926 1.0284271240234375 86
1717333379973 1.027854084968567 87
1717333382976 1.027336835861206 88
1717333385982 1.025451898574829 89
1717333389582 1.0242351293563843 90
1717333392683 1.023036003112793 91
1717333395719 1.0225781202316284 92
1717333398688 1.0214629173278809 93
1717333401699 1.0208487510681152 94
1717333404754 1.0198136568069458 95
1717333407707 1.0200634002685547 96
1717333410758 1.017985463142395 97
1717333413707 1.0176565647125244 98
1717333416685 1.0203136205673218 99
