1717717824572 0.35004228353500366 1
1717717837541 0.2603376805782318 2
1717717849978 0.2612394690513611 3
1717717863160 0.20228290557861328 4
1717717877396 0.18624275922775269 5
1717717890435 0.1686631292104721 6
1717717903179 0.16357004642486572 7
1717717916137 0.16062834858894348 8
1717717928403 0.1571601927280426 9
1717717941896 0.1539705991744995 10
1717717954908 0.15078850090503693 11
1717717968128 0.14846643805503845 12
1717717981356 0.1459428071975708 13
1717717995071 0.1452006697654724 14
1717718008241 0.14359985291957855 15
1717718022464 0.1443156599998474 16
1717718035709 0.1462961584329605 17
1717718048747 0.4617418050765991 18
1717718061384 0.4447118937969208 19
1717718074117 0.44471579790115356 20
1717718087836 0.44472023844718933 21
1717718100483 0.44472458958625793 22
1717718112926 0.44472864270210266 23
1717718125845 0.4447324573993683 24
1717718139772 0.4447360932826996 25
1717718153320 0.44473931193351746 26
1717718166249 0.4447422921657562 27
1717718179150 0.4447450339794159 28
1717718193029 0.4447474479675293 29
1717718206182 0.4447495937347412 30
1717718219497 0.44475144147872925 31
1717718232873 0.4447531998157501 32
1717718245475 0.4447546601295471 33
1717718259402 0.4447559416294098 34
1717718272592 0.4447570741176605 35
1717718285434 0.4447580575942993 36
1717718298677 0.44475889205932617 37
1717718311579 0.4447596073150635 38
1717718324943 0.444760262966156 39
1717718338203 0.444760799407959 40
1717718350719 0.4447612166404724 41
1717718363263 0.44476160407066345 42
1717718376369 0.4447620213031769 43
1717718389636 0.444762259721756 44
1717718402968 0.4447624981403351 45
1717718416143 0.4447627365589142 46
1717718428353 0.4447628855705261 47
1717718441287 0.44476303458213806 48
1717718453960 0.44476318359375 49
1717718467257 0.44476333260536194 50
1717718479647 0.4447634220123291 51
1717718492645 0.4447634816169739 52
1717718505740 0.44476351141929626 53
1717718518394 0.4447636306285858 54
1717718531425 0.4447636604309082 55
1717718544490 0.4447636604309082 56
1717718557524 0.444763720035553 57
1717718570487 0.44476377964019775 58
1717718583090 0.44476377964019775 59
1717718596238 0.44476380944252014 60
1717718609819 0.44476380944252014 61
1717718624981 0.44476380944252014 62
1717718638461 0.4447638690471649 63
1717718650868 0.4447639286518097 64
