1717717824572 857023.0 1
1717717837541 793665.0 2
1717717849978 832681.0 3
1717717863160 756001.0 4
1717717877396 755339.0 5
1717717890435 755111.0 6
1717717903179 753575.0 7
1717717916137 752665.0 8
1717717928403 752289.0 9
1717717941896 752657.0 10
1717717954908 753629.0 11
1717717968128 753293.0 12
1717717981356 752477.0 13
1717717995071 752074.0 14
1717718008241 751965.0 15
1717718022464 752771.0 16
1717718035709 752843.0 17
1717718048747 846281.0 18
1717718061384 893768.0 19
1717718074117 893768.0 20
1717718087836 893768.0 21
1717718100483 893768.0 22
1717718112926 893768.0 23
1717718125845 893768.0 24
1717718139772 893768.0 25
1717718153320 893768.0 26
1717718166249 893768.0 27
1717718179150 893768.0 28
1717718193029 893768.0 29
1717718206182 893768.0 30
1717718219497 893768.0 31
1717718232873 893768.0 32
1717718245475 893768.0 33
1717718259402 893768.0 34
1717718272592 893768.0 35
1717718285434 893768.0 36
1717718298677 893768.0 37
1717718311579 893768.0 38
1717718324943 893768.0 39
1717718338203 893768.0 40
1717718350719 893768.0 41
1717718363263 893768.0 42
1717718376369 893768.0 43
1717718389636 893768.0 44
1717718402968 893768.0 45
1717718416143 893768.0 46
1717718428353 893768.0 47
1717718441287 893768.0 48
1717718453960 893768.0 49
1717718467257 893768.0 50
1717718479647 893768.0 51
1717718492645 893768.0 52
1717718505740 893768.0 53
1717718518394 893768.0 54
1717718531425 893768.0 55
1717718544490 893768.0 56
1717718557524 893768.0 57
1717718570487 893768.0 58
1717718583090 893768.0 59
1717718596238 893768.0 60
1717718609819 893768.0 61
1717718624981 893768.0 62
1717718638461 893768.0 63
1717718650868 893768.0 64
