1717717824572 0.84699441533465 1
1717717837541 0.8993583747756151 2
1717717849978 0.874957853953739 3
1717717863160 0.940065675653656 4
1717717877396 0.946440825129728 5
1717717890435 0.9515624240673406 6
1717717903179 0.954017742016734 7
1717717916137 0.9553512108757897 8
1717717928403 0.9567009995551589 9
1717717941896 0.957542019990938 10
1717717954908 0.9575615643434634 11
1717717968128 0.9587791252044061 12
1717717981356 0.9595955267269278 13
1717717995071 0.9603115879238081 14
1717718008241 0.9607618770759216 15
1717718022464 0.9603381663791245 16
1717718035709 0.9596805732877155 17
1717718048747 0.8470940515447979 18
1717718061384 0.8369961681604722 19
1717718074117 0.8369961681604722 20
1717718087836 0.8369961681604722 21
1717718100483 0.8369961681604722 22
1717718112926 0.8369961681604722 23
1717718125845 0.8369961681604722 24
1717718139772 0.8369961681604722 25
1717718153320 0.8369961681604722 26
1717718166249 0.8369961681604722 27
1717718179150 0.8369961681604722 28
1717718193029 0.8369961681604722 29
1717718206182 0.8369961681604722 30
1717718219497 0.8369961681604722 31
1717718232873 0.8369961681604722 32
1717718245475 0.8369961681604722 33
1717718259402 0.8369961681604722 34
1717718272592 0.8369961681604722 35
1717718285434 0.8369961681604722 36
1717718298677 0.8369961681604722 37
1717718311579 0.8369961681604722 38
1717718324943 0.8369961681604722 39
1717718338203 0.8369961681604722 40
1717718350719 0.8369961681604722 41
1717718363263 0.8369961681604722 42
1717718376369 0.8369961681604722 43
1717718389636 0.8369961681604722 44
1717718402968 0.8369961681604722 45
1717718416143 0.8369961681604722 46
1717718428353 0.8369961681604722 47
1717718441287 0.8369961681604722 48
1717718453960 0.8369961681604722 49
1717718467257 0.8369961681604722 50
1717718479647 0.8369961681604722 51
1717718492645 0.8369961681604722 52
1717718505740 0.8369961681604722 53
1717718518394 0.8369961681604722 54
1717718531425 0.8369961681604722 55
1717718544490 0.8369961681604722 56
1717718557524 0.8369961681604722 57
1717718570487 0.8369961681604722 58
1717718583090 0.8369961681604722 59
1717718596238 0.8369961681604722 60
1717718609819 0.8369961681604722 61
1717718624981 0.8369961681604722 62
1717718638461 0.8369961681604722 63
1717718650868 0.8369961681604722 64
