1717717824572 0.1619236927545349 1
1717717837541 0.4985908611481712 2
1717717849978 0.31351889629495827 3
1717717863160 0.6996009403182192 4
1717717877396 0.7311422606364912 5
1717717890435 0.759958857832266 6
1717717903179 0.7697176420796239 7
1717717916137 0.7740944462088287 8
1717717928403 0.7809590260190629 9
1717717941896 0.7866335068509985 10
1717717954908 0.7897320322849265 11
1717717968128 0.794549051877749 12
1717717981356 0.7971331503640153 13
1717717995071 0.8002104363695276 14
1717718008241 0.8016863752398065 15
1717718022464 0.8017101842589224 16
1717718035709 0.7983426984068525 17
1717718048747 0.098854518288037 18
1717718061384 0.0 19
1717718074117 0.0 20
1717718087836 0.0 21
1717718100483 0.0 22
1717718112926 0.0 23
1717718125845 0.0 24
1717718139772 0.0 25
1717718153320 0.0 26
1717718166249 0.0 27
1717718179150 0.0 28
1717718193029 0.0 29
1717718206182 0.0 30
1717718219497 0.0 31
1717718232873 0.0 32
1717718245475 0.0 33
1717718259402 0.0 34
1717718272592 0.0 35
1717718285434 0.0 36
1717718298677 0.0 37
1717718311579 0.0 38
1717718324943 0.0 39
1717718338203 0.0 40
1717718350719 0.0 41
1717718363263 0.0 42
1717718376369 0.0 43
1717718389636 0.0 44
1717718402968 0.0 45
1717718416143 0.0 46
1717718428353 0.0 47
1717718441287 0.0 48
1717718453960 0.0 49
1717718467257 0.0 50
1717718479647 0.0 51
1717718492645 0.0 52
1717718505740 0.0 53
1717718518394 0.0 54
1717718531425 0.0 55
1717718544490 0.0 56
1717718557524 0.0 57
1717718570487 0.0 58
1717718583090 0.0 59
1717718596238 0.0 60
1717718609819 0.0 61
1717718624981 0.0 62
1717718638461 0.0 63
1717718650868 0.0 64
