1717338009873 0.15652050724579925 1
1717338010860 0.3274103743353335 2
1717338011843 0.43971731543525194 3
1717338012988 0.4870266986476434 4
1717338013966 0.5356731457370508 5
1717338014933 0.5618602846148424 6
1717338015929 0.5822223045638663 7
1717338016938 0.596993807065894 8
1717338017923 0.6112631269823336 9
1717338018916 0.6177997430425399 10
1717338019899 0.6214907115279448 11
1717338020892 0.6361526845192225 12
1717338021893 0.6413397120393495 13
1717338022882 0.6379831859759922 14
1717338023893 0.6455005816529273 15
1717338024900 0.6485294095816403 16
1717338025910 0.6536696774732553 17
1717338026911 0.6471453137188348 18
1717338027913 0.6586097609678383 19
1717338028933 0.66352224231721 20
1717338029956 0.653873555596757 21
1717338031063 0.6649677813773943 22
1717338032080 0.6673638086955744 23
1717338033101 0.6712627569907065 24
1717338034112 0.6545407953464479 25
1717338035121 0.6744774967274088 26
1717338036140 0.6745093971569301 27
1717338037161 0.6747177390680952 28
1717338038184 0.6778523909765025 29
1717338039199 0.6682860427231568 30
1717338040217 0.6772588615012813 31
1717338041248 0.6765067291234573 32
1717338042286 0.6714416222039835 33
1717338043321 0.6810900865404906 34
1717338044346 0.6795486080932078 35
1717338045373 0.6750186007255271 36
1717338046399 0.6823826851878529 37
1717338047436 0.6810273514646437 38
1717338048450 0.6818376272615674 39
1717338049484 0.6861006444843603 40
1717338050520 0.6848428821223784 41
1717338051545 0.6812985270146175 42
1717338052566 0.6920008682273291 43
1717338053594 0.687041828545509 44
1717338054622 0.6863154638756142 45
1717338055657 0.6859707026339942 46
1717338056696 0.6905599757171592 47
1717338057716 0.6926255361542549 48
1717338058746 0.6902361039643039 49
1717338059794 0.6889766575353009 50
1717338060843 0.6941005895358843 51
1717338061872 0.6955095069954684 52
1717338062917 0.6882386272227605 53
1717338063955 0.6953674176017502 54
1717338064996 0.6933775244335391 55
1717338066523 0.6910985347211969 56
1717338068086 0.69480945902029 57
1717338069329 0.7005338934976584 58
1717338070373 0.700039328619889 59
1717338071419 0.6946943740301683 60
1717338072453 0.6998549296973587 61
1717338073485 0.6971627903294697 62
1717338074509 0.702051713776301 63
1717338075554 0.7035597575965483 64
1717338076692 0.7015128528606176 65
1717338077922 0.698347474884033 66
1717338079062 0.7064193302398942 67
1717338080222 0.7079295976281474 68
1717338081383 0.7061830350546635 69
1717338082687 0.7023974436433197 70
1717338083864 0.6947971676214396 71
1717338084927 0.7030170151519299 72
1717338085996 0.7082684138602473 73
1717338087156 0.7076705450613167 74
1717338088209 0.7043576137646546 75
1717338089274 0.7079672746868495 76
1717338090320 0.7033686038327889 77
1717338091389 0.7103894917443585 78
1717338092455 0.7086060623095508 79
1717338093601 0.7064653062795119 80
1717338094701 0.7091259474665557 81
1717338095804 0.7044461282823448 82
1717338096948 0.7094732104079842 83
1717338098005 0.7101469311615939 84
1717338099160 0.7116429878157041 85
1717338100228 0.7111835763915758 86
1717338101269 0.7146777300830516 87
1717338102324 0.7113958062960486 88
1717338103394 0.7136920970228622 89
1717338104532 0.7108016780092516 90
1717338105595 0.7144113788195756 91
1717338106650 0.7174381282189498 92
1717338107781 0.710323156341651 93
1717338108842 0.7128409647542691 94
1717338109919 0.7141236948290224 95
1717338111043 0.7141537209659428 96
1717338112095 0.7122610001511199 97
1717338113157 0.7146376537279104 98
1717338114259 0.7181148080492614 99
