1717338009873 0.9267234913517955 1
1717338010860 0.984581271167053 2
1717338011843 0.9810747968027757 3
1717338012988 0.9786732406867523 4
1717338013966 0.9777412138021155 5
1717338014933 0.9765943118597844 6
1717338015929 0.9759660190317158 7
1717338016938 0.9760625760898036 8
1717338017923 0.9758645398289993 9
1717338018916 0.9759670063988843 10
1717338019899 0.9757258083433952 11
1717338020892 0.9762584201638107 12
1717338021893 0.9761177839813076 13
1717338022882 0.9757866420113183 14
1717338023893 0.9758521871266645 15
1717338024900 0.9757816948816994 16
1717338025910 0.9761128232898297 17
1717338026911 0.9761276231772396 18
1717338027913 0.976381512106054 19
1717338028933 0.9761090994849794 20
1717338029956 0.9753828174965702 21
1717338031063 0.9763066801199962 22
1717338032080 0.9761256183116725 23
1717338033101 0.976671066690697 24
1717338034112 0.9751646677875839 25
1717338035121 0.9767380426093144 26
1717338036140 0.9766816547179119 27
1717338037161 0.976326167847711 28
1717338038184 0.9765151802364088 29
1717338039199 0.9758957528189837 30
1717338040217 0.9767272480676572 31
1717338041248 0.9759444075178734 32
1717338042286 0.9756275161694983 33
1717338043321 0.9763522837331251 34
1717338044346 0.9761948423604415 35
1717338045373 0.9757201795728805 36
1717338046399 0.9763679239492838 37
1717338047436 0.9762236394678082 38
1717338048450 0.9761829988918737 39
1717338049484 0.9764606219949867 40
1717338050520 0.9765257847506311 41
1717338051545 0.9763306655263648 42
1717338052566 0.9766048971014332 43
1717338053594 0.9765441762639718 44
1717338054622 0.9765806998514641 45
1717338055657 0.9761319508742317 46
1717338056696 0.9763946763073451 47
1717338057716 0.9765856880158549 48
1717338058746 0.9767942202817452 49
1717338059794 0.9761510602664896 50
1717338060843 0.9768838401490012 51
1717338061872 0.9765927012274758 52
1717338062917 0.9763775551813143 53
1717338063955 0.9765529737743494 54
1717338064996 0.9767681425260649 55
1717338066523 0.9764548932067034 56
1717338068086 0.9765613813252568 57
1717338069329 0.9767448896279328 58
1717338070373 0.9769567903997746 59
1717338071419 0.9765411040464765 60
1717338072453 0.9771565509822724 61
1717338073485 0.9771289722260451 62
1717338074509 0.9768047111516405 63
1717338075554 0.9772179055435923 64
1717338076692 0.9772241002108112 65
1717338077922 0.9770324351705679 66
1717338079062 0.9770817345732689 67
1717338080222 0.9775355319511055 68
1717338081383 0.9769953490161964 69
1717338082687 0.9772446192869104 70
1717338083864 0.9765482058733936 71
1717338084927 0.9773322406736676 72
1717338085996 0.9775552568013635 73
1717338087156 0.9772636604362194 74
1717338088209 0.9775882073634912 75
1717338089274 0.9773651042763436 76
1717338090320 0.9770238296061762 77
1717338091389 0.9775233427736628 78
1717338092455 0.977638562258138 79
1717338093601 0.9775116096423047 80
1717338094701 0.9774246016200038 81
1717338095804 0.9776057095521227 82
1717338096948 0.9776661348058385 83
1717338098005 0.9776358697402017 84
1717338099160 0.9779706755009545 85
1717338100228 0.9777022384290353 86
1717338101269 0.9778489160444679 87
1717338102324 0.9775816244168141 88
1717338103394 0.9778818767821122 89
1717338104532 0.9776316895928244 90
1717338105595 0.9780859910744849 91
1717338106650 0.9782658016547955 92
1717338107781 0.9775449558142554 93
1717338108842 0.977976252097909 94
1717338109919 0.9778637587024384 95
1717338111043 0.9780354707769287 96
1717338112095 0.9780099036661638 97
1717338113157 0.9778881003736755 98
1717338114259 0.9782932974659956 99
