1717084292855 1874.0 1
1717084293177 1190.0 2
1717084293510 3392.0 3
1717084293855 8858.0 4
1717084294199 47828.0 5
1717084294522 98226.0 6
1717084294861 100870.0 7
1717084295193 101202.0 8
1717084295515 101228.0 9
1717084295844 101228.0 10
1717084296167 101228.0 11
1717084296499 101228.0 12
1717084296847 101228.0 13
1717084297182 101228.0 14
1717084297519 101228.0 15
1717084297848 101228.0 16
1717084298191 101228.0 17
1717084298532 101228.0 18
1717084298866 101228.0 19
1717084299199 101228.0 20
1717084299631 101228.0 21
1717084299988 101228.0 22
1717084300325 101228.0 23
1717084300686 101228.0 24
1717084301028 101228.0 25
1717084301364 101228.0 26
1717084301737 101228.0 27
1717084302150 101228.0 28
1717084302567 101228.0 29
1717084302970 101228.0 30
1717084303307 101228.0 31
1717084303657 101228.0 32
1717084304001 101228.0 33
1717084304320 101228.0 34
1717084304643 101228.0 35
1717084304981 101228.0 36
1717084305303 101228.0 37
1717084305631 101228.0 38
1717084305963 101228.0 39
1717084306314 101228.0 40
1717084306645 101228.0 41
1717084306987 101228.0 42
1717084307312 101228.0 43
1717084307650 101228.0 44
1717084307979 101228.0 45
1717084308313 101228.0 46
1717084308656 101228.0 47
1717084308990 101228.0 48
1717084309329 101228.0 49
1717084309657 101228.0 50
1717084310001 101228.0 51
1717084310342 101228.0 52
1717084310684 101228.0 53
1717084311041 101228.0 54
1717084311377 101228.0 55
1717084311757 101228.0 56
1717084312134 101228.0 57
1717084312470 101228.0 58
1717084312804 101228.0 59
1717084313157 101228.0 60
1717084313506 101228.0 61
1717084313843 101228.0 62
1717084314199 101228.0 63
1717084314525 101228.0 64
1717084314867 101228.0 65
1717084315205 101228.0 66
1717084315549 101228.0 67
1717084315891 101228.0 68
1717084316219 101228.0 69
1717084316562 101228.0 70
1717084316909 101228.0 71
1717084317259 101228.0 72
1717084317594 101228.0 73
1717084317931 101228.0 74
1717084318265 101228.0 75
1717084318598 101228.0 76
1717084318940 101228.0 77
1717084319284 101228.0 78
1717084319628 101228.0 79
1717084320009 101228.0 80
1717084320348 101228.0 81
1717084320691 101228.0 82
1717084321027 101228.0 83
1717084321362 101228.0 84
1717084321691 101228.0 85
1717084322021 101228.0 86
1717084322352 101228.0 87
1717084322676 101228.0 88
1717084323026 101228.0 89
1717084323364 101228.0 90
1717084323701 101228.0 91
1717084324033 101228.0 92
1717084324370 101228.0 93
1717084324715 101228.0 94
1717084325066 101228.0 95
1717084325400 101228.0 96
1717084325738 101228.0 97
1717084326059 101228.0 98
1717084326397 101228.0 99
