1717084292855 0.6331973625199959 1
1717084293177 0.678388634057441 2
1717084293510 0.5896158319649699 3
1717084293855 0.7583273778099063 4
1717084294199 0.8357108084441297 5
1717084294522 0.8550364876356206 6
1717084294861 0.853704282867245 7
1717084295193 0.8525229292445882 8
1717084295515 0.8523300920171402 9
1717084295844 0.8523300920171402 10
1717084296167 0.8523300920171402 11
1717084296499 0.8523300920171402 12
1717084296847 0.8523300920171402 13
1717084297182 0.8523300920171402 14
1717084297519 0.8523300920171402 15
1717084297848 0.8523300920171402 16
1717084298191 0.8523300920171402 17
1717084298532 0.8523300920171402 18
1717084298866 0.8523300920171402 19
1717084299199 0.8523300920171402 20
1717084299631 0.8523300920171402 21
1717084299988 0.8523300920171402 22
1717084300325 0.8523300920171402 23
1717084300686 0.8523300920171402 24
1717084301028 0.8523300920171402 25
1717084301364 0.8523300920171402 26
1717084301737 0.8523300920171402 27
1717084302150 0.8523300920171402 28
1717084302567 0.8523300920171402 29
1717084302970 0.8523300920171402 30
1717084303307 0.8523300920171402 31
1717084303657 0.8523300920171402 32
1717084304001 0.8523300920171402 33
1717084304320 0.8523300920171402 34
1717084304643 0.8523300920171402 35
1717084304981 0.8523300920171402 36
1717084305303 0.8523300920171402 37
1717084305631 0.8523300920171402 38
1717084305963 0.8523300920171402 39
1717084306314 0.8523300920171402 40
1717084306645 0.8523300920171402 41
1717084306987 0.8523300920171402 42
1717084307312 0.8523300920171402 43
1717084307650 0.8523300920171402 44
1717084307979 0.8523300920171402 45
1717084308313 0.8523300920171402 46
1717084308656 0.8523300920171402 47
1717084308990 0.8523300920171402 48
1717084309329 0.8523300920171402 49
1717084309657 0.8523300920171402 50
1717084310001 0.8523300920171402 51
1717084310342 0.8523300920171402 52
1717084310684 0.8523300920171402 53
1717084311041 0.8523300920171402 54
1717084311377 0.8523300920171402 55
1717084311757 0.8523300920171402 56
1717084312134 0.8523300920171402 57
1717084312470 0.8523300920171402 58
1717084312804 0.8523300920171402 59
1717084313157 0.8523300920171402 60
1717084313506 0.8523300920171402 61
1717084313843 0.8523300920171402 62
1717084314199 0.8523300920171402 63
1717084314525 0.8523300920171402 64
1717084314867 0.8523300920171402 65
1717084315205 0.8523300920171402 66
1717084315549 0.8523300920171402 67
1717084315891 0.8523300920171402 68
1717084316219 0.8523300920171402 69
1717084316562 0.8523300920171402 70
1717084316909 0.8523300920171402 71
1717084317259 0.8523300920171402 72
1717084317594 0.8523300920171402 73
1717084317931 0.8523300920171402 74
1717084318265 0.8523300920171402 75
1717084318598 0.8523300920171402 76
1717084318940 0.8523300920171402 77
1717084319284 0.8523300920171402 78
1717084319628 0.8523300920171402 79
1717084320009 0.8523300920171402 80
1717084320348 0.8523300920171402 81
1717084320691 0.8523300920171402 82
1717084321027 0.8523300920171402 83
1717084321362 0.8523300920171402 84
1717084321691 0.8523300920171402 85
1717084322021 0.8523300920171402 86
1717084322352 0.8523300920171402 87
1717084322676 0.8523300920171402 88
1717084323026 0.8523300920171402 89
1717084323364 0.8523300920171402 90
1717084323701 0.8523300920171402 91
1717084324033 0.8523300920171402 92
1717084324370 0.8523300920171402 93
1717084324715 0.8523300920171402 94
1717084325066 0.8523300920171402 95
1717084325400 0.8523300920171402 96
1717084325738 0.8523300920171402 97
1717084326059 0.8523300920171402 98
1717084326397 0.8523300920171402 99
