1717617946342 471714.0 1
1717617961995 551085.0 2
1717617977595 590485.0 3
1717617994012 624426.0 4
1717618011910 642342.0 5
1717618027796 648696.0 6
1717618044520 655374.0 7
1717618062082 659856.0 8
1717618082098 664053.0 9
1717618102574 667135.0 10
1717618121837 670583.0 11
1717618140612 672215.0 12
1717618159361 675158.0 13
1717618176443 677138.0 14
1717618194554 677792.0 15
1717618211687 679602.0 16
1717618228468 681599.0 17
1717618246076 682321.0 18
1717618263389 683503.0 19
1717618280600 683827.0 20
1717618298468 684310.0 21
1717618316302 685040.0 22
1717618334255 685438.0 23
1717618352554 686109.0 24
1717618369907 687009.0 25
1717618388210 687263.0 26
1717618408115 688188.0 27
1717618427654 688433.0 28
1717618450853 688933.0 29
1717618471273 688537.0 30
1717618492523 689557.0 31
1717618513725 689905.0 32
1717618538054 689939.0 33
1717618562234 690988.0 34
1717618582981 690875.0 35
1717618603455 691304.0 36
1717618625527 691748.0 37
1717618649074 691757.0 38
1717618671617 692199.0 39
1717618695501 691999.0 40
1717618716382 692951.0 41
1717618740007 693555.0 42
1717618761992 693463.0 43
1717618780223 693571.0 44
1717618800426 693654.0 45
1717618816129 693959.0 46
1717618833167 693957.0 47
1717618847739 694914.0 48
1717618865636 695313.0 49
1717618879876 695513.0 50
1717618893378 694977.0 51
1717618907829 695543.0 52
1717618923186 696146.0 53
1717618937267 695801.0 54
1717618951785 695656.0 55
1717618962248 696444.0 56
1717618972992 696527.0 57
1717618983407 696837.0 58
1717618993533 696286.0 59
1717619003740 697254.0 60
1717619014355 697621.0 61
1717619024715 697716.0 62
1717619035947 697669.0 63
1717619046993 698051.0 64
1717619057537 698067.0 65
1717619068075 697942.0 66
1717619078608 698606.0 67
1717619089635 698563.0 68
1717619099656 698644.0 69
1717619109438 698830.0 70
1717619120039 699000.0 71
1717619131373 699196.0 72
1717619141212 699458.0 73
1717619151785 699355.0 74
1717619162648 699223.0 75
1717619172762 699333.0 76
1717619182650 699504.0 77
1717619193731 699517.0 78
1717619203709 699555.0 79
1717619213674 699708.0 80
1717619223337 699744.0 81
1717619233213 699711.0 82
1717619243907 699632.0 83
1717619255137 699174.0 84
1717619265581 699258.0 85
1717619276549 700348.0 86
1717619287019 700561.0 87
1717619296387 700495.0 88
1717619306725 700939.0 89
1717619317465 700713.0 90
1717619327030 700532.0 91
1717619336726 700933.0 92
1717619347189 700926.0 93
1717619356815 701141.0 94
1717619366404 700729.0 95
1717619376499 700869.0 96
1717619386128 701403.0 97
1717619395539 701130.0 98
1717619405842 701195.0 99
