1717001911332 0.8070771008871762 1
1717001912702 0.8538292600454263 2
1717001914109 0.9090829390577992 3
1717001915367 0.9440898639487483 4
1717001916723 0.9707080219985179 5
1717001918103 0.9811643998487964 6
1717001919511 0.9853474345941412 7
1717001920840 0.9876171992062889 8
1717001922245 0.9908102318094236 9
1717001923575 0.9903998303907813 10
1717001924949 0.9916003753304368 11
1717001926401 0.9917944437064085 12
1717001927760 0.9925210821428433 13
1717001929112 0.9919238923690956 14
1717001930462 0.9924138178011686 15
1717001931845 0.9926009645846455 16
1717001933160 0.9911076299772111 17
1717001934512 0.9920401917760676 18
1717001935912 0.9921035948862434 19
1717001937355 0.9924717960947566 20
1717001938809 0.9931536187503022 21
1717001940150 0.9924388619245501 22
1717001941451 0.993812330823906 23
1717001942557 0.9932363244218455 24
1717001943844 0.993091335937002 25
1717001945020 0.9929828221329565 26
1717001946100 0.9927972145145102 27
1717001947200 0.9928529290696744 28
1717001948459 0.9922598588964773 29
1717001949628 0.9922248938974757 30
1717001950832 0.9923237578786034 31
1717001952117 0.9925773045026149 32
1717001953282 0.9925102221162015 33
1717001954461 0.9921399264497028 34
1717001955561 0.992630454694917 35
1717001956685 0.9922962935396008 36
1717001957827 0.9922579557075448 37
1717001958956 0.9921748918312701 38
1717001960113 0.99207472167078 39
1717001961221 0.9926332798418345 40
1717001962470 0.9919848711642322 41
1717001963913 0.9919528057047657 42
1717001965273 0.9918812415712356 43
1717001966682 0.9916490027271457 44
1717001968130 0.9917515480894454 45
1717001969360 0.991943712174326 46
1717001970730 0.9920486792945706 47
1717001972120 0.9924162166007587 48
1717001973342 0.9926013388957344 49
1717001974583 0.9924414277151122 50
1717001975941 0.9930155432516093 51
1717001977283 0.9926280289313869 52
1717001978642 0.9930195448483548 53
1717001979969 0.9932643642430942 54
1717001981317 0.9933566711949224 55
1717001982695 0.9936885330196685 56
1717001984195 0.9933741808969967 57
1717001985525 0.9938056900489571 58
1717001986892 0.9936840316794356 59
1717001988262 0.9936865476009944 60
1717001989621 0.9931327542199722 61
1717001990956 0.9937535519349308 62
1717001992373 0.9932719174171283 63
1717001993697 0.994052964430151 64
1717001995054 0.9932741767711475 65
1717001996384 0.9939384807983824 66
1717001997697 0.9936658560175097 67
1717001999061 0.9935456793702268 68
1717002000408 0.9934010549590487 69
1717002001739 0.9936654507640341 70
1717002003120 0.9934890067175912 71
1717002004481 0.9934808907235345 72
1717002005843 0.9937240073472106 73
1717002007302 0.9933438499394495 74
1717002008650 0.9931982837049389 75
1717002009992 0.9937361859001389 76
1717002011312 0.9927874965479024 77
1717002012695 0.9933294728411931 78
1717002014052 0.9933325026359128 79
1717002015363 0.9931204673403832 80
1717002016716 0.9934659012773143 81
1717002018036 0.993421885894897 82
1717002019654 0.9929436799607458 83
1717002021057 0.992818978970273 84
1717002022613 0.9928412710017777 85
1717002023976 0.9933473795481877 86
1717002025320 0.9929965502246115 87
1717002026628 0.9928157583772144 88
1717002027974 0.9929518593388678 89
1717002029333 0.9926939871828067 90
1717002030765 0.9930221029207781 91
1717002032168 0.992573872629806 92
1717002033528 0.9929490822046837 93
1717002034874 0.9922657602259143 94
1717002036225 0.9925269079378769 95
1717002037599 0.9922929128025115 96
1717002039009 0.9919703923521587 97
1717002040342 0.9918313014613831 98
1717002041712 0.9920648244605264 99
