1717001911332 21709.0 1
1717001912702 21709.0 2
1717001914109 21709.0 3
1717001915367 21709.0 4
1717001916723 21709.0 5
1717001918103 21709.0 6
1717001919511 21709.0 7
1717001920840 21709.0 8
1717001922245 21709.0 9
1717001923575 21709.0 10
1717001924949 21709.0 11
1717001926401 21709.0 12
1717001927760 21709.0 13
1717001929112 21709.0 14
1717001930462 21709.0 15
1717001931845 21709.0 16
1717001933160 21709.0 17
1717001934512 21709.0 18
1717001935912 21709.0 19
1717001937355 21709.0 20
1717001938809 21709.0 21
1717001940150 21709.0 22
1717001941451 21709.0 23
1717001942557 21709.0 24
1717001943844 21709.0 25
1717001945020 21709.0 26
1717001946100 21709.0 27
1717001947200 21709.0 28
1717001948459 21709.0 29
1717001949628 21709.0 30
1717001950832 21709.0 31
1717001952117 21709.0 32
1717001953282 21709.0 33
1717001954461 21709.0 34
1717001955561 21709.0 35
1717001956685 21709.0 36
1717001957827 21709.0 37
1717001958956 21709.0 38
1717001960113 21709.0 39
1717001961221 21709.0 40
1717001962470 21709.0 41
1717001963913 21709.0 42
1717001965273 21709.0 43
1717001966682 21709.0 44
1717001968130 21709.0 45
1717001969360 21709.0 46
1717001970730 21709.0 47
1717001972120 21709.0 48
1717001973342 21709.0 49
1717001974583 21709.0 50
1717001975941 21709.0 51
1717001977283 21709.0 52
1717001978642 21709.0 53
1717001979969 21709.0 54
1717001981317 21709.0 55
1717001982695 21709.0 56
1717001984195 21709.0 57
1717001985525 21709.0 58
1717001986892 21709.0 59
1717001988262 21709.0 60
1717001989621 21709.0 61
1717001990956 21709.0 62
1717001992373 21709.0 63
1717001993697 21709.0 64
1717001995054 21709.0 65
1717001996384 21709.0 66
1717001997697 21709.0 67
1717001999061 21709.0 68
1717002000408 21709.0 69
1717002001739 21709.0 70
1717002003120 21709.0 71
1717002004481 21709.0 72
1717002005843 21709.0 73
1717002007302 21709.0 74
1717002008650 21709.0 75
1717002009992 21709.0 76
1717002011312 21709.0 77
1717002012695 21709.0 78
1717002014052 21709.0 79
1717002015363 21709.0 80
1717002016716 21709.0 81
1717002018036 21709.0 82
1717002019654 21709.0 83
1717002021057 21709.0 84
1717002022613 21709.0 85
1717002023976 21709.0 86
1717002025320 21709.0 87
1717002026628 21709.0 88
1717002027974 21709.0 89
1717002029333 21709.0 90
1717002030765 21709.0 91
1717002032168 21709.0 92
1717002033528 21709.0 93
1717002034874 21709.0 94
1717002036225 21709.0 95
1717002037599 21709.0 96
1717002039009 21709.0 97
1717002040342 21709.0 98
1717002041712 21709.0 99
