1717455185785 0.6495937108059668 1
1717455189830 0.6804931163637189 2
1717455193616 0.6915808152151144 3
1717455197614 0.7034125999980432 4
1717455201677 0.7603295239077819 5
1717455205741 0.7836091262496402 6
1717455209839 0.8013698138529316 7
1717455213959 0.8069351892614189 8
1717455217959 0.8107507645590841 9
1717455221972 0.8126790133512344 10
1717455226094 0.8150027085125564 11
1717455229890 0.8156002066594104 12
1717455233841 0.8162083442156289 13
1717455238359 0.8148793199857565 14
1717455242576 0.8140079755162883 15
1717455246719 0.8157765909267017 16
1717455250973 0.8154948123182445 17
1717455254996 0.8164198723408955 18
1717455259020 0.8161513347675895 19
1717455263016 0.8170647931482932 20
1717455266892 0.8168701151489698 21
1717455270832 0.8174856911572597 22
1717455274718 0.8175977228737927 23
1717455278777 0.8169303066806411 24
1717455282930 0.8174141945970916 25
1717455286862 0.8177985082916192 26
1717455290880 0.8177464667314754 27
1717455294942 0.8181581099660985 28
1717455299110 0.8187076037902514 29
1717455303078 0.8186654766893404 30
1717455307234 0.8193325167835711 31
1717455311506 0.8189717793496923 32
1717455315633 0.8190423903305691 33
1717455319651 0.8193466200045189 34
1717455323785 0.818262502369724 35
1717455327871 0.8190323643648636 36
1717455331824 0.8194694422971245 37
1717455335955 0.8199236589492196 38
1717455339950 0.8209474430784184 39
1717455343899 0.8214771275911363 40
1717455347847 0.8214162667814765 41
1717455351784 0.8215015138358572 42
1717455355739 0.8216450384728239 43
1717455360055 0.8226224423939273 44
1717455364061 0.8225792388404045 45
1717455368392 0.822486283613598 46
1717455372449 0.8229727685213518 47
1717455376406 0.8232785835249539 48
1717455380292 0.8221652556200306 49
1717455384321 0.822872366973568 50
1717455388478 0.8230406428158842 51
1717455392678 0.8231808023463998 52
1717455396773 0.8229560798046868 53
1717455400763 0.8231154861730189 54
1717455404709 0.8230179174524809 55
1717455408929 0.8240439768203853 56
1717455412944 0.8237423291933685 57
1717455417221 0.8235756184227762 58
1717455421115 0.8236955028152233 59
1717455425134 0.8229993294498045 60
1717455429235 0.823626845242888 61
1717455433317 0.8239357243977897 62
1717455437424 0.8243442312789381 63
1717455441750 0.8244198993248065 64
1717455445896 0.8240562429045963 65
1717455449690 0.8236350541337583 66
1717455453612 0.8240052688688101 67
1717455458139 0.823950191610866 68
1717455462129 0.8249551513228602 69
1717455466175 0.8245893173109808 70
1717455470048 0.8245945028974594 71
1717455474077 0.8244088212513182 72
1717455478142 0.8247839605646481 73
1717455482078 0.8252026094789711 74
1717455485978 0.8250169170010709 75
1717455490112 0.8250911320446255 76
1717455494085 0.8249664950948874 77
1717455497964 0.8255214551955606 78
1717455502048 0.8251380180268134 79
1717455505992 0.8255218415153049 80
1717455510019 0.82573552939092 81
1717455514191 0.8261948345191755 82
1717455518311 0.8260052834459396 83
1717455522368 0.8249535310690385 84
1717455526474 0.8248452156331475 85
1717455530504 0.8253953984614657 86
1717455534571 0.8254470028512745 87
1717455538540 0.8255499443717057 88
1717455542258 0.8250385444498827 89
1717455546212 0.8252258124800088 90
1717455550027 0.8253456646926167 91
1717455553968 0.8258039879623942 92
1717455558074 0.8245710980090502 93
1717455562190 0.8253385784414562 94
1717455566093 0.825770455027718 95
1717455570010 0.8265602103385711 96
1717455573690 0.8251482933817927 97
1717455577568 0.8254978406577874 98
1717455581529 0.8257319031028336 99
