1717241506349 25996.0 1
1717241508162 25996.0 2
1717241509940 25996.0 3
1717241511650 25996.0 4
1717241513382 25996.0 5
1717241515116 25996.0 6
1717241516851 25996.0 7
1717241518587 25996.0 8
1717241520292 25996.0 9
1717241522045 25996.0 10
1717241523795 25996.0 11
1717241525561 25996.0 12
1717241527284 25996.0 13
1717241529057 25996.0 14
1717241530789 25996.0 15
1717241532526 25996.0 16
1717241534262 25996.0 17
1717241535989 25996.0 18
1717241537747 25996.0 19
1717241539504 25996.0 20
1717241541215 25996.0 21
1717241542957 25996.0 22
1717241544686 25996.0 23
1717241546477 25996.0 24
1717241548219 25996.0 25
1717241549968 25996.0 26
1717241551732 25996.0 27
1717241553475 25996.0 28
1717241555288 25996.0 29
1717241557059 25996.0 30
1717241558869 25996.0 31
1717241560750 25996.0 32
1717241562532 25996.0 33
1717241564287 25996.0 34
1717241566138 25996.0 35
1717241567914 25996.0 36
1717241570111 25996.0 37
1717241572076 25996.0 38
1717241573873 25996.0 39
1717241575668 25996.0 40
1717241577462 25996.0 41
1717241579261 25996.0 42
1717241581112 25996.0 43
1717241582917 25996.0 44
1717241584700 25996.0 45
1717241586549 25996.0 46
1717241588362 25996.0 47
1717241590189 25996.0 48
1717241591994 25996.0 49
1717241593791 25996.0 50
1717241595597 25996.0 51
1717241597403 25996.0 52
1717241599206 25996.0 53
1717241600989 25996.0 54
1717241602802 25996.0 55
1717241604597 25996.0 56
1717241606424 25996.0 57
1717241608227 25996.0 58
1717241610034 25996.0 59
1717241611861 25996.0 60
1717241613683 25996.0 61
1717241615485 25996.0 62
1717241617286 25996.0 63
1717241619143 25996.0 64
1717241621208 25996.0 65
1717241623029 25996.0 66
1717241624853 25996.0 67
1717241626640 25996.0 68
1717241628456 25996.0 69
1717241630251 25996.0 70
1717241632090 25996.0 71
1717241633877 25996.0 72
1717241635688 25996.0 73
1717241637484 25996.0 74
1717241639268 25996.0 75
1717241641056 25996.0 76
1717241642862 25996.0 77
1717241644666 25996.0 78
1717241646495 25996.0 79
1717241648265 25996.0 80
1717241650073 25996.0 81
1717241651905 25996.0 82
1717241653675 25996.0 83
1717241655509 25996.0 84
1717241657334 25996.0 85
1717241659138 25996.0 86
1717241660931 25996.0 87
1717241662727 25996.0 88
1717241664534 25996.0 89
1717241666360 25996.0 90
1717241668191 25996.0 91
1717241670008 25996.0 92
1717241671817 25996.0 93
1717241673613 25996.0 94
1717241675455 25996.0 95
1717241677262 25996.0 96
1717241679087 25996.0 97
1717241680947 25996.0 98
1717241682794 25996.0 99
