1717094227542 0.522232284481065 1
1717094230801 0.4577603160496859 2
1717094234123 0.4577603160496859 3
1717094237436 0.4577603160496859 4
1717094240717 0.4577603160496859 5
1717094243996 0.4577603160496859 6
1717094247503 0.4577603160496859 7
1717094251055 0.4577603160496859 8
1717094254372 0.4577603160496859 9
1717094257665 0.4577603160496859 10
1717094261070 0.4577603160496859 11
1717094264390 0.4577603160496859 12
1717094267751 0.4577603160496859 13
1717094271064 0.4581667819847139 14
1717094274380 0.4581667819847139 15
1717094277734 0.4581667819847139 16
1717094281256 0.4580781509056936 17
1717094284578 0.5226343027362547 18
1717094287925 0.47577284618966054 19
1717094291269 0.4577603160496859 20
1717094295040 0.4577603160496859 21
1717094298390 0.4580781509056936 22
1717094301711 0.4982333050654852 23
1717094305281 0.4982333050654852 24
1717094308686 0.4982333050654852 25
1717094312111 0.501040245584789 26
1717094315464 0.5013992477803649 27
1717094318787 0.5013992477803649 28
1717094322138 0.5022823799558138 29
1717094325492 0.5022698414214388 30
1717094328853 0.5020523114182661 31
1717094332272 0.50192566186635 32
1717094335675 0.5030342373797396 33
1717094339073 0.5073348491070571 34
1717094342709 0.5073348491070571 35
1717094346045 0.5136504993877435 36
1717094349374 0.47175070172506156 37
1717094352727 0.4577603160496859 38
1717094356165 0.4577603160496859 39
1717094359532 0.4577603160496859 40
1717094362901 0.4577603160496859 41
1717094366302 0.4577603160496859 42
1717094369706 0.4577603160496859 43
1717094373055 0.4577603160496859 44
1717094376443 0.4577603160496859 45
1717094379802 0.4577603160496859 46
1717094383136 0.4577603160496859 47
1717094386457 0.4577603160496859 48
1717094389990 0.4577603160496859 49
1717094393724 0.4577603160496859 50
1717094397434 0.4577603160496859 51
1717094401070 0.4577603160496859 52
1717094404704 0.4577603160496859 53
1717094408332 0.4577603160496859 54
1717094411929 0.4577603160496859 55
1717094415557 0.4577603160496859 56
1717094419144 0.4577603160496859 57
1717094422746 0.4577603160496859 58
1717094426425 0.4577603160496859 59
1717094430028 0.4577603160496859 60
1717094433979 0.4577603160496859 61
1717094437611 0.4577603160496859 62
1717094441264 0.4577603160496859 63
1717094444886 0.4577603160496859 64
1717094448524 0.4577603160496859 65
1717094452187 0.4577603160496859 66
1717094455778 0.4577603160496859 67
1717094459427 0.4577603160496859 68
1717094463060 0.4577603160496859 69
1717094466664 0.4577603160496859 70
1717094470283 0.4577603160496859 71
1717094473905 0.4577603160496859 72
1717094478628 0.4577603160496859 73
1717094482301 0.4577603160496859 74
1717094485946 0.4598870906974927 75
1717094489623 0.4583427963337545 76
1717094493284 0.4577603160496859 77
1717094496929 0.4577603160496859 78
1717094500556 0.4577603160496859 79
1717094504214 0.4577603160496859 80
1717094507887 0.4577603160496859 81
1717094511594 0.4577603160496859 82
1717094515356 0.4577603160496859 83
1717094519143 0.4577603160496859 84
1717094522926 0.4577603160496859 85
1717094526695 0.4577603160496859 86
1717094530531 0.4577603160496859 87
1717094534311 0.4581643062296169 88
1717094538082 0.4577603160496859 89
1717094541890 0.4577603160496859 90
1717094545709 0.4577603160496859 91
1717094549562 0.4577603160496859 92
1717094553665 0.4577603160496859 93
1717094557514 0.4577603160496859 94
1717094561372 0.4577603160496859 95
1717094565232 0.4577603160496859 96
1717094569079 0.4577603160496859 97
1717094572917 0.4577603160496859 98
1717094576836 0.4577603160496859 99
