1717094227542 1.8883589506149292 1
1717094230801 1.4357796907424927 2
1717094234123 1.4336624145507812 3
1717094237436 1.4263231754302979 4
1717094240717 1.4214955568313599 5
1717094243996 1.4205609560012817 6
1717094247503 1.4235888719558716 7
1717094251055 1.418303370475769 8
1717094254372 1.4149789810180664 9
1717094257665 1.4141355752944946 10
1717094261070 1.4144943952560425 11
1717094264390 1.4129505157470703 12
1717094267751 1.4136344194412231 13
1717094271064 1.415781855583191 14
1717094274380 1.4155172109603882 15
1717094277734 1.4195038080215454 16
1717094281256 1.4144617319107056 17
1717094284578 1.4238897562026978 18
1717094287925 1.4417874813079834 19
1717094291269 1.465588927268982 20
1717094295040 1.4270716905593872 21
1717094298390 1.4213110208511353 22
1717094301711 1.4161478281021118 23
1717094305281 1.4196383953094482 24
1717094308686 1.416926622390747 25
1717094312111 1.4167068004608154 26
1717094315464 1.41947340965271 27
1717094318787 1.4182660579681396 28
1717094322138 1.418357014656067 29
1717094325492 1.4168288707733154 30
1717094328853 1.4186562299728394 31
1717094332272 1.4150608777999878 32
1717094335675 1.4159168004989624 33
1717094339073 1.412353277206421 34
1717094342709 1.4130089282989502 35
1717094346045 1.4119583368301392 36
1717094349374 1.4162579774856567 37
1717094352727 1.4596748352050781 38
1717094356165 1.4207122325897217 39
1717094359532 1.423925518989563 40
1717094362901 1.423035979270935 41
1717094366302 1.4240881204605103 42
1717094369706 1.420673131942749 43
1717094373055 1.4253787994384766 44
1717094376443 1.4261455535888672 45
1717094379802 1.4223710298538208 46
1717094383136 1.4217040538787842 47
1717094386457 1.424673080444336 48
1717094389990 1.4266449213027954 49
1717094393724 1.4239161014556885 50
1717094397434 1.424870252609253 51
1717094401070 1.426383376121521 52
1717094404704 1.4255715608596802 53
1717094408332 1.4238767623901367 54
1717094411929 1.4223538637161255 55
1717094415557 1.4263373613357544 56
1717094419144 1.4216364622116089 57
1717094422746 1.420608401298523 58
1717094426425 1.4247225522994995 59
1717094430028 1.4254915714263916 60
1717094433979 1.426019549369812 61
1717094437611 1.4249956607818604 62
1717094441264 1.4218690395355225 63
1717094444886 1.4249531030654907 64
1717094448524 1.4219348430633545 65
1717094452187 1.4265639781951904 66
1717094455778 1.4276902675628662 67
1717094459427 1.4262335300445557 68
1717094463060 1.4224714040756226 69
1717094466664 1.422753095626831 70
1717094470283 1.4270111322402954 71
1717094473905 1.426025390625 72
1717094478628 1.4242945909500122 73
1717094482301 1.425110936164856 74
1717094485946 1.5418914556503296 75
1717094489623 1.4070900678634644 76
1717094493284 1.417546272277832 77
1717094496929 1.4195748567581177 78
1717094500556 1.4212028980255127 79
1717094504214 1.4224166870117188 80
1717094507887 1.4232635498046875 81
1717094511594 1.4238269329071045 82
1717094515356 1.424186110496521 83
1717094519143 1.4244043827056885 84
1717094522926 1.4245082139968872 85
1717094526695 1.424951195716858 86
1717094530531 1.4249231815338135 87
1717094534311 1.4287168979644775 88
1717094538082 1.4249500036239624 89
1717094541890 1.4236334562301636 90
1717094545709 1.4240633249282837 91
1717094549562 1.4243487119674683 92
1717094553665 1.424525499343872 93
1717094557514 1.4246351718902588 94
1717094561372 1.4246972799301147 95
1717094565232 1.4247294664382935 96
1717094569079 1.4247397184371948 97
1717094572917 1.4247642755508423 98
1717094576836 1.4249204397201538 99
