1717094227542 15196.0 1
1717094230801 15196.0 2
1717094234123 15196.0 3
1717094237436 15196.0 4
1717094240717 15196.0 5
1717094243996 15196.0 6
1717094247503 15196.0 7
1717094251055 15196.0 8
1717094254372 15196.0 9
1717094257665 15196.0 10
1717094261070 15196.0 11
1717094264390 15196.0 12
1717094267751 15196.0 13
1717094271064 15196.0 14
1717094274380 15196.0 15
1717094277734 15196.0 16
1717094281256 15196.0 17
1717094284578 15196.0 18
1717094287925 15196.0 19
1717094291269 15196.0 20
1717094295040 15196.0 21
1717094298390 15196.0 22
1717094301711 15196.0 23
1717094305281 15196.0 24
1717094308686 15196.0 25
1717094312111 15196.0 26
1717094315464 15196.0 27
1717094318787 15196.0 28
1717094322138 15196.0 29
1717094325492 15196.0 30
1717094328853 15196.0 31
1717094332272 15196.0 32
1717094335675 15196.0 33
1717094339073 15196.0 34
1717094342709 15196.0 35
1717094346045 15196.0 36
1717094349374 15196.0 37
1717094352727 15196.0 38
1717094356165 15196.0 39
1717094359532 15196.0 40
1717094362901 15196.0 41
1717094366302 15196.0 42
1717094369706 15196.0 43
1717094373055 15196.0 44
1717094376443 15196.0 45
1717094379802 15196.0 46
1717094383136 15196.0 47
1717094386457 15196.0 48
1717094389990 15196.0 49
1717094393724 15196.0 50
1717094397434 15196.0 51
1717094401070 15196.0 52
1717094404704 15196.0 53
1717094408332 15196.0 54
1717094411929 15196.0 55
1717094415557 15196.0 56
1717094419144 15196.0 57
1717094422746 15196.0 58
1717094426425 15196.0 59
1717094430028 15196.0 60
1717094433979 15196.0 61
1717094437611 15196.0 62
1717094441264 15196.0 63
1717094444886 15196.0 64
1717094448524 15196.0 65
1717094452187 15196.0 66
1717094455778 15196.0 67
1717094459427 15196.0 68
1717094463060 15196.0 69
1717094466664 15196.0 70
1717094470283 15196.0 71
1717094473905 15196.0 72
1717094478628 15196.0 73
1717094482301 15196.0 74
1717094485946 15196.0 75
1717094489623 15196.0 76
1717094493284 15196.0 77
1717094496929 15196.0 78
1717094500556 15196.0 79
1717094504214 15196.0 80
1717094507887 15196.0 81
1717094511594 15196.0 82
1717094515356 15196.0 83
1717094519143 15196.0 84
1717094522926 15196.0 85
1717094526695 15196.0 86
1717094530531 15196.0 87
1717094534311 15196.0 88
1717094538082 15196.0 89
1717094541890 15196.0 90
1717094545709 15196.0 91
1717094549562 15196.0 92
1717094553665 15196.0 93
1717094557514 15196.0 94
1717094561372 15196.0 95
1717094565232 15196.0 96
1717094569079 15196.0 97
1717094572917 15196.0 98
1717094576836 15196.0 99
