1717094227542 58910.0 1
1717094230801 46820.0 2
1717094234123 46820.0 3
1717094237436 46820.0 4
1717094240717 46820.0 5
1717094243996 46820.0 6
1717094247503 46820.0 7
1717094251055 46820.0 8
1717094254372 46820.0 9
1717094257665 46820.0 10
1717094261070 46820.0 11
1717094264390 46820.0 12
1717094267751 46820.0 13
1717094271064 46876.0 14
1717094274380 46876.0 15
1717094277734 46876.0 16
1717094281256 46710.0 17
1717094284578 56770.0 18
1717094287925 48014.0 19
1717094291269 46820.0 20
1717094295040 46820.0 21
1717094298390 46710.0 22
1717094301711 51006.0 23
1717094305281 51006.0 24
1717094308686 51006.0 25
1717094312111 51034.0 26
1717094315464 50816.0 27
1717094318787 50816.0 28
1717094322138 50876.0 29
1717094325492 50950.0 30
1717094328853 50756.0 31
1717094332272 50386.0 32
1717094335675 50226.0 33
1717094339073 50878.0 34
1717094342709 50878.0 35
1717094346045 51206.0 36
1717094349374 45930.0 37
1717094352727 46820.0 38
1717094356165 46820.0 39
1717094359532 46820.0 40
1717094362901 46820.0 41
1717094366302 46820.0 42
1717094369706 46820.0 43
1717094373055 46820.0 44
1717094376443 46820.0 45
1717094379802 46820.0 46
1717094383136 46820.0 47
1717094386457 46820.0 48
1717094389990 46820.0 49
1717094393724 46820.0 50
1717094397434 46820.0 51
1717094401070 46820.0 52
1717094404704 46820.0 53
1717094408332 46820.0 54
1717094411929 46820.0 55
1717094415557 46820.0 56
1717094419144 46820.0 57
1717094422746 46820.0 58
1717094426425 46820.0 59
1717094430028 46820.0 60
1717094433979 46820.0 61
1717094437611 46820.0 62
1717094441264 46820.0 63
1717094444886 46820.0 64
1717094448524 46820.0 65
1717094452187 46820.0 66
1717094455778 46820.0 67
1717094459427 46820.0 68
1717094463060 46820.0 69
1717094466664 46820.0 70
1717094470283 46820.0 71
1717094473905 46820.0 72
1717094478628 46820.0 73
1717094482301 46820.0 74
1717094485946 53896.0 75
1717094489623 48580.0 76
1717094493284 46820.0 77
1717094496929 46820.0 78
1717094500556 46820.0 79
1717094504214 46820.0 80
1717094507887 46820.0 81
1717094511594 46820.0 82
1717094515356 46820.0 83
1717094519143 46820.0 84
1717094522926 46820.0 85
1717094526695 46820.0 86
1717094530531 46820.0 87
1717094534311 46932.0 88
1717094538082 46820.0 89
1717094541890 46820.0 90
1717094545709 46820.0 91
1717094549562 46820.0 92
1717094553665 46820.0 93
1717094557514 46820.0 94
1717094561372 46820.0 95
1717094565232 46820.0 96
1717094569079 46820.0 97
1717094572917 46820.0 98
1717094576836 46820.0 99
