1717257070535 0.5991964533111666 1
1717257074639 0.43333333333333335 2
1717257079194 0.3333333333333333 3
1717257083603 0.23333333333333334 4
1717257087909 0.2 5
1717257091971 0.2 6
1717257095960 0.2 7
1717257100128 0.16666666666666666 8
1717257105953 0.13333333333333333 9
1717257110192 0.1 10
1717257114312 0.1 11
1717257118348 0.1 12
1717257122511 0.1 13
1717257126723 0.1 14
1717257130765 0.1 15
1717257135103 0.1 16
1717257139337 0.1 17
1717257143425 0.1 18
1717257147465 0.1 19
1717257151569 0.1 20
1717257155639 0.1 21
1717257159650 0.06666666666666667 22
1717257163689 0.06666666666666667 23
1717257167746 0.06666666666666667 24
1717257171808 0.06666666666666667 25
1717257175833 0.06666666666666667 26
1717257179881 0.06666666666666667 27
1717257183952 0.06666666666666667 28
1717257187962 0.06666666666666667 29
1717257191951 0.06666666666666667 30
1717257196006 0.06666666666666667 31
1717257200016 0.06666666666666667 32
1717257204019 0.06666666666666667 33
1717257208034 0.06666666666666667 34
1717257212037 0.06666666666666667 35
1717257216086 0.06666666666666667 36
1717257220127 0.06666666666666667 37
1717257224126 0.06666666666666667 38
1717257228136 0.06666666666666667 39
1717257232201 0.06666666666666667 40
1717257236226 0.06666666666666667 41
1717257240231 0.06666666666666667 42
1717257244326 0.06666666666666667 43
1717257248357 0.06666666666666667 44
1717257252394 0.06666666666666667 45
1717257256400 0.06666666666666667 46
1717257260410 0.06666666666666667 47
1717257264398 0.06666666666666667 48
1717257268425 0.06666666666666667 49
1717257272423 0.06666666666666667 50
1717257276415 0.06666666666666667 51
1717257280400 0.06666666666666667 52
1717257284404 0.06666666666666667 53
1717257288594 0.06666666666666667 54
1717257293495 0.06666666666666667 55
1717257297521 0.06666666666666667 56
1717257301546 0.06666666666666667 57
1717257305544 0.06666666666666667 58
1717257309573 0.06666666666666667 59
1717257313569 0.06666666666666667 60
1717257317554 0.06666666666666667 61
1717257321594 0.06666666666666667 62
1717257325592 0.06666666666666667 63
1717257329581 0.06666666666666667 64
1717257333578 0.06666666666666667 65
1717257337594 0.06666666666666667 66
1717257341596 0.06666666666666667 67
1717257345646 0.06666666666666667 68
1717257349667 0.06666666666666667 69
1717257353682 0.06666666666666667 70
1717257357714 0.06666666666666667 71
1717257361723 0.06666666666666667 72
1717257365818 0.06666666666666667 73
1717257369852 0.06666666666666667 74
1717257373893 0.06666666666666667 75
1717257377917 0.06666666666666667 76
1717257381930 0.06666666666666667 77
1717257385941 0.06666666666666667 78
1717257389998 0.06666666666666667 79
1717257394044 0.06666666666666667 80
1717257398059 0.06666666666666667 81
1717257402074 0.06666666666666667 82
1717257406078 0.06666666666666667 83
1717257410085 0.06666666666666667 84
1717257414099 0.06666666666666667 85
1717257418136 0.06666666666666667 86
1717257422151 0.06666666666666667 87
1717257426197 0.06666666666666667 88
1717257430188 0.06666666666666667 89
1717257434325 0.06666666666666667 90
1717257438368 0.06666666666666667 91
1717257442384 0.06666666666666667 92
1717257446411 0.06666666666666667 93
1717257450424 0.06666666666666667 94
1717257454440 0.06666666666666667 95
1717257458471 0.06666666666666667 96
1717257462504 0.06666666666666667 97
1717257466562 0.06666666666666667 98
1717257470637 0.06666666666666667 99
