1717257070535 0.1297343224287033 1
1717257074639 0.17914731800556183 2
1717257079194 0.2125229388475418 3
1717257083603 0.24562905728816986 4
1717257087909 0.2564984858036041 5
1717257091971 0.2564984858036041 6
1717257095960 0.2564984858036041 7
1717257100128 0.26660674810409546 8
1717257105953 0.27769893407821655 9
1717257110192 0.28785696625709534 10
1717257114312 0.28785696625709534 11
1717257118348 0.28785696625709534 12
1717257122511 0.28785696625709534 13
1717257126723 0.28785696625709534 14
1717257130765 0.28785696625709534 15
1717257135103 0.28785696625709534 16
1717257139337 0.28785696625709534 17
1717257143425 0.28785696625709534 18
1717257147465 0.28785696625709534 19
1717257151569 0.28785696625709534 20
1717257155639 0.28785696625709534 21
1717257159650 0.2986777424812317 22
1717257163689 0.2986777424812317 23
1717257167746 0.2986777424812317 24
1717257171808 0.2986777424812317 25
1717257175833 0.2986777424812317 26
1717257179881 0.2986777424812317 27
1717257183952 0.2986777424812317 28
1717257187962 0.2986777424812317 29
1717257191951 0.2986777424812317 30
1717257196006 0.2986777424812317 31
1717257200016 0.2986777424812317 32
1717257204019 0.2986777424812317 33
1717257208034 0.2986777424812317 34
1717257212037 0.2986777424812317 35
1717257216086 0.2986777424812317 36
1717257220127 0.2986777424812317 37
1717257224126 0.2986777424812317 38
1717257228136 0.2986777424812317 39
1717257232201 0.2986777424812317 40
1717257236226 0.2986777424812317 41
1717257240231 0.2986777424812317 42
1717257244326 0.2986777424812317 43
1717257248357 0.2986777424812317 44
1717257252394 0.2986777424812317 45
1717257256400 0.2986777424812317 46
1717257260410 0.2986777424812317 47
1717257264398 0.2986777424812317 48
1717257268425 0.2986777424812317 49
1717257272423 0.2986777424812317 50
1717257276415 0.2986777424812317 51
1717257280400 0.2986777424812317 52
1717257284404 0.2986777424812317 53
1717257288594 0.2986777424812317 54
1717257293495 0.2986777424812317 55
1717257297521 0.2986777424812317 56
1717257301546 0.2986777424812317 57
1717257305544 0.2986777424812317 58
1717257309573 0.2986777424812317 59
1717257313569 0.2986777424812317 60
1717257317554 0.2986777424812317 61
1717257321594 0.2986777424812317 62
1717257325592 0.2986777424812317 63
1717257329581 0.2986777424812317 64
1717257333578 0.2986777424812317 65
1717257337594 0.2986777424812317 66
1717257341596 0.2986777424812317 67
1717257345646 0.2986777424812317 68
1717257349667 0.2986777424812317 69
1717257353682 0.2986777424812317 70
1717257357714 0.2986777424812317 71
1717257361723 0.2986777424812317 72
1717257365818 0.2986777424812317 73
1717257369852 0.2986777424812317 74
1717257373893 0.2986777424812317 75
1717257377917 0.2986777424812317 76
1717257381930 0.2986777424812317 77
1717257385941 0.2986777424812317 78
1717257389998 0.2986777424812317 79
1717257394044 0.2986777424812317 80
1717257398059 0.2986777424812317 81
1717257402074 0.2986777424812317 82
1717257406078 0.2986777424812317 83
1717257410085 0.2986777424812317 84
1717257414099 0.2986777424812317 85
1717257418136 0.2986777424812317 86
1717257422151 0.2986777424812317 87
1717257426197 0.2986777424812317 88
1717257430188 0.2986777424812317 89
1717257434325 0.2986777424812317 90
1717257438368 0.2986777424812317 91
1717257442384 0.2986777424812317 92
1717257446411 0.2986777424812317 93
1717257450424 0.2986777424812317 94
1717257454440 0.2986777424812317 95
1717257458471 0.2986777424812317 96
1717257462504 0.2986777424812317 97
1717257466562 0.2986777424812317 98
1717257470637 0.2986777424812317 99
