1717257070535 68779.0 1
1717257074639 49616.0 2
1717257079194 37694.0 3
1717257083603 25984.0 4
1717257087909 21790.0 5
1717257091971 21790.0 6
1717257095960 21790.0 7
1717257100128 18002.0 8
1717257105953 14084.0 9
1717257110192 10240.0 10
1717257114312 10240.0 11
1717257118348 10240.0 12
1717257122511 10240.0 13
1717257126723 10240.0 14
1717257130765 10240.0 15
1717257135103 10240.0 16
1717257139337 10240.0 17
1717257143425 10240.0 18
1717257147465 10240.0 19
1717257151569 10240.0 20
1717257155639 10240.0 21
1717257159650 6906.0 22
1717257163689 6906.0 23
1717257167746 6906.0 24
1717257171808 6906.0 25
1717257175833 6906.0 26
1717257179881 6906.0 27
1717257183952 6906.0 28
1717257187962 6906.0 29
1717257191951 6906.0 30
1717257196006 6906.0 31
1717257200016 6906.0 32
1717257204019 6906.0 33
1717257208034 6906.0 34
1717257212037 6906.0 35
1717257216086 6906.0 36
1717257220127 6906.0 37
1717257224126 6906.0 38
1717257228136 6906.0 39
1717257232201 6906.0 40
1717257236226 6906.0 41
1717257240231 6906.0 42
1717257244326 6906.0 43
1717257248357 6906.0 44
1717257252394 6906.0 45
1717257256400 6906.0 46
1717257260410 6906.0 47
1717257264398 6906.0 48
1717257268425 6906.0 49
1717257272423 6906.0 50
1717257276415 6906.0 51
1717257280400 6906.0 52
1717257284404 6906.0 53
1717257288594 6906.0 54
1717257293495 6906.0 55
1717257297521 6906.0 56
1717257301546 6906.0 57
1717257305544 6906.0 58
1717257309573 6906.0 59
1717257313569 6906.0 60
1717257317554 6906.0 61
1717257321594 6906.0 62
1717257325592 6906.0 63
1717257329581 6906.0 64
1717257333578 6906.0 65
1717257337594 6906.0 66
1717257341596 6906.0 67
1717257345646 6906.0 68
1717257349667 6906.0 69
1717257353682 6906.0 70
1717257357714 6906.0 71
1717257361723 6906.0 72
1717257365818 6906.0 73
1717257369852 6906.0 74
1717257373893 6906.0 75
1717257377917 6906.0 76
1717257381930 6906.0 77
1717257385941 6906.0 78
1717257389998 6906.0 79
1717257394044 6906.0 80
1717257398059 6906.0 81
1717257402074 6906.0 82
1717257406078 6906.0 83
1717257410085 6906.0 84
1717257414099 6906.0 85
1717257418136 6906.0 86
1717257422151 6906.0 87
1717257426197 6906.0 88
1717257430188 6906.0 89
1717257434325 6906.0 90
1717257438368 6906.0 91
1717257442384 6906.0 92
1717257446411 6906.0 93
1717257450424 6906.0 94
1717257454440 6906.0 95
1717257458471 6906.0 96
1717257462504 6906.0 97
1717257466562 6906.0 98
1717257470637 6906.0 99
