1717257070535 1.3879822492599487 1
1717257074639 1.387864589691162 2
1717257079194 1.387848138809204 3
1717257083603 1.3878405094146729 4
1717257087909 1.38783597946167 5
1717257091971 1.3878331184387207 6
1717257095960 1.3878313302993774 7
1717257100128 1.3878300189971924 8
1717257105953 1.387829065322876 9
1717257110192 1.3878285884857178 10
1717257114312 1.3878282308578491 11
1717257118348 1.3878276348114014 12
1717257122511 1.3878272771835327 13
1717257126723 1.3878271579742432 14
1717257130765 1.3878271579742432 15
1717257135103 1.387826919555664 16
1717257139337 1.387826919555664 17
1717257143425 1.387826919555664 18
1717257147465 1.387826919555664 19
1717257151569 1.3878268003463745 20
1717257155639 1.387826919555664 21
1717257159650 1.3878268003463745 22
1717257163689 1.3878268003463745 23
1717257167746 1.3878268003463745 24
1717257171808 1.3878268003463745 25
1717257175833 1.3878268003463745 26
1717257179881 1.3878268003463745 27
1717257183952 1.3878268003463745 28
1717257187962 1.3878268003463745 29
1717257191951 1.3878268003463745 30
1717257196006 1.3878268003463745 31
1717257200016 1.3878268003463745 32
1717257204019 1.3878268003463745 33
1717257208034 1.3878268003463745 34
1717257212037 1.3878268003463745 35
1717257216086 1.3878268003463745 36
1717257220127 1.3878268003463745 37
1717257224126 1.3878268003463745 38
1717257228136 1.3878268003463745 39
1717257232201 1.3878268003463745 40
1717257236226 1.3878268003463745 41
1717257240231 1.3878268003463745 42
1717257244326 1.3878268003463745 43
1717257248357 1.3878268003463745 44
1717257252394 1.3878268003463745 45
1717257256400 1.3878268003463745 46
1717257260410 1.3878268003463745 47
1717257264398 1.3878268003463745 48
1717257268425 1.3878268003463745 49
1717257272423 1.3878268003463745 50
1717257276415 1.3878268003463745 51
1717257280400 1.3878268003463745 52
1717257284404 1.3878268003463745 53
1717257288594 1.3878268003463745 54
1717257293495 1.3878268003463745 55
1717257297521 1.3878268003463745 56
1717257301546 1.3878268003463745 57
1717257305544 1.3878268003463745 58
1717257309573 1.3878268003463745 59
1717257313569 1.3878268003463745 60
1717257317554 1.3878268003463745 61
1717257321594 1.3878268003463745 62
1717257325592 1.3878268003463745 63
1717257329581 1.3878268003463745 64
1717257333578 1.3878268003463745 65
1717257337594 1.3878268003463745 66
1717257341596 1.3878268003463745 67
1717257345646 1.3878268003463745 68
1717257349667 1.3878268003463745 69
1717257353682 1.3878268003463745 70
1717257357714 1.3878268003463745 71
1717257361723 1.3878268003463745 72
1717257365818 1.3878268003463745 73
1717257369852 1.3878268003463745 74
1717257373893 1.3878268003463745 75
1717257377917 1.3878268003463745 76
1717257381930 1.3878268003463745 77
1717257385941 1.3878268003463745 78
1717257389998 1.3878268003463745 79
1717257394044 1.3878268003463745 80
1717257398059 1.3878268003463745 81
1717257402074 1.3878268003463745 82
1717257406078 1.3878268003463745 83
1717257410085 1.3878268003463745 84
1717257414099 1.3878268003463745 85
1717257418136 1.3878268003463745 86
1717257422151 1.3878268003463745 87
1717257426197 1.3878268003463745 88
1717257430188 1.3878268003463745 89
1717257434325 1.3878268003463745 90
1717257438368 1.3878268003463745 91
1717257442384 1.3878268003463745 92
1717257446411 1.3878268003463745 93
1717257450424 1.3878268003463745 94
1717257454440 1.3878268003463745 95
1717257458471 1.3878268003463745 96
1717257462504 1.3878268003463745 97
1717257466562 1.3878268003463745 98
1717257470637 1.3878268003463745 99
