1717240070809 0.6963624713634552 1
1717240071057 0.3413791623452652 2
1717240071299 0.7058234530895215 3
1717240071543 0.7323453358896799 4
1717240071794 0.7458157052850468 5
1717240072049 0.7398412347497206 6
1717240072299 0.7310782646877151 7
1717240072559 0.7315066783987374 8
1717240072812 0.7304851064998268 9
1717240073062 0.7297859172470561 10
1717240073325 0.7282822022514133 11
1717240073601 0.7326844950292649 12
1717240073853 0.7355850337436973 13
1717240074107 0.7391169603718432 14
1717240074366 0.7491555565608594 15
1717240074613 0.7564458562801352 16
1717240074873 0.7640898906929683 17
1717240075135 0.7701720642009349 18
1717240075390 0.7730896645884027 19
1717240075650 0.7778859216144868 20
1717240075909 0.7802694726966871 21
1717240076182 0.7800264974985387 22
1717240076440 0.7802037702512788 23
1717240076700 0.7804944777146086 24
1717240076955 0.7825968554254957 25
1717240077217 0.7850941246576028 26
1717240077466 0.7859291602466163 27
1717240077724 0.7891819421846921 28
1717240077975 0.7917692971111084 29
1717240078233 0.7945835680531973 30
1717240078484 0.7959009229381485 31
1717240078745 0.7969883426799961 32
1717240079000 0.8016011113221797 33
1717240079252 0.8047808904111659 34
1717240079511 0.8083990384823536 35
1717240079768 0.8131579862504001 36
1717240080023 0.8160656245504969 37
1717240080287 0.8175941765261484 38
1717240080548 0.8202183748298756 39
1717240080804 0.8233722683618764 40
1717240081084 0.8241189610005927 41
1717240081343 0.8216509960357316 42
1717240081615 0.8193826509989057 43
1717240081869 0.8258912929601137 44
1717240082118 0.8293007059075324 45
1717240082380 0.8251725761758569 46
1717240082637 0.8283628809652962 47
1717240082895 0.8246695377491223 48
1717240083149 0.8281268625311151 49
1717240083403 0.8253445940117234 50
1717240083660 0.8286767987297126 51
1717240083923 0.8291048732336547 52
1717240084181 0.8308369494554668 53
1717240084441 0.833932555087413 54
1717240084698 0.8325804201836462 55
1717240084967 0.8332175744780784 56
1717240085225 0.8304200344682895 57
1717240085482 0.8331681878353233 58
1717240085749 0.8306498669031243 59
1717240085994 0.8342597608739994 60
1717240086262 0.8346154697497511 61
1717240086512 0.8369833778002238 62
1717240086773 0.8339512347867204 63
1717240087028 0.8380050472173783 64
1717240087278 0.8330903558877466 65
1717240087537 0.8376174125041149 66
1717240087799 0.8319548385547894 67
1717240088043 0.8381111667960518 68
1717240088295 0.833290567244475 69
1717240088550 0.8394614143638041 70
1717240088817 0.8360717786515577 71
1717240089093 0.8398857476378867 72
1717240089360 0.8376738961596049 73
1717240089617 0.840000974451838 74
1717240089869 0.8391978220070377 75
1717240090139 0.8409245382749304 76
1717240090400 0.8403884648048315 77
1717240090665 0.8439927257603698 78
1717240090920 0.8427432602436736 79
1717240091187 0.8455135666434044 80
1717240091445 0.8439162955670021 81
1717240091707 0.8461369074698706 82
1717240091972 0.8451857157308199 83
1717240092229 0.8470208907282585 84
1717240092480 0.8470258945085387 85
1717240092737 0.8477973084349457 86
1717240092993 0.8466722484675051 87
1717240093274 0.8483607437093081 88
1717240093528 0.846949974407871 89
1717240093784 0.8483440388465942 90
1717240094047 0.8474986381627592 91
1717240094318 0.8481951339280134 92
1717240094558 0.8479186519318758 93
1717240094810 0.8474043648525538 94
1717240095079 0.8485978746987481 95
1717240095342 0.8477593939568836 96
1717240095587 0.8489780297589359 97
1717240095837 0.8479918115175202 98
1717240096094 0.849220082237756 99
