1717240070809 0.04672490743095044 1
1717240071057 0.8592685574089052 2
1717240071299 0.7001049548626329 3
1717240071543 0.7098275990893093 4
1717240071794 0.6436012498017363 5
1717240072049 0.6808643632973865 6
1717240072299 0.6937135073456118 7
1717240072559 0.7097734848981347 8
1717240072812 0.6803752417117096 9
1717240073062 0.6902299985189406 10
1717240073325 0.7013257301957071 11
1717240073601 0.7184189455642134 12
1717240073853 0.7272167031648972 13
1717240074107 0.7514727474948748 14
1717240074366 0.7566565427803832 15
1717240074613 0.7665380596447733 16
1717240074873 0.770165610302821 17
1717240075135 0.7706473644780856 18
1717240075390 0.7647462004420429 19
1717240075650 0.7667868212021196 20
1717240075909 0.7653164669869368 21
1717240076182 0.753732809731812 22
1717240076440 0.75226601284004 23
1717240076700 0.745959838447074 24
1717240076955 0.7403838415574833 25
1717240077217 0.7460900690746219 26
1717240077466 0.7528610893850202 27
1717240077724 0.7551528958743855 28
1717240077975 0.7507542986542823 29
1717240078233 0.751511416646184 30
1717240078484 0.7610000084751863 31
1717240078745 0.7711033300764527 32
1717240079000 0.7835552370321316 33
1717240079252 0.8005442981725299 34
1717240079511 0.8184137300422302 35
1717240079768 0.8345828860584428 36
1717240080023 0.8444941360335193 37
1717240080287 0.8408973595578704 38
1717240080548 0.8374138840802325 39
1717240080804 0.8385512080963812 40
1717240081084 0.8345576973081357 41
1717240081343 0.8264910666471046 42
1717240081615 0.8362330838697718 43
1717240081869 0.836410929297511 44
1717240082118 0.8281608194962727 45
1717240082380 0.8468085079770666 46
1717240082637 0.828672993258856 47
1717240082895 0.8457721897359717 48
1717240083149 0.8300955248790848 49
1717240083403 0.8455549583817488 50
1717240083660 0.8341742520788562 51
1717240083923 0.8410270936760591 52
1717240084181 0.8370601029307713 53
1717240084441 0.8352104193763429 54
1717240084698 0.8403885853307352 55
1717240084967 0.8299485407702332 56
1717240085225 0.8431452789612311 57
1717240085482 0.8306664898299951 58
1717240085749 0.8463755083680568 59
1717240085994 0.8318208617810866 60
1717240086262 0.8442111092111102 61
1717240086512 0.8313479587554934 62
1717240086773 0.8430588177425719 63
1717240087028 0.832714887734993 64
1717240087278 0.8468394121170852 65
1717240087537 0.831259366179566 66
1717240087799 0.8502919025539452 67
1717240088043 0.8312539881393028 68
1717240088295 0.8486323345425205 69
1717240088550 0.8341097131233315 70
1717240088817 0.8408397702836867 71
1717240089093 0.8378035310963318 72
1717240089360 0.8434193037684887 73
1717240089617 0.8381365749887678 74
1717240089869 0.8439086434632606 75
1717240090139 0.8361303025304988 76
1717240090400 0.8453971258185472 77
1717240090665 0.8313677468141233 78
1717240090920 0.8401948557694616 79
1717240091187 0.8264155183764673 80
1717240091445 0.8371774124010638 81
1717240091707 0.8276974008981636 82
1717240091972 0.8351121118673343 83
1717240092229 0.827558406279959 84
1717240092480 0.8329707437047672 85
1717240092737 0.8268035487977636 86
1717240092993 0.8311800759187544 87
1717240093274 0.8246152331719594 88
1717240093528 0.830074741179654 89
1717240093784 0.8262737421775451 90
1717240094047 0.8277014263886955 91
1717240094318 0.8273367034999289 92
1717240094558 0.8248996503779322 93
1717240094810 0.8297033522682842 94
1717240095079 0.822151532204425 95
1717240095342 0.8302263009290964 96
1717240095587 0.8235144629458981 97
1717240095837 0.8289520300708384 98
1717240096094 0.8249578209384089 99
