1717341104339 1.5429699420928955 1
1717341106351 1.4005067348480225 2
1717341108518 1.36482572555542 3
1717341110629 1.3352434635162354 4
1717341112567 1.299987554550171 5
1717341114781 1.2802746295928955 6
1717341116864 1.2627850770950317 7
1717341119086 1.2420413494110107 8
1717341121142 1.2203524112701416 9
1717341123272 1.195670247077942 10
1717341125397 1.1727194786071777 11
1717341127510 1.1523029804229736 12
1717341129733 1.134280800819397 13
1717341131926 1.1061084270477295 14
1717341134190 1.0848456621170044 15
1717341136324 1.0574328899383545 16
1717341138365 1.0305613279342651 17
1717341140464 1.0021761655807495 18
1717341142431 0.9751032590866089 19
1717341144412 0.9446366429328918 20
1717341146565 0.9169817566871643 21
1717341148625 0.897843062877655 22
1717341150670 0.8687041997909546 23
1717341152812 0.8484154939651489 24
1717341154827 0.8280352354049683 25
1717341156876 0.8295888304710388 26
1717341158938 0.8143188953399658 27
1717341161019 0.7905460596084595 28
1717341163305 0.7785580158233643 29
1717341165358 0.7556400895118713 30
1717341167411 0.7478672862052917 31
1717341169378 0.7364556193351746 32
1717341171580 0.7279907464981079 33
1717341173775 0.7250398397445679 34
1717341175823 0.736781656742096 35
1717341177944 0.6967414617538452 36
1717341180186 0.6792457103729248 37
1717341182292 0.6617696285247803 38
1717341184240 0.6483431458473206 39
1717341212661 0.6394451856613159 40
1717341214778 0.6306101679801941 41
1717341217431 0.6187876462936401 42
1717341219726 0.6066957712173462 43
1717341222536 0.6000064611434937 44
1717341224794 0.596759557723999 45
1717341226829 0.5923978090286255 46
1717341229125 0.5837233066558838 47
1717341231542 0.5808665156364441 48
1717341233753 0.5714384317398071 49
1717341235652 0.5709023475646973 50
1717341237608 0.5574198961257935 51
1717341239594 0.5532090067863464 52
1717341241590 0.5526078939437866 53
1717341243526 0.5503393411636353 54
1717341245494 0.5468165874481201 55
1717341247470 0.5459848642349243 56
1717341249479 0.5451351404190063 57
1717341251424 0.5436829328536987 58
1717341253431 0.5332918167114258 59
1717341255461 0.5270671844482422 60
1717341257766 0.5238736867904663 61
1717341260037 0.523568332195282 62
1717341262056 0.5206460356712341 63
1717341264614 0.5144152045249939 64
1717341266882 0.5223054885864258 65
1717341269047 0.5374666452407837 66
1717341271077 0.531233012676239 67
1717341273034 0.5250368714332581 68
1717341275157 0.5108199715614319 69
1717341277246 0.5013952851295471 70
1717341279244 0.5003230571746826 71
1717341281271 0.5073458552360535 72
1717341283611 0.509885311126709 73
1717341285669 0.5122331380844116 74
1717341287807 0.49866023659706116 75
1717341289758 0.4929555058479309 76
1717341291639 0.48331210017204285 77
1717341293556 0.48378536105155945 78
1717341295504 0.4807675778865814 79
1717341297595 0.48086607456207275 80
1717341299602 0.4857499897480011 81
1717341301624 0.488857239484787 82
1717341303624 0.4828417897224426 83
1717341306055 0.4860017001628876 84
1717341308327 0.4742465317249298 85
1717341310390 0.4724542796611786 86
1717341312370 0.4675132930278778 87
1717341314388 0.4691167175769806 88
1717341316341 0.4662799537181854 89
1717341318344 0.4660468101501465 90
1717341320639 0.46251359581947327 91
1717341322699 0.46413740515708923 92
1717341324736 0.4691845178604126 93
1717341326796 0.46548810601234436 94
1717341329033 0.4672834575176239 95
1717341331078 0.4664367139339447 96
1717341333067 0.47902339696884155 97
1717341335262 0.4689472019672394 98
1717341337685 0.4588472545146942 99
