1717003551880 180311.0 1
1717003560300 162783.0 2
1717003568792 152469.0 3
1717003577545 143729.0 4
1717003585615 143528.0 5
1717003593844 140825.0 6
1717003602038 140890.0 7
1717003610369 145082.0 8
1717003618831 143678.0 9
1717003627145 143756.0 10
1717003635403 146820.0 11
1717003643629 149586.0 12
1717003651803 148156.0 13
1717003660265 145468.0 14
1717003668780 146385.0 15
1717003677105 144736.0 16
1717003685373 146204.0 17
1717003693792 145676.0 18
1717003701919 143152.0 19
1717003710237 142545.0 20
1717003718650 137967.0 21
1717003726951 136816.0 22
1717003735480 134563.0 23
1717003743841 126429.0 24
1717003752128 126053.0 25
1717003760421 124087.0 26
1717003768769 120969.0 27
1717003777236 118267.0 28
1717003785579 117677.0 29
1717003794032 115868.0 30
1717003802387 118755.0 31
1717003810762 116995.0 32
1717003819111 115722.0 33
1717003827628 112983.0 34
1717003836040 111620.0 35
1717003845184 105494.0 36
1717003853621 104739.0 37
1717003862166 101859.0 38
1717003870721 100474.0 39
1717003880156 99008.0 40
1717003889123 99225.0 41
1717003898183 97981.0 42
1717003906946 97864.0 43
1717003915803 97380.0 44
1717003924919 96071.0 45
1717003933716 95413.0 46
1717003942382 93274.0 47
1717003950906 92410.0 48
1717003959628 91752.0 49
1717003968227 93398.0 50
1717003976803 93705.0 51
1717003986228 90669.0 52
1717003994686 90353.0 53
1717004003462 90213.0 54
1717004012175 88717.0 55
1717004020771 88620.0 56
1717004030035 87193.0 57
1717004038711 88775.0 58
1717004047440 88422.0 59
1717004056149 87739.0 60
1717004064803 87132.0 61
1717004073456 86757.0 62
1717004082096 86376.0 63
1717004090748 85614.0 64
1717004099379 85107.0 65
1717004108032 84055.0 66
1717004116608 82987.0 67
1717004125231 83243.0 68
1717004133879 83511.0 69
1717004142698 84330.0 70
1717004151313 86018.0 71
1717004160054 86594.0 72
1717004168848 86049.0 73
1717004177469 82434.0 74
1717004186214 81210.0 75
1717004194976 82406.0 76
1717004203929 81512.0 77
1717004213105 80620.0 78
1717004221899 80955.0 79
1717004230639 80211.0 80
1717004239430 79281.0 81
1717004248271 79292.0 82
1717004257334 79166.0 83
1717004266183 82291.0 84
1717004274852 83640.0 85
1717004283779 81073.0 86
1717004292535 80831.0 87
1717004301532 80916.0 88
1717004310865 78872.0 89
1717004319833 79363.0 90
1717004328629 77063.0 91
1717004337455 81111.0 92
1717004346428 84302.0 93
1717004355413 81788.0 94
1717004364398 80535.0 95
1717004373196 86800.0 96
1717004382185 80317.0 97
1717004391532 79078.0 98
1717004400578 77088.0 99
