1717003551880 172671.0 1
1717003560300 190199.0 2
1717003568792 200513.0 3
1717003577545 209253.0 4
1717003585615 209454.0 5
1717003593844 212157.0 6
1717003602038 212092.0 7
1717003610369 207900.0 8
1717003618831 209304.0 9
1717003627145 209226.0 10
1717003635403 206162.0 11
1717003643629 203396.0 12
1717003651803 204826.0 13
1717003660265 207514.0 14
1717003668780 206597.0 15
1717003677105 208246.0 16
1717003685373 206778.0 17
1717003693792 207306.0 18
1717003701919 209830.0 19
1717003710237 210437.0 20
1717003718650 215015.0 21
1717003726951 216166.0 22
1717003735480 218419.0 23
1717003743841 226553.0 24
1717003752128 226929.0 25
1717003760421 228895.0 26
1717003768769 232013.0 27
1717003777236 234715.0 28
1717003785579 235305.0 29
1717003794032 237114.0 30
1717003802387 234227.0 31
1717003810762 235987.0 32
1717003819111 237260.0 33
1717003827628 239999.0 34
1717003836040 241362.0 35
1717003845184 247488.0 36
1717003853621 248243.0 37
1717003862166 251123.0 38
1717003870721 252508.0 39
1717003880156 253974.0 40
1717003889123 253757.0 41
1717003898183 255001.0 42
1717003906946 255118.0 43
1717003915803 255602.0 44
1717003924919 256911.0 45
1717003933716 257569.0 46
1717003942382 259708.0 47
1717003950906 260572.0 48
1717003959628 261230.0 49
1717003968227 259584.0 50
1717003976803 259277.0 51
1717003986228 262313.0 52
1717003994686 262629.0 53
1717004003462 262769.0 54
1717004012175 264265.0 55
1717004020771 264362.0 56
1717004030035 265789.0 57
1717004038711 264207.0 58
1717004047440 264560.0 59
1717004056149 265243.0 60
1717004064803 265850.0 61
1717004073456 266225.0 62
1717004082096 266606.0 63
1717004090748 267368.0 64
1717004099379 267875.0 65
1717004108032 268927.0 66
1717004116608 269995.0 67
1717004125231 269739.0 68
1717004133879 269471.0 69
1717004142698 268652.0 70
1717004151313 266964.0 71
1717004160054 266388.0 72
1717004168848 266933.0 73
1717004177469 270548.0 74
1717004186214 271772.0 75
1717004194976 270576.0 76
1717004203929 271470.0 77
1717004213105 272362.0 78
1717004221899 272027.0 79
1717004230639 272771.0 80
1717004239430 273701.0 81
1717004248271 273690.0 82
1717004257334 273816.0 83
1717004266183 270691.0 84
1717004274852 269342.0 85
1717004283779 271909.0 86
1717004292535 272151.0 87
1717004301532 272066.0 88
1717004310865 274110.0 89
1717004319833 273619.0 90
1717004328629 275919.0 91
1717004337455 271871.0 92
1717004346428 268680.0 93
1717004355413 271194.0 94
1717004364398 272447.0 95
1717004373196 266182.0 96
1717004382185 272665.0 97
1717004391532 273904.0 98
1717004400578 275894.0 99
