1717003551880 0.6805457381734779 1
1717003560300 0.7384626589200103 2
1717003568792 0.7515038653058487 3
1717003577545 0.7602853940399196 4
1717003585615 0.7824567119629037 5
1717003593844 0.7748910354065764 6
1717003602038 0.7897249816810776 7
1717003610369 0.8140290689280596 8
1717003618831 0.8070585268410927 9
1717003627145 0.8126474670005335 10
1717003635403 0.8320082847902694 11
1717003643629 0.8448289315154511 12
1717003651803 0.8419865591134242 13
1717003660265 0.8301681306286403 14
1717003668780 0.8288141629292478 15
1717003677105 0.8274657460299081 16
1717003685373 0.8309781928556965 17
1717003693792 0.8336388008172122 18
1717003701919 0.8314110377714342 19
1717003710237 0.8341597902026405 20
1717003718650 0.8304600983905766 21
1717003726951 0.8326868498704985 22
1717003735480 0.8328799225874629 23
1717003743841 0.8218517602346436 24
1717003752128 0.8251862025786589 25
1717003760421 0.8258161700333712 26
1717003768769 0.8331318258814648 27
1717003777236 0.8235072818707437 28
1717003785579 0.8286586687317646 29
1717003794032 0.8301281225238784 30
1717003802387 0.8170012838225681 31
1717003810762 0.8326651885685539 32
1717003819111 0.8411099360113549 33
1717003827628 0.8330694982036629 34
1717003836040 0.8498051021714915 35
1717003845184 0.8393311810352349 36
1717003853621 0.8533737294733907 37
1717003862166 0.8520110500227739 38
1717003870721 0.853220453625134 39
1717003880156 0.8542416818829774 40
1717003889123 0.8590300872422937 41
1717003898183 0.8561789011785456 42
1717003906946 0.8613692528287895 43
1717003915803 0.8613720472713494 44
1717003924919 0.8582902173097423 45
1717003933716 0.8725744268762092 46
1717003942382 0.8663742735174911 47
1717003950906 0.873700234082404 48
1717003959628 0.8723872052093978 49
1717003968227 0.8636286070769302 50
1717003976803 0.870144554299402 51
1717003986228 0.8694604390775368 52
1717003994686 0.8758338503264372 53
1717004003462 0.8798908486379737 54
1717004012175 0.8812097391117645 55
1717004020771 0.8838378371472333 56
1717004030035 0.8751250060396095 57
1717004038711 0.8874378624950959 58
1717004047440 0.8849572273716094 59
1717004056149 0.8876584029942035 60
1717004064803 0.8889971818118279 61
1717004073456 0.8910454776178853 62
1717004082096 0.8922871838183943 63
1717004090748 0.8943024275739696 64
1717004099379 0.8951873440299573 65
1717004108032 0.896397371108308 66
1717004116608 0.897542878165261 67
1717004125231 0.8982475983559037 68
1717004133879 0.895389360457167 69
1717004142698 0.894942234029507 70
1717004151313 0.8886210575414113 71
1717004160054 0.8990898430807356 72
1717004168848 0.9058772830277313 73
1717004177469 0.9043117248411887 74
1717004186214 0.905975808583944 75
1717004194976 0.9063121721145716 76
1717004203929 0.9030309959757951 77
1717004213105 0.9026606853785358 78
1717004221899 0.9016234157470489 79
1717004230639 0.9040163556936371 80
1717004239430 0.907524172452833 81
1717004248271 0.9054735538138052 82
1717004257334 0.8975999680464981 83
1717004266183 0.9002136916501743 84
1717004274852 0.8959220286931399 85
1717004283779 0.9031900957282767 86
1717004292535 0.9069376838272939 87
1717004301532 0.9056057867293328 88
1717004310865 0.9097466940691247 89
1717004319833 0.9118049652069287 90
1717004328629 0.9138769872236089 91
1717004337455 0.8914726227721174 92
1717004346428 0.8978964132496698 93
1717004355413 0.9002242659037499 94
1717004364398 0.8996887531910117 95
1717004373196 0.9076719655975116 96
1717004382185 0.9068819873732454 97
1717004391532 0.9145095442902799 98
1717004400578 0.9164359570530306 99
