1717003551880 331273.0 1
1717003560300 331273.0 2
1717003568792 331273.0 3
1717003577545 331273.0 4
1717003585615 331273.0 5
1717003593844 331273.0 6
1717003602038 331273.0 7
1717003610369 331273.0 8
1717003618831 331273.0 9
1717003627145 331273.0 10
1717003635403 331273.0 11
1717003643629 331273.0 12
1717003651803 331273.0 13
1717003660265 331273.0 14
1717003668780 331273.0 15
1717003677105 331273.0 16
1717003685373 331273.0 17
1717003693792 331273.0 18
1717003701919 331273.0 19
1717003710237 331273.0 20
1717003718650 331273.0 21
1717003726951 331273.0 22
1717003735480 331273.0 23
1717003743841 331273.0 24
1717003752128 331273.0 25
1717003760421 331273.0 26
1717003768769 331273.0 27
1717003777236 331273.0 28
1717003785579 331273.0 29
1717003794032 331273.0 30
1717003802387 331273.0 31
1717003810762 331273.0 32
1717003819111 331273.0 33
1717003827628 331273.0 34
1717003836040 331273.0 35
1717003845184 331273.0 36
1717003853621 331273.0 37
1717003862166 331273.0 38
1717003870721 331273.0 39
1717003880156 331273.0 40
1717003889123 331273.0 41
1717003898183 331273.0 42
1717003906946 331273.0 43
1717003915803 331273.0 44
1717003924919 331273.0 45
1717003933716 331273.0 46
1717003942382 331273.0 47
1717003950906 331273.0 48
1717003959628 331273.0 49
1717003968227 331273.0 50
1717003976803 331273.0 51
1717003986228 331273.0 52
1717003994686 331273.0 53
1717004003462 331273.0 54
1717004012175 331273.0 55
1717004020771 331273.0 56
1717004030035 331273.0 57
1717004038711 331273.0 58
1717004047440 331273.0 59
1717004056149 331273.0 60
1717004064803 331273.0 61
1717004073456 331273.0 62
1717004082096 331273.0 63
1717004090748 331273.0 64
1717004099379 331273.0 65
1717004108032 331273.0 66
1717004116608 331273.0 67
1717004125231 331273.0 68
1717004133879 331273.0 69
1717004142698 331273.0 70
1717004151313 331273.0 71
1717004160054 331273.0 72
1717004168848 331273.0 73
1717004177469 331273.0 74
1717004186214 331273.0 75
1717004194976 331273.0 76
1717004203929 331273.0 77
1717004213105 331273.0 78
1717004221899 331273.0 79
1717004230639 331273.0 80
1717004239430 331273.0 81
1717004248271 331273.0 82
1717004257334 331273.0 83
1717004266183 331273.0 84
1717004274852 331273.0 85
1717004283779 331273.0 86
1717004292535 331273.0 87
1717004301532 331273.0 88
1717004310865 331273.0 89
1717004319833 331273.0 90
1717004328629 331273.0 91
1717004337455 331273.0 92
1717004346428 331273.0 93
1717004355413 331273.0 94
1717004364398 331273.0 95
1717004373196 331273.0 96
1717004382185 331273.0 97
1717004391532 331273.0 98
1717004400578 331273.0 99
