1717711352196 53405.0 1
1717711354540 53405.0 2
1717711356753 53405.0 3
1717711358919 53405.0 4
1717711361093 53405.0 5
1717711363474 53405.0 6
1717711365673 53405.0 7
1717711367887 53405.0 8
1717711370002 53405.0 9
1717711372172 53405.0 10
1717711374463 53405.0 11
1717711376633 53405.0 12
1717711378872 53405.0 13
1717711381274 53405.0 14
1717711383496 53405.0 15
1717711385761 53405.0 16
1717711388020 53405.0 17
1717711390353 53405.0 18
1717711392689 53405.0 19
1717711394919 53405.0 20
1717711397040 53405.0 21
1717711399181 53405.0 22
1717711401349 53405.0 23
1717711403599 53405.0 24
1717711406036 53405.0 25
1717711408412 53405.0 26
1717711410687 53405.0 27
1717711412973 53405.0 28
1717711415136 53405.0 29
1717711417258 53405.0 30
1717711419528 53405.0 31
1717711421952 53405.0 32
1717711424378 53405.0 33
1717711426612 53405.0 34
1717711428926 53405.0 35
1717711431158 53405.0 36
1717711433564 53405.0 37
1717711435931 53405.0 38
1717711438293 53405.0 39
1717711440623 53405.0 40
1717711442928 53405.0 41
1717711445317 53405.0 42
1717711447598 53405.0 43
1717711449996 53405.0 44
1717711452362 53405.0 45
1717711454741 53405.0 46
1717711456896 53405.0 47
1717711459217 53405.0 48
1717711461504 53405.0 49
1717711463982 53405.0 50
1717711466419 53405.0 51
1717711468537 53405.0 52
1717711470811 53405.0 53
1717711473142 53405.0 54
1717711475342 53405.0 55
1717711477509 53405.0 56
1717711479747 53405.0 57
1717711482135 53405.0 58
1717711484537 53405.0 59
1717711486965 53405.0 60
1717711489320 53405.0 61
1717711491741 53405.0 62
1717711494129 53405.0 63
1717711496305 53405.0 64
1717711498504 53405.0 65
1717711500729 53405.0 66
1717711502969 53405.0 67
1717711505296 53405.0 68
1717711507719 53405.0 69
1717711510026 53405.0 70
1717711512420 53405.0 71
1717711514917 53405.0 72
1717711517403 53405.0 73
1717711519778 53405.0 74
1717711522208 53405.0 75
1717711524738 53405.0 76
1717711527288 53405.0 77
1717711529523 53405.0 78
1717711531862 53405.0 79
1717711534206 53405.0 80
1717711536347 53405.0 81
1717711538551 53405.0 82
1717711540902 53405.0 83
1717711543037 53405.0 84
1717711545268 53405.0 85
1717711547523 53405.0 86
1717711549799 53405.0 87
1717711552379 53405.0 88
1717711554684 53405.0 89
1717711557014 53405.0 90
1717711559537 53405.0 91
1717711562160 53405.0 92
1717711564688 53405.0 93
1717711567260 53405.0 94
1717711569504 53405.0 95
1717711571689 53405.0 96
1717711574047 53405.0 97
1717711576341 53405.0 98
1717711578932 53405.0 99
