1717711352196 0.17762304151464234 1
1717711354540 0.1891545958491776 2
1717711356753 0.2203375313994886 3
1717711358919 0.25262720433189595 4
1717711361093 0.27334583917741795 5
1717711363474 0.30877683973877496 6
1717711365673 0.35690964672729375 7
1717711367887 0.4020061273553825 8
1717711370002 0.4259329501717354 9
1717711372172 0.44058545037353825 10
1717711374463 0.4479289980151687 11
1717711376633 0.45060400991617605 12
1717711378872 0.4502856169341743 13
1717711381274 0.4498439568352428 14
1717711383496 0.4497939764033441 15
1717711385761 0.45057525896883943 16
1717711388020 0.4519136037837417 17
1717711390353 0.4540532448062414 18
1717711392689 0.45718791320827806 19
1717711394919 0.4595894104919354 20
1717711397040 0.46213943873069036 21
1717711399181 0.46702383281116294 22
1717711401349 0.476582192989531 23
1717711403599 0.48094555157347685 24
1717711406036 0.4830377490923893 25
1717711408412 0.48564465041773014 26
1717711410687 0.48819280442919544 27
1717711412973 0.48959883333078613 28
1717711415136 0.4907792401779659 29
1717711417258 0.49198577865436033 30
1717711419528 0.49278748893958796 31
1717711421952 0.49346677600982264 32
1717711424378 0.4942784568430318 33
1717711426612 0.4948117563580007 34
1717711428926 0.49568441261010465 35
1717711431158 0.49617947065339213 36
1717711433564 0.49702073928662144 37
1717711435931 0.4974623498127799 38
1717711438293 0.4983469562225294 39
1717711440623 0.49932834660607905 40
1717711442928 0.500267845072421 41
1717711445317 0.5012309019185478 42
1717711447598 0.5020371551462898 43
1717711449996 0.5028760380568593 44
1717711452362 0.5034539048213605 45
1717711454741 0.504259385990826 46
1717711456896 0.5045367905893373 47
1717711459217 0.5052128375790336 48
1717711461504 0.5056863650332921 49
1717711463982 0.5064065939990509 50
1717711466419 0.5069526082779852 51
1717711468537 0.5073107150141508 52
1717711470811 0.5080857330683957 53
1717711473142 0.5083924431734571 54
1717711475342 0.509087101772077 55
1717711477509 0.5097894549860659 56
1717711479747 0.5103495773001415 57
1717711482135 0.5109959560745068 58
1717711484537 0.5113622955880981 59
1717711486965 0.5119779450384265 60
1717711489320 0.5122791603563266 61
1717711491741 0.51285824484725 62
1717711494129 0.5132605339660719 63
1717711496305 0.5136736867442417 64
1717711498504 0.5141449014786961 65
1717711500729 0.5145365592802726 66
1717711502969 0.5149755489049341 67
1717711505296 0.5153927148617639 68
1717711507719 0.5158092932497842 69
1717711510026 0.5161900134659044 70
1717711512420 0.516701401466797 71
1717711514917 0.5171501309852949 72
1717711517403 0.5175130608985202 73
1717711519778 0.5181367549269987 74
1717711522208 0.5185922685891611 75
1717711524738 0.5187276596894056 76
1717711527288 0.5195227395680577 77
1717711529523 0.5198844344254471 78
1717711531862 0.5201952262575376 79
1717711534206 0.5208091887685875 80
1717711536347 0.5208709537462124 81
1717711538551 0.5216712221139003 82
1717711540902 0.5216156487754078 83
1717711543037 0.5226703164981642 84
1717711545268 0.5227332927667656 85
1717711547523 0.5233459869014173 86
1717711549799 0.5240144232450507 87
1717711552379 0.5240982386165095 88
1717711554684 0.5248530843523018 89
1717711557014 0.52536864878775 90
1717711559537 0.5259679895802214 91
1717711562160 0.5261974141003416 92
1717711564688 0.526578746228282 93
1717711567260 0.5268394885925697 94
1717711569504 0.5277750878509841 95
1717711571689 0.528134671615971 96
1717711574047 0.5284636287006524 97
1717711576341 0.52914420232967 98
1717711578932 0.5298386699014358 99
