1717629229773 0.49338730484999677 1
1717629230657 0.854289878288201 2
1717629231527 0.9477994555452233 3
1717629232429 0.9607385290222417 4
1717629233415 0.9665597596341644 5
1717629234356 0.9690956703891166 6
1717629235307 0.9712395969620524 7
1717629236360 0.9629438587774642 8
1717629237504 0.9670778065483965 9
1717629238408 0.9729221684788788 10
1717629239452 0.9728019029231163 11
1717629240393 0.9724965527716924 12
1717629241439 0.9723018462171129 13
1717629242492 0.9722699540530844 14
1717629243465 0.9721369549690232 15
1717629244476 0.9737196736976687 16
1717629245432 0.975598826763265 17
1717629246410 0.9769045140786385 18
1717629247300 0.975394482622935 19
