1717629229773 0.096196195221276 1
1717629230657 0.13204243104371802 2
1717629231527 0.22745871036792548 3
1717629232429 0.2764289341643473 4
1717629233415 0.30403855059306173 5
1717629234356 0.31291125537235265 6
1717629235307 0.3185184977036463 7
1717629236360 0.3251078794245053 8
1717629237504 0.3601557542873391 9
1717629238408 0.34252719529699516 10
1717629239452 0.3475292546335701 11
1717629240393 0.35231991802673757 12
1717629241439 0.35648841928642305 13
1717629242492 0.35341307218293505 14
1717629243465 0.35569243403191425 15
1717629244476 0.351923625752062 16
1717629245432 0.3445811940013137 17
1717629246410 0.34674325222285685 18
1717629247300 0.3479563649037344 19
