1717629229773 0.4412027962482444 1
1717629230657 0.5220376208428358 2
1717629231527 0.6896070830582393 3
1717629232429 0.7728981150237056 4
1717629233415 0.8172761109526446 5
1717629234356 0.8320158262079864 6
1717629235307 0.821867428212529 7
1717629236360 0.8010776636674446 8
1717629237504 0.8685729018024015 9
1717629238408 0.8443906092492944 10
1717629239452 0.855714256767874 11
1717629240393 0.8595632608907634 12
1717629241439 0.861905468096282 13
1717629242492 0.8611894627945277 14
1717629243465 0.8620534385214665 15
1717629244476 0.8561153789966661 16
1717629245432 0.8438921322326963 17
1717629246410 0.8450687913580605 18
1717629247300 0.8449782792652797 19
