1717629229773 1.905450701713562 1
1717629230657 1.3764114379882812 2
1717629231527 1.3304660320281982 3
1717629232429 1.2626149654388428 4
1717629233415 1.1960457563400269 5
1717629234356 1.129923701286316 6
1717629235307 1.0967707633972168 7
1717629236360 1.1520450115203857 8
1717629237504 1.021944522857666 9
1717629238408 0.9937885999679565 10
1717629239452 0.9816577434539795 11
1717629240393 0.9768527746200562 12
1717629241439 0.9726094603538513 13
1717629242492 0.9685500264167786 14
1717629243465 0.967732310295105 15
1717629244476 0.9546422362327576 16
1717629245432 0.9486088156700134 17
1717629246410 0.9340906143188477 18
1717629247300 0.937850832939148 19
