1717632281035 0.9101473057359807 1
1717632281879 0.9544903009711845 2
1717632282809 0.955610712860911 3
1717632283673 0.9572292407352941 4
1717632284623 0.9614366687606921 5
1717632285558 0.9681937894623212 6
1717632286478 0.9747278500859345 7
1717632287313 0.9786077943409048 8
1717632288220 0.9813200673393203 9
1717632289087 0.9832195303403723 10
1717632289930 0.9844714984581707 11
1717632290815 0.98490944470446 12
1717632291719 0.9853308532967575 13
1717632292591 0.98586156179457 14
1717632293425 0.9859983635564711 15
1717632294357 0.9863004936737514 16
