1717092619048 0.310781866312027 1
1717092620764 0.34460020065307617 2
1717092622388 0.34913718700408936 3
1717092624104 0.345478355884552 4
1717092625735 0.3421980142593384 5
1717092627475 0.33902883529663086 6
1717092629121 0.33965054154396057 7
1717092630794 0.3436746299266815 8
1717092632440 0.35216623544692993 9
1717092634102 0.37219521403312683 10
1717092635820 0.3959413766860962 11
1717092637562 0.4146250784397125 12
1717092639243 0.42187175154685974 13
1717092640937 0.42813390493392944 14
1717092642587 0.43096303939819336 15
1717092644216 0.43370571732521057 16
1717092645861 0.4362632632255554 17
1717092647540 0.4373619556427002 18
1717092649542 0.4403507113456726 19
1717092651587 0.4420604705810547 20
1717092653644 0.4434969127178192 21
1717092655817 0.44551271200180054 22
1717092657809 0.4458463490009308 23
1717092659940 0.4480644464492798 24
1717092661863 0.44888830184936523 25
1717092663771 0.4495626986026764 26
1717092665878 0.4509631097316742 27
1717092667862 0.45304277539253235 28
1717092669851 0.4535449147224426 29
1717092671946 0.4540691375732422 30
1717092673851 0.45522886514663696 31
1717092675757 0.4568851590156555 32
1717092677803 0.45738402009010315 33
1717092679715 0.45764535665512085 34
1717092681739 0.459016889333725 35
1717092683717 0.4590473771095276 36
1717092685770 0.4598565101623535 37
1717092687735 0.46133366227149963 38
1717092690347 0.46188127994537354 39
1717092692223 0.4630208909511566 40
1717092694097 0.46386048197746277 41
1717092696183 0.4640892744064331 42
1717092698131 0.46387720108032227 43
1717092700085 0.4642738103866577 44
1717092702095 0.4647514820098877 45
1717092704275 0.46494758129119873 46
1717092706665 0.4653858542442322 47
1717092708949 0.4650428295135498 48
1717092711044 0.46577805280685425 49
1717092713277 0.46645382046699524 50
1717092715849 0.46686944365501404 51
1717092718390 0.46754559874534607 52
1717092720279 0.46893247961997986 53
1717092722136 0.46843746304512024 54
1717092723987 0.46860983967781067 55
1717092725846 0.4709690809249878 56
1717092727758 0.47057992219924927 57
1717092729517 0.47157353162765503 58
1717092731287 0.47223493456840515 59
1717092733012 0.47273552417755127 60
1717092734737 0.47400009632110596 61
1717092736497 0.4744260609149933 62
1717092738288 0.47523683309555054 63
1717092740090 0.47494593262672424 64
1717092741847 0.47615742683410645 65
1717092743717 0.4771558940410614 66
1717092745437 0.47753411531448364 67
1717092747225 0.47785496711730957 68
1717092748987 0.4790322184562683 69
1717092750698 0.48093563318252563 70
1717092752451 0.4812210202217102 71
1717092754273 0.4812900424003601 72
1717092756043 0.48271700739860535 73
1717092757752 0.48384717106819153 74
1717092759471 0.48452335596084595 75
1717092761198 0.48476389050483704 76
1717092762930 0.4831106960773468 77
1717092764641 0.48455435037612915 78
1717092766292 0.48463183641433716 79
1717092768015 0.4856027662754059 80
1717092769720 0.4874473810195923 81
1717092771442 0.4885139465332031 82
1717092773232 0.4893803894519806 83
1717092775011 0.4907931387424469 84
1717092776735 0.49182793498039246 85
1717092778422 0.4932180345058441 86
1717092780125 0.4943256378173828 87
1717092781913 0.49678829312324524 88
1717092783581 0.49873656034469604 89
1717092785304 0.5002069473266602 90
1717092787071 0.5007854104042053 91
1717092788754 0.5041254162788391 92
1717092790479 0.5051409602165222 93
1717092792189 0.5072060823440552 94
1717092793948 0.5104509592056274 95
1717092795629 0.5135700106620789 96
1717092797310 0.5146175026893616 97
1717092798945 0.5141012072563171 98
1717092800647 0.5166835188865662 99
