1717573359101 25507.0 1
1717573362213 25507.0 2
1717573365288 25507.0 3
1717573368409 25507.0 4
1717573371534 25507.0 5
1717573374574 25507.0 6
1717573377920 25507.0 7
1717573380959 25507.0 8
1717573384453 25507.0 9
1717573387607 25507.0 10
1717573390841 25507.0 11
1717573394234 25507.0 12
1717573397468 25507.0 13
1717573400587 25507.0 14
1717573404090 25507.0 15
1717573407093 25507.0 16
1717573410308 25507.0 17
1717573413907 25507.0 18
1717573417036 25507.0 19
1717573420178 25507.0 20
1717573423074 25507.0 21
1717573426170 25507.0 22
1717573429704 25507.0 23
1717573433059 25507.0 24
1717573436234 25507.0 25
1717573439431 25507.0 26
1717573442648 25507.0 27
1717573445598 25507.0 28
1717573448806 25507.0 29
1717573451717 25507.0 30
1717573454742 25507.0 31
1717573458068 25507.0 32
1717573461107 25507.0 33
1717573463920 25507.0 34
1717573466654 25507.0 35
1717573469428 25507.0 36
1717573472407 25507.0 37
1717573475235 25507.0 38
1717573478021 25507.0 39
1717573480726 25507.0 40
1717573483788 25507.0 41
1717573486694 25507.0 42
1717573489444 25507.0 43
1717573492306 25507.0 44
1717573495576 25507.0 45
1717573498793 25507.0 46
1717573501951 25507.0 47
1717573504926 25507.0 48
1717573508057 25507.0 49
1717573511072 25507.0 50
1717573514161 25507.0 51
1717573517205 25507.0 52
1717573520256 25507.0 53
1717573523490 25507.0 54
1717573526671 25507.0 55
1717573529997 25507.0 56
1717573533080 25507.0 57
1717573536167 25507.0 58
1717573539168 25507.0 59
1717573542223 25507.0 60
1717573545308 25507.0 61
1717573548403 25507.0 62
1717573551453 25507.0 63
1717573554648 25507.0 64
1717573557818 25507.0 65
1717573560842 25507.0 66
1717573563859 25507.0 67
1717573567005 25507.0 68
1717573570098 25507.0 69
1717573573198 25507.0 70
1717573576228 25507.0 71
1717573579276 25507.0 72
1717573582399 25507.0 73
1717573585597 25507.0 74
1717573588643 25507.0 75
1717573591718 25507.0 76
1717573594796 25507.0 77
1717573597963 25507.0 78
1717573601083 25507.0 79
1717573604153 25507.0 80
1717573607319 25507.0 81
1717573610413 25507.0 82
1717573613577 25507.0 83
1717573616746 25507.0 84
1717573619842 25507.0 85
1717573622810 25507.0 86
1717573626015 25507.0 87
1717573629023 25507.0 88
1717573632051 25507.0 89
1717573635192 25507.0 90
1717573638353 25507.0 91
1717573641547 25507.0 92
1717573644662 25507.0 93
1717573647804 25507.0 94
1717573650933 25507.0 95
1717573654044 25507.0 96
1717573657112 25507.0 97
1717573660235 25507.0 98
1717573663349 25507.0 99
