1717090660090 214297.0 1
1717090661047 351292.0 2
1717090662082 350655.0 3
1717090663095 352332.0 4
1717090664104 352332.0 5
1717090665152 352332.0 6
1717090666155 352332.0 7
1717090667127 352332.0 8
1717090668153 352332.0 9
1717090669151 352332.0 10
1717090670138 352332.0 11
1717090671204 352332.0 12
1717090672185 352332.0 13
1717090673385 352332.0 14
1717090674620 352332.0 15
1717090675688 352332.0 16
1717090676882 352332.0 17
1717090677952 352332.0 18
1717090678977 352332.0 19
1717090679972 352105.0 20
1717090681037 352245.0 21
1717090682174 351536.0 22
1717090683328 351135.0 23
1717090684454 350741.0 24
1717090685472 351027.0 25
1717090686538 350897.0 26
1717090687588 350883.0 27
1717090688719 350425.0 28
1717090689767 350304.0 29
1717090690814 349711.0 30
1717090691832 349142.0 31
1717090692835 348677.0 32
1717090693926 348132.0 33
1717090695041 347288.0 34
1717090696088 347082.0 35
1717090697113 347253.0 36
1717090698107 347102.0 37
1717090699125 346711.0 38
1717090700246 346205.0 39
1717090701281 346924.0 40
1717090702455 347293.0 41
1717090703600 346430.0 42
1717090704687 345990.0 43
1717090705729 346221.0 44
1717090706736 347019.0 45
1717090707723 346442.0 46
1717090708757 346250.0 47
1717090709794 345694.0 48
1717090710970 345414.0 49
1717090711938 345668.0 50
1717090712942 346161.0 51
1717090713930 345558.0 52
1717090714920 345134.0 53
1717090715950 345358.0 54
1717090716977 345028.0 55
1717090717955 344456.0 56
1717090718944 344907.0 57
1717090719932 344251.0 58
1717090720919 344482.0 59
1717090721896 344076.0 60
1717090722891 343669.0 61
1717090723896 343417.0 62
1717090724864 343372.0 63
1717090725833 343231.0 64
1717090726824 343473.0 65
1717090727783 343398.0 66
1717090728764 343356.0 67
1717090729737 343453.0 68
1717090730719 343492.0 69
1717090731699 343702.0 70
1717090732682 343370.0 71
1717090733672 342990.0 72
1717090734636 342941.0 73
1717090735608 342626.0 74
1717090736606 342351.0 75
1717090737572 342145.0 76
1717090738556 342287.0 77
1717090739528 341766.0 78
1717090740500 342176.0 79
1717090741531 341685.0 80
1717090742465 341745.0 81
1717090743437 341785.0 82
1717090744409 341745.0 83
1717090745383 341672.0 84
1717090746390 342166.0 85
1717090747393 341684.0 86
1717090748360 341444.0 87
1717090749303 340890.0 88
1717090750259 341065.0 89
1717090751239 341196.0 90
1717090752199 340896.0 91
1717090753176 340725.0 92
1717090754162 340528.0 93
1717090755144 340600.0 94
1717090756140 340482.0 95
1717090757108 340386.0 96
1717090758069 340245.0 97
1717090759048 340009.0 98
1717090760038 340053.0 99
