1717343474774 0.15457260608673096 1
1717343475668 0.1301070600748062 2
1717343476558 0.1300908476114273 3
1717343477460 0.14225545525550842 4
1717343478358 0.15670108795166016 5
1717343479263 0.13737913966178894 6
1717343480201 0.17236272990703583 7
1717343481123 0.17139312624931335 8
1717343482039 0.19586026668548584 9
1717343483031 0.2053804099559784 10
1717343483943 0.2204129546880722 11
1717343484835 0.2316811978816986 12
1717343485744 0.2399532049894333 13
1717343486656 0.2439706176519394 14
1717343487555 0.24365195631980896 15
1717343488527 0.24889203906059265 16
1717343489403 0.2573966085910797 17
1717343490330 0.27017897367477417 18
1717343491261 0.2699282765388489 19
1717343492155 0.27063000202178955 20
1717343493053 0.2770373523235321 21
1717343493994 0.2775443196296692 22
1717343494946 0.2786557078361511 23
1717343495878 0.28092628717422485 24
1717343496756 0.2822504937648773 25
1717343497767 0.2825126349925995 26
1717343498679 0.2842262387275696 27
1717343499615 0.2879381775856018 28
1717343500499 0.29178503155708313 29
1717343501413 0.2955930531024933 30
1717343502367 0.2996339499950409 31
1717343503309 0.30575495958328247 32
1717343504200 0.3115384876728058 33
1717343505106 0.3157484233379364 34
1717343506050 0.32307595014572144 35
1717343506947 0.32718798518180847 36
1717343507834 0.331268310546875 37
1717343508741 0.335869699716568 38
1717343509652 0.34036892652511597 39
1717343510543 0.3495256304740906 40
1717343511503 0.34583836793899536 41
1717343512408 0.36018750071525574 42
1717343513283 0.36274662613868713 43
1717343514251 0.36651116609573364 44
1717343515162 0.37079817056655884 45
1717343516047 0.37708303332328796 46
1717343516950 0.383407324552536 47
1717343517860 0.38743534684181213 48
1717343518741 0.39185699820518494 49
1717343519605 0.39875528216362 50
1717343520474 0.40276169776916504 51
1717343521359 0.40705081820487976 52
1717343522230 0.40993961691856384 53
1717343523129 0.41544896364212036 54
1717343524056 0.4195353090763092 55
1717343524935 0.4216974377632141 56
1717343525798 0.4239964187145233 57
1717343526680 0.42600688338279724 58
1717343527590 0.42962393164634705 59
1717343528560 0.4315025210380554 60
1717343529441 0.4339141845703125 61
1717343530362 0.43600812554359436 62
1717343531248 0.4380267560482025 63
1717343532170 0.441649854183197 64
1717343533049 0.4438120424747467 65
1717343533950 0.44708317518234253 66
1717343534831 0.44880613684654236 67
1717343535708 0.45095139741897583 68
1717343536584 0.4522921144962311 69
1717343537471 0.4556209146976471 70
1717343538378 0.45900702476501465 71
1717343539264 0.46138128638267517 72
1717343540191 0.4646822512149811 73
1717343541061 0.46684980392456055 74
1717343541944 0.46843448281288147 75
1717343542824 0.4692683219909668 76
1717343543779 0.47118717432022095 77
1717343544697 0.47304970026016235 78
1717343545579 0.4743046760559082 79
1717343546464 0.47496405243873596 80
1717343547369 0.4757706820964813 81
1717343548239 0.4761357307434082 82
1717343549177 0.4768409729003906 83
1717343550056 0.477741003036499 84
1717343550927 0.4783598780632019 85
1717343551799 0.4776914119720459 86
1717343552684 0.47862622141838074 87
1717343553625 0.47825223207473755 88
1717343554489 0.4776032567024231 89
1717343555366 0.47593894600868225 90
1717343556227 0.4762239456176758 91
1717343557104 0.47746390104293823 92
1717343558029 0.47692209482192993 93
1717343558920 0.47686073184013367 94
1717343559787 0.4762059152126312 95
1717343560663 0.4762115478515625 96
1717343561547 0.4760079085826874 97
1717343562428 0.47611770033836365 98
1717343563311 0.47785308957099915 99
