1717930281741 0.10293887885020549 1
1717930283602 0.14461296682485938 2
1717930285470 0.1696826789234297 3
1717930288262 0.20020410595061333 4
1717930290179 0.21555690883926365 5
1717930292035 0.2288456564289263 6
1717930294814 0.2416492088479372 7
1717930296715 0.24861842860074837 8
1717930299479 0.2520860345680598 9
1717930301470 0.2532131650034943 10
1717930303365 0.2543256783279816 11
1717930306136 0.2556579714339255 12
1717930308009 0.25910178258882827 13
1717930310008 0.2637752534995691 14
1717930312824 0.2678362356825555 15
1717930314715 0.27068822635486706 16
1717930316665 0.27530316398751553 17
1717930319469 0.27990213726567853 18
1717930321325 0.284908629597543 19
1717930324142 0.29015151395908756 20
1717930326089 0.2943687796447877 21
1717930328002 0.29690069519738066 22
1717930330853 0.29963371005805217 23
1717930332781 0.30229960685282775 24
1717930334694 0.30426912955951746 25
1717930338476 0.30657191223493735 26
1717930340438 0.30915036536203105 27
1717930343310 0.3115614914704091 28
1717930345238 0.31364814998843943 29
1717930347671 0.3156427648027819 30
1717930350160 0.31765048017391534 31
1717930352218 0.31972995636043616 32
1717930354339 0.32206468224228507 33
1717930356432 0.32404615096563366 34
1717930358512 0.32615074842371194 35
1717930360464 0.3286707127725066 36
1717930362464 0.33336742773623734 37
1717930364499 0.33660520016672174 38
1717930366538 0.33985839728218475 39
1717930368576 0.3424891731605513 40
1717930370729 0.34497475425156965 41
1717930372817 0.34632727136252994 42
1717930374875 0.34786694543004304 43
1717930376931 0.3513604929068826 44
1717930378986 0.35645636894820376 45
1717930380979 0.36063843190560235 46
1717930382960 0.36596475828525576 47
1717930385024 0.3690944293661118 48
1717930387097 0.3701565365374781 49
1717930389201 0.3726569801461116 50
1717930391317 0.3744324503745816 51
1717930393364 0.3766132857268197 52
1717930395691 0.3782895878281893 53
1717930397658 0.380033056462347 54
1717930399600 0.38216652059293515 55
1717930401620 0.38360763093696826 56
1717930403635 0.38593764217105725 57
1717930405812 0.38761926281626363 58
1717930407883 0.3900477956132134 59
1717930409839 0.3922906040244939 60
1717930411785 0.3945288435181798 61
1717930413821 0.3966383380952612 62
1717930416060 0.39850744582481884 63
1717930419212 0.4011308374065972 64
1717930422459 0.40307238563820463 65
1717930424809 0.40581382831502316 66
1717930427258 0.4077618160079033 67
1717930429414 0.4099112744015824 68
1717930431950 0.41154731184286053 69
1717930434114 0.4141817816479737 70
1717930436149 0.4163838188017484 71
1717930438467 0.4189081141213572 72
1717930440865 0.42104204524040983 73
1717930443203 0.42384744161121035 74
1717930445565 0.42736163650940123 75
1717930448072 0.4305149224808895 76
1717930450321 0.4334661308170428 77
1717930452599 0.43642644128289665 78
1717930454965 0.4394007838624044 79
1717930457229 0.44241234303998217 80
1717930459652 0.4454816755353077 81
1717930461923 0.4486797589610134 82
1717930464300 0.45205583296486546 83
1717930466606 0.45594505644800176 84
1717930469030 0.4591276509314374 85
1717930471345 0.46169038108639077 86
1717930473669 0.4633590717532183 87
1717930475847 0.46411474276909065 88
1717930477848 0.4661482880640223 89
1717930479979 0.46888541931457295 90
1717930482278 0.47113774320206864 91
1717930484682 0.47337254615130586 92
1717930487132 0.47568419309271265 93
1717930489428 0.47767744355954156 94
1717930491907 0.4796425891435887 95
1717930494198 0.48170508225244474 96
1717930496451 0.4834064365283925 97
1717930498722 0.4852327580576675 98
1717930501121 0.48664376907021856 99
