1717930281741 0.18133600990649928 1
1717930283602 0.2498683860199394 2
1717930285470 0.2876879194284243 3
1717930288262 0.33056058843728015 4
1717930290179 0.3519437526380216 5
1717930292035 0.3699520916740816 6
1717930294814 0.38690750111519734 7
1717930296715 0.3960536618157891 8
1717930299479 0.400417942293838 9
1717930301470 0.40194885479943504 10
1717930303365 0.40355563199026323 11
1717930306136 0.4052164126362895 12
1717930308009 0.40942630287026044 13
1717930310008 0.41501044758707595 14
1717930312824 0.4196280903311328 15
1717930314715 0.4230126446244111 16
1717930316665 0.4283570573160323 17
1717930319469 0.4334976115883117 18
1717930321325 0.4393669315376007 19
1717930324142 0.4454599074732914 20
1717930326089 0.45017386429411066 21
1717930328002 0.45304605296004435 22
1717930330853 0.45612449717328446 23
1717930332781 0.4591736474914326 24
1717930334694 0.4613720325304785 25
1717930338476 0.4640500313551358 26
1717930340438 0.4670282572819878 27
1717930343310 0.4697627194959927 28
1717930345238 0.47226494538458513 29
1717930347671 0.47456873939146427 30
1717930350160 0.47679521622839377 31
1717930352218 0.4792317720195298 32
1717930354339 0.4818465009246113 33
1717930356432 0.4839838127593312 34
1717930358512 0.48633192041268775 35
1717930360464 0.48924897326296796 36
1717930362464 0.4945962609615076 37
1717930364499 0.49819270724445314 38
1717930366538 0.5017454166673286 39
1717930368576 0.5046610822884088 40
1717930370729 0.5073730510758839 41
1717930372817 0.5086799872199195 42
1717930374875 0.5102134136464491 43
1717930376931 0.5141040185970643 44
1717930378986 0.519619492369678 45
1717930380979 0.5241325635382362 46
1717930382960 0.5301352941292747 47
1717930385024 0.5336779716383293 48
1717930387097 0.5350249192092482 49
1717930389201 0.5378745670758958 50
1717930391317 0.5399096908303042 51
1717930393364 0.5423374360736699 52
1717930395691 0.5441901387813822 53
1717930397658 0.5461127999675032 54
1717930399600 0.5484409542232528 55
1717930401620 0.5500303786345961 56
1717930403635 0.5525302684447386 57
1717930405812 0.554294715384894 58
1717930407883 0.556840410282981 59
1717930409839 0.5591626640906155 60
1717930411785 0.5615802221949477 61
1717930413821 0.5637812258743525 62
1717930416060 0.5658284707800487 63
1717930419212 0.5685040931708745 64
1717930422459 0.5705210321444533 65
1717930424809 0.5733239707489087 66
1717930427258 0.575271737353844 67
1717930429414 0.5774908251866406 68
1717930431950 0.5791633336421823 69
1717930434114 0.5818339275878733 70
1717930436149 0.5841650435991083 71
1717930438467 0.5866475277858766 72
1717930440865 0.5888022459352978 73
1717930443203 0.5916152830766399 74
1717930445565 0.5950935162711686 75
1717930448072 0.5981883223375456 76
1717930450321 0.6012290328658209 77
1717930452599 0.6042657391145773 78
1717930454965 0.607235167831686 79
1717930457229 0.6102673853446702 80
1717930459652 0.6132884029056628 81
1717930461923 0.6163119940549975 82
1717930464300 0.6194827641118255 83
1717930466606 0.6231849924899499 84
1717930469030 0.6261501203401634 85
1717930471345 0.6284625791624546 86
1717930473669 0.6300250449754141 87
1717930475847 0.6306748619897381 88
1717930477848 0.6325928333395884 89
1717930479979 0.6351326108177349 90
1717930482278 0.6371797244094379 91
1717930484682 0.6392363544487223 92
1717930487132 0.6413675670219453 93
1717930489428 0.6431130887814548 94
1717930491907 0.644944500135821 95
1717930494198 0.6467872588947321 96
1717930496451 0.6483608133867346 97
1717930498722 0.650018813276499 98
1717930501121 0.6512919610662904 99
