1717231793000 153243.0 1
1717231803194 177355.0 2
1717231813170 192034.0 3
1717231823017 197618.0 4
1717231832777 207365.0 5
1717231842633 209076.0 6
1717231852425 207979.0 7
1717231862152 211098.0 8
1717231873007 208558.0 9
1717231882507 207679.0 10
1717231891648 207521.0 11
1717231900736 206597.0 12
1717231909673 206512.0 13
1717231918809 205263.0 14
1717231927837 203793.0 15
1717231937060 200573.0 16
1717231946471 200194.0 17
1717231955692 206149.0 18
1717231964793 205208.0 19
1717231973820 202447.0 20
1717231982901 200652.0 21
1717231991913 200863.0 22
1717232001001 199893.0 23
1717232010019 199783.0 24
1717232018883 202146.0 25
1717232028084 201700.0 26
1717232037292 201975.0 27
1717232046283 201261.0 28
1717232055542 201744.0 29
1717232064831 202026.0 30
1717232074026 204240.0 31
1717232083015 205755.0 32
1717232091984 204215.0 33
1717232102401 208192.0 34
1717232114226 208662.0 35
1717232125996 210010.0 36
1717232137763 211516.0 37
1717232147505 213741.0 38
1717232156820 210852.0 39
1717232168422 217109.0 40
1717232179888 217640.0 41
1717232191684 222368.0 42
1717232203424 224169.0 43
1717232215153 227956.0 44
1717232226893 229813.0 45
1717232238543 230828.0 46
1717232248212 234752.0 47
1717232257606 232042.0 48
1717232266875 234709.0 49
1717232278641 236594.0 50
1717232287680 235839.0 51
1717232298138 237997.0 52
1717232309319 237133.0 53
1717232320541 237447.0 54
1717232331060 237748.0 55
1717232340009 235913.0 56
1717232348886 239015.0 57
1717232357740 238769.0 58
1717232366706 242895.0 59
1717232375560 240113.0 60
1717232384824 242926.0 61
1717232393730 244244.0 62
1717232402838 245924.0 63
1717232411930 246978.0 64
1717232420936 251887.0 65
1717232430327 250698.0 66
1717232439341 251117.0 67
1717232448244 247609.0 68
1717232457758 253507.0 69
1717232466826 254843.0 70
1717232475774 255363.0 71
1717232484694 256814.0 72
1717232493651 258659.0 73
1717232502753 258973.0 74
1717232511573 262593.0 75
1717232520711 262475.0 76
1717232529666 262029.0 77
1717232538571 261868.0 78
1717232547540 262250.0 79
1717232556607 256395.0 80
1717232565597 260209.0 81
1717232574499 263483.0 82
1717232583498 264749.0 83
1717232592315 266111.0 84
1717232601199 267928.0 85
1717232610465 270783.0 86
1717232619606 271045.0 87
1717232628840 272760.0 88
1717232637983 274199.0 89
1717232647104 274840.0 90
1717232656158 275057.0 91
1717232665001 275552.0 92
1717232673764 277064.0 93
1717232682783 276774.0 94
1717232691581 277763.0 95
1717232700390 276685.0 96
1717232709491 278236.0 97
1717232718538 277768.0 98
1717232727507 277475.0 99
