1717343285162 0.7509504576956941 1
1717343286988 0.8811672712690791 2
1717343288852 0.8939504298787126 3
1717343290669 0.903781964924449 4
1717343292473 0.908166708717996 5
1717343294291 0.9118601325023548 6
1717343296156 0.9150776318266666 7
1717343298007 0.9162193297877427 8
1717343299818 0.9184765481930575 9
1717343301722 0.9200184586774435 10
1717343303527 0.9218129387102262 11
1717343305363 0.9229678758512571 12
1717343307265 0.9245431155229228 13
1717343309085 0.9256513372723848 14
1717343310917 0.9276480892556137 15
1717343312751 0.9282667330229355 16
1717343314599 0.9298653031901398 17
1717343316435 0.9304319872499017 18
1717343318243 0.9313773752265802 19
1717343320054 0.9323974839331821 20
1717343321859 0.9333869718431599 21
1717343323735 0.9342375916400961 22
1717343325559 0.9352289149931338 23
1717343327395 0.9357826104687498 24
1717343329276 0.9364220055595142 25
1717343331118 0.9369245003970992 26
1717343332960 0.9374815525703376 27
1717343334773 0.9370167740926493 28
1717343336641 0.9381353242087636 29
1717343338482 0.9379081724665099 30
1717343340335 0.9391920730690374 31
1717343342186 0.9395751674050528 32
1717343344023 0.9401250304714341 33
1717343345877 0.9401735040211586 34
1717343347724 0.9406437777661312 35
1717343349593 0.9403431927089222 36
1717343351476 0.9411321755824892 37
1717343353335 0.9410583520737205 38
1717343355221 0.9416897394942563 39
1717343357103 0.9415338551428053 40
1717343358956 0.9420492696447619 41
1717343360821 0.9418706874980304 42
1717343362706 0.9424050700702876 43
1717343364576 0.9420991549681943 44
1717343366431 0.9428808030607971 45
1717343368414 0.9424468803341526 46
1717343370346 0.9432176805542244 47
1717343372190 0.9433214494289427 48
1717343374072 0.943345616227344 49
1717343375967 0.9429618374801078 50
1717343377825 0.9436800089462725 51
1717343379698 0.9435374967399045 52
1717343381568 0.9437710570417595 53
1717343383441 0.943917318000931 54
1717343385289 0.9441036353034181 55
1717343387183 0.9440553267566786 56
1717343389076 0.9442436639695383 57
1717343390955 0.9441948758682231 58
1717343392804 0.9441956220660812 59
1717343394621 0.9443362914005754 60
1717343396448 0.9446441789244799 61
1717343398316 0.9446046704065997 62
1717343400156 0.9450480380758038 63
1717343402006 0.9449588589833494 64
1717343403871 0.9450742915140662 65
1717343405793 0.9451514030045158 66
1717343407630 0.9449665714089537 67
1717343409484 0.9453422337630355 68
1717343411358 0.9457077102646325 69
1717343413264 0.9456137959925138 70
1717343415208 0.9451382488308031 71
1717343417035 0.9454260906295656 72
1717343418879 0.9455255915205321 73
1717343420783 0.9458070772108117 74
1717343422599 0.9460612839952743 75
1717343424531 0.9460900548408319 76
1717343426344 0.9458430597771496 77
1717343428228 0.9460114175612916 78
1717343430104 0.9458951694934365 79
1717343432009 0.94614178237139 80
1717343433845 0.9461191054703665 81
1717343435691 0.9463953287985932 82
1717343437557 0.9463909072086237 83
1717343439441 0.946478348555962 84
1717343441286 0.9463337082918528 85
1717343443145 0.9466637873083471 86
1717343445018 0.9463803625060251 87
1717343446864 0.946878597230486 88
1717343448738 0.9467119163235874 89
1717343450669 0.9472410118833483 90
1717343452530 0.9467057450818743 91
1717343454350 0.9472167644051855 92
1717343456202 0.946930138201361 93
1717343458070 0.9475370435105541 94
1717343459920 0.9465208092817693 95
1717343461793 0.946959656296068 96
1717343463667 0.9470466300224764 97
1717343465524 0.9476685128638191 98
1717343467480 0.9475730368345137 99
