1717343285162 287888.0 1
1717343286988 287888.0 2
1717343288852 287888.0 3
1717343290669 287888.0 4
1717343292473 287888.0 5
1717343294291 287888.0 6
1717343296156 287888.0 7
1717343298007 287888.0 8
1717343299818 287888.0 9
1717343301722 287888.0 10
1717343303527 287888.0 11
1717343305363 287888.0 12
1717343307265 287888.0 13
1717343309085 287888.0 14
1717343310917 287888.0 15
1717343312751 287888.0 16
1717343314599 287888.0 17
1717343316435 287888.0 18
1717343318243 287888.0 19
1717343320054 287888.0 20
1717343321859 287888.0 21
1717343323735 287888.0 22
1717343325559 287888.0 23
1717343327395 287888.0 24
1717343329276 287888.0 25
1717343331118 287888.0 26
1717343332960 287888.0 27
1717343334773 287888.0 28
1717343336641 287888.0 29
1717343338482 287888.0 30
1717343340335 287888.0 31
1717343342186 287888.0 32
1717343344023 287888.0 33
1717343345877 287888.0 34
1717343347724 287888.0 35
1717343349593 287888.0 36
1717343351476 287888.0 37
1717343353335 287888.0 38
1717343355221 287888.0 39
1717343357103 287888.0 40
1717343358956 287888.0 41
1717343360821 287888.0 42
1717343362706 287888.0 43
1717343364576 287888.0 44
1717343366431 287888.0 45
1717343368414 287888.0 46
1717343370346 287888.0 47
1717343372190 287888.0 48
1717343374072 287888.0 49
1717343375967 287888.0 50
1717343377825 287888.0 51
1717343379698 287888.0 52
1717343381568 287888.0 53
1717343383441 287888.0 54
1717343385289 287888.0 55
1717343387183 287888.0 56
1717343389076 287888.0 57
1717343390955 287888.0 58
1717343392804 287888.0 59
1717343394621 287888.0 60
1717343396448 287888.0 61
1717343398316 287888.0 62
1717343400156 287888.0 63
1717343402006 287888.0 64
1717343403871 287888.0 65
1717343405793 287888.0 66
1717343407630 287888.0 67
1717343409484 287888.0 68
1717343411358 287888.0 69
1717343413264 287888.0 70
1717343415208 287888.0 71
1717343417035 287888.0 72
1717343418879 287888.0 73
1717343420783 287888.0 74
1717343422599 287888.0 75
1717343424531 287888.0 76
1717343426344 287888.0 77
1717343428228 287888.0 78
1717343430104 287888.0 79
1717343432009 287888.0 80
1717343433845 287888.0 81
1717343435691 287888.0 82
1717343437557 287888.0 83
1717343439441 287888.0 84
1717343441286 287888.0 85
1717343443145 287888.0 86
1717343445018 287888.0 87
1717343446864 287888.0 88
1717343448738 287888.0 89
1717343450669 287888.0 90
1717343452530 287888.0 91
1717343454350 287888.0 92
1717343456202 287888.0 93
1717343458070 287888.0 94
1717343459920 287888.0 95
1717343461793 287888.0 96
1717343463667 287888.0 97
1717343465524 287888.0 98
1717343467480 287888.0 99
