1717618062131 0.9099906094345347 1
1717618101651 0.9243690709938506 2
1717618135331 0.9214401091686503 3
1717618168801 0.9201791128728095 4
1717618200238 0.9211503912846034 5
1717618228605 0.9220270040641186 6
1717618261110 0.9235222518839853 7
1717618292709 0.9255466947829911 8
1717618323140 0.9269355420098863 9
1717618354722 0.9280496286450771 10
1717618386876 0.9295105610064491 11
1717618426797 0.9306616916228659 12
1717618473705 0.9327536469332226 13
1717618513009 0.9344283168608666 14
1717618553413 0.9356174558306999 15
1717618595622 0.9363802125416172 16
