1717618062131 0.9773079243695361 1
1717618101651 0.9824268783592075 2
1717618135331 0.9821164731999134 3
1717618168801 0.9819025293665773 4
1717618200238 0.9822015969695831 5
1717618228605 0.982438533566274 6
1717618261110 0.9828432263736306 7
1717618292709 0.9832969758596555 8
1717618323140 0.9835858273750157 9
1717618354722 0.9838814725641324 10
1717618386876 0.9841958089838739 11
1717618426797 0.9844568195576036 12
1717618473705 0.9848744371249994 13
1717618513009 0.9852037802819159 14
1717618553413 0.9854731686402458 15
1717618595622 0.9855771419842045 16
