1717227602040 0.5015624407731565 1
1717227603361 0.6540611750025136 2
1717227604634 0.6774243987837928 3
1717227605886 0.6816016993999889 4
1717227607110 0.6890424258529909 5
1717227608388 0.695408242537353 6
1717227609660 0.7069016279513507 7
1717227610901 0.7167852917896969 8
1717227612215 0.7293607801737172 9
1717227613483 0.7441783319121306 10
1717227614832 0.7506783815196965 11
1717227616148 0.7654715949643325 12
1717227617441 0.7759337098307434 13
1717227618697 0.7862426067151426 14
1717227619986 0.7960223662042676 15
1717227621242 0.8016893255261078 16
1717227622507 0.8130597241262943 17
1717227623756 0.818325472697074 18
1717227625047 0.8233429741307857 19
1717227626309 0.8323209825712926 20
1717227627596 0.8398437292709262 21
1717227628859 0.8444497262887707 22
1717227630143 0.8504094458280564 23
1717227631428 0.8559499229365326 24
1717227632691 0.8585184314877168 25
1717227633987 0.8633141818248419 26
1717227635252 0.868240232921237 27
1717227636555 0.8638015230740075 28
1717227637842 0.871686819597168 29
1717227639123 0.8752126511116594 30
1717227640513 0.8776749063129392 31
1717227641781 0.8804300948551221 32
1717227643050 0.8800601035449583 33
1717227644315 0.8776608657278853 34
1717227645582 0.881383362126611 35
1717227646831 0.882509174859761 36
1717227648114 0.8855511156021597 37
1717227649371 0.8848380443767228 38
1717227650611 0.8862814413938535 39
1717227651869 0.8844095575266089 40
1717227653193 0.8888370697285726 41
1717227654454 0.8856306004852206 42
1717227655732 0.8915227177887741 43
1717227657058 0.8890032730594236 44
1717227658341 0.891116735596479 45
1717227659641 0.891582402886435 46
1717227660912 0.8915716234070742 47
1717227662205 0.8928551396628143 48
1717227663478 0.893657391831975 49
1717227664929 0.8944258911528189 50
1717227666298 0.894429086124256 51
1717227667651 0.8944384110432254 52
1717227669145 0.8951438767379117 53
1717227670499 0.8961964580099554 54
1717227671845 0.8969551389221525 55
1717227673220 0.8957308835234986 56
1717227674573 0.8966599715274324 57
1717227675921 0.8975331952371234 58
1717227677275 0.8968321750784042 59
1717227678554 0.8973240267765049 60
1717227679855 0.8981135125027057 61
1717227681132 0.8974929125145807 62
1717227682438 0.8985541947718693 63
1717227683725 0.8971183759561404 64
1717227685006 0.9001283096394117 65
1717227686301 0.9007781066109655 66
1717227687550 0.9022033674237956 67
1717227688818 0.902469501317473 68
1717227690101 0.9027439203752042 69
1717227691367 0.9038198756549783 70
1717227692685 0.9012477298699171 71
1717227693944 0.9021303977629737 72
1717227695198 0.9051039375184582 73
1717227696466 0.9060870221769207 74
1717227697707 0.9060767353720396 75
1717227698950 0.9076163878485952 76
1717227700498 0.9066578122250417 77
1717227701755 0.9094169329059542 78
1717227703037 0.909861715733966 79
1717227704379 0.91074181020987 80
1717227705737 0.9136944277580195 81
1717227707094 0.9122007370293448 82
1717227708393 0.9144855711781474 83
1717227709706 0.9151973444835209 84
1717227711001 0.9168167495474185 85
1717227712283 0.9164828881556261 86
1717227713595 0.9167634448664439 87
1717227714858 0.9167818978050857 88
1717227716142 0.9186264860017278 89
1717227717457 0.9183027744837418 90
1717227718749 0.9192501775241678 91
1717227720026 0.920076653966582 92
1717227721298 0.9150910890156961 93
1717227722604 0.9194806506164122 94
1717227723884 0.9224159352976012 95
1717227725173 0.9231571633361403 96
1717227726444 0.924122932875614 97
1717227727733 0.9248765418623323 98
1717227729014 0.9250708956188944 99
