1717227602040 142490.0 1
1717227603361 137474.0 2
1717227604634 128477.0 3
1717227605886 120220.0 4
1717227607110 113765.0 5
1717227608388 109610.0 6
1717227609660 105984.0 7
1717227610901 102701.0 8
1717227612215 100808.0 9
1717227613483 100229.0 10
1717227614832 97955.0 11
1717227616148 97563.0 12
1717227617441 96464.0 13
1717227618697 95938.0 14
1717227619986 94615.0 15
1717227621242 93979.0 16
1717227622507 92796.0 17
1717227623756 90604.0 18
1717227625047 87374.0 19
1717227626309 83903.0 20
1717227627596 80988.0 21
1717227628859 77913.0 22
1717227630143 75607.0 23
1717227631428 74301.0 24
1717227632691 73575.0 25
1717227633987 71211.0 26
1717227635252 70774.0 27
1717227636555 70818.0 28
1717227637842 69283.0 29
1717227639123 68623.0 30
1717227640513 68194.0 31
1717227641781 67616.0 32
1717227643050 66906.0 33
1717227644315 66044.0 34
1717227645582 65533.0 35
1717227646831 64525.0 36
1717227648114 63640.0 37
1717227649371 62984.0 38
1717227650611 62506.0 39
1717227651869 62146.0 40
1717227653193 61559.0 41
1717227654454 61163.0 42
1717227655732 60966.0 43
1717227657058 60536.0 44
1717227658341 60159.0 45
1717227659641 59987.0 46
1717227660912 59667.0 47
1717227662205 59238.0 48
1717227663478 59228.0 49
1717227664929 59069.0 50
1717227666298 58700.0 51
1717227667651 58284.0 52
1717227669145 57970.0 53
1717227670499 57890.0 54
1717227671845 57632.0 55
1717227673220 57445.0 56
1717227674573 57178.0 57
1717227675921 57157.0 58
1717227677275 56864.0 59
1717227678554 56840.0 60
1717227679855 56321.0 61
1717227681132 56170.0 62
1717227682438 56154.0 63
1717227683725 56025.0 64
1717227685006 56185.0 65
1717227686301 55769.0 66
1717227687550 55720.0 67
1717227688818 55682.0 68
1717227690101 55676.0 69
1717227691367 55625.0 70
1717227692685 55481.0 71
1717227693944 55683.0 72
1717227695198 55765.0 73
1717227696466 55529.0 74
1717227697707 55349.0 75
1717227698950 55414.0 76
1717227700498 55330.0 77
1717227701755 55380.0 78
1717227703037 55115.0 79
1717227704379 55046.0 80
1717227705737 55017.0 81
1717227707094 54807.0 82
1717227708393 54818.0 83
1717227709706 54809.0 84
1717227711001 54681.0 85
1717227712283 54621.0 86
1717227713595 54611.0 87
1717227714858 54616.0 88
1717227716142 54851.0 89
1717227717457 54680.0 90
1717227718749 54818.0 91
1717227720026 55033.0 92
1717227721298 55585.0 93
1717227722604 55420.0 94
1717227723884 55513.0 95
1717227725173 55007.0 96
1717227726444 54932.0 97
1717227727733 54781.0 98
1717227729014 54847.0 99
