1717227602040 1.5702378749847412 1
1717227603361 1.373864769935608 2
1717227604634 1.313978910446167 3
1717227605886 1.268011212348938 4
1717227607110 1.22982919216156 5
1717227608388 1.193543791770935 6
1717227609660 1.161824107170105 7
1717227610901 1.1348055601119995 8
1717227612215 1.1101077795028687 9
1717227613483 1.087166428565979 10
1717227614832 1.0648146867752075 11
1717227616148 1.0471669435501099 12
1717227617441 1.0257666110992432 13
1717227618697 1.0092090368270874 14
1717227619986 0.9900270104408264 15
1717227621242 0.972041130065918 16
1717227622507 0.9505541920661926 17
1717227623756 0.9259005784988403 18
1717227625047 0.9008280634880066 19
1717227626309 0.8716429471969604 20
1717227627596 0.8458232879638672 21
1717227628859 0.8219088315963745 22
1717227630143 0.7999734282493591 23
1717227631428 0.7812427878379822 24
1717227632691 0.7761093974113464 25
1717227633987 0.7505459785461426 26
1717227635252 0.7350698113441467 27
1717227636555 0.7532046437263489 28
1717227637842 0.7233819961547852 29
1717227639123 0.7097787857055664 30
1717227640513 0.6992294192314148 31
1717227641781 0.6893793344497681 32
1717227643050 0.6803871989250183 33
1717227644315 0.6771848797798157 34
1717227645582 0.6685446500778198 35
1717227646831 0.6583033800125122 36
1717227648114 0.650665283203125 37
1717227649371 0.6447331309318542 38
1717227650611 0.6388216018676758 39
1717227651869 0.6371603012084961 40
1717227653193 0.627825140953064 41
1717227654454 0.6255460381507874 42
1717227655732 0.6148942112922668 43
1717227657058 0.6119846701622009 44
1717227658341 0.6052857637405396 45
1717227659641 0.6037761569023132 46
1717227660912 0.6016214489936829 47
1717227662205 0.5940337777137756 48
1717227663478 0.5902153849601746 49
1717227664929 0.5859793424606323 50
1717227666298 0.5821046233177185 51
1717227667651 0.578514039516449 52
1717227669145 0.5742118954658508 53
1717227670499 0.5704096555709839 54
1717227671845 0.5656468868255615 55
1717227673220 0.5627713799476624 56
1717227674573 0.5590303540229797 57
1717227675921 0.5573617219924927 58
1717227677275 0.5538285970687866 59
1717227678554 0.5523040890693665 60
1717227679855 0.5483002662658691 61
1717227681132 0.5462116003036499 62
1717227682438 0.5441877245903015 63
1717227683725 0.5446566939353943 64
1717227685006 0.5382549166679382 65
1717227686301 0.535404622554779 66
1717227687550 0.5330630540847778 67
1717227688818 0.5312598943710327 68
1717227690101 0.5295152068138123 69
1717227691367 0.5266149640083313 70
1717227692685 0.5297912359237671 71
1717227693944 0.5305907726287842 72
1717227695198 0.5233738422393799 73
1717227696466 0.5194887518882751 74
1717227697707 0.5180257558822632 75
1717227698950 0.5140594244003296 76
1717227700498 0.5118330121040344 77
1717227701755 0.5102709531784058 78
1717227703037 0.5067453384399414 79
1717227704379 0.5051380395889282 80
1717227705737 0.5031871795654297 81
1717227707094 0.501653254032135 82
1717227708393 0.4986524283885956 83
1717227709706 0.4963853359222412 84
1717227711001 0.49428510665893555 85
1717227712283 0.492235392332077 86
1717227713595 0.49009546637535095 87
1717227714858 0.489612877368927 88
1717227716142 0.48679694533348083 89
1717227717457 0.4848867952823639 90
1717227718749 0.4834659695625305 91
1717227720026 0.48114851117134094 92
1717227721298 0.4948159158229828 93
1717227722604 0.4873945713043213 94
1717227723884 0.4798352122306824 95
1717227725173 0.4757212996482849 96
1717227726444 0.47273963689804077 97
1717227727733 0.4707930088043213 98
1717227729014 0.4698854982852936 99
