1717330959279 0.9274334601240033 1
1717330962240 0.9806259222890382 2
1717330965343 0.9792974892799723 3
1717330968208 0.9804416359051382 4
1717330971243 0.9809728783834114 5
1717330974161 0.9823960364688775 6
1717330977021 0.9847652403999545 7
1717330979934 0.9865169012295103 8
1717330983268 0.9885051655127878 9
1717330986225 0.9893116691415558 10
1717330989149 0.9911892680876763 11
1717330992252 0.9928327328169919 12
1717330995377 0.9942160454267537 13
1717330998458 0.9929337205372246 14
1717331001457 0.9951492536179046 15
1717331004774 0.9958264406891275 16
1717331007615 0.9964189283095617 17
1717331010566 0.9962358060086637 18
1717331013540 0.9970402520739196 19
1717331016401 0.9970732835286774 20
1717331019304 0.9972147896168105 21
1717331022181 0.9976311213005418 22
1717331025093 0.9977657663036745 23
1717331028061 0.9979949797281795 24
1717331031005 0.9981519705702818 25
1717331034418 0.9981558484160772 26
1717331037557 0.9983502580613304 27
1717331040400 0.9984303837777132 28
1717331043280 0.9984470939128587 29
1717331046170 0.9986090964399823 30
1717331049680 0.9987671253057944 31
1717331052630 0.9987818672334915 32
1717331055605 0.9988067108644219 33
1717331058578 0.9989090750448434 34
1717331061453 0.9990010222763325 35
1717331064432 0.9990265746528273 36
1717331067276 0.9990858069282378 37
1717331070121 0.9991820835514282 38
1717331073054 0.9991499504302611 39
1717331076077 0.9991444622829513 40
1717331079066 0.9991958946859677 41
1717331082180 0.9992383618888365 42
1717331085151 0.9992326414099023 43
1717331088017 0.9992841618867824 44
1717331090970 0.9992088188123229 45
1717331093922 0.9992154390369684 46
1717331096797 0.9991945271573619 47
1717331099766 0.9991831593399102 48
1717331103351 0.9992095028556885 49
1717331106308 0.9991315790879653 50
1717331109370 0.9992383653341397 51
1717331112149 0.9993584551012414 52
1717331115187 0.9992840642096074 53
1717331118090 0.9992475538663254 54
1717331121023 0.9992964988693361 55
1717331124015 0.9992421810307855 56
1717331127001 0.9993798257010815 57
1717331129888 0.9993487039012318 58
1717331132813 0.9992819353401432 59
1717331136437 0.9993704308087189 60
1717331139316 0.9992471061211734 61
1717331142131 0.9993642071690688 62
1717331145046 0.9994059292214577 63
1717331147862 0.9994779135520073 64
1717331150773 0.9994980169243037 65
1717331153657 0.9995366483969974 66
1717331156880 0.9995840525508441 67
1717331159726 0.9995871538269908 68
1717331162653 0.9995816517843834 69
1717331165502 0.9995991737217721 70
1717331168419 0.9996055974349869 71
1717331171400 0.9995941590171041 72
1717331174498 0.999570031484752 73
1717331177394 0.9995749435253772 74
1717331180259 0.9995742820701816 75
1717331183012 0.9995506668762593 76
1717331186418 0.9996100245324783 77
1717331189434 0.9995862994074143 78
1717331192792 0.9996631197631298 79
1717331195626 0.9996291518553856 80
1717331198470 0.9996556851315191 81
1717331201339 0.9996875516605295 82
1717331204145 0.9997060217599756 83
1717331206968 0.9996644048333673 84
1717331209804 0.9996303231732114 85
1717331212709 0.999612499581461 86
1717331215593 0.9994438433885975 87
1717331218376 0.9994574873181532 88
1717331221786 0.9995601022436745 89
1717331224752 0.9995410307916043 90
1717331227567 0.9996417920136158 91
1717331230270 0.9996607787200918 92
1717331232980 0.9996680413344203 93
1717331235797 0.99971574811521 94
1717331238547 0.9996933447358597 95
1717331241385 0.9997363990741984 96
1717331244184 0.9996848994651977 97
1717331247024 0.9996966647007893 98
1717331249742 0.9996725951133456 99
