1717626198705 0.41376422849946765 1
1717626233637 0.5127250713668655 2
1717626276737 0.575496281215005 3
1717626317996 0.599509773914654 4
1717626360126 0.6115918063259519 5
1717626402989 0.627399734932484 6
1717626437999 0.6348348238894317 7
1717626482811 0.6431871603841778 8
1717626523481 0.6493817777858032 9
1717626563380 0.6554351629292328 10
1717626608804 0.6600805088300638 11
1717626652649 0.6634134007594241 12
1717626694772 0.6673185134709857 13
1717626744391 0.6718521830124129 14
1717626791739 0.6756546361991851 15
1717626834185 0.6762477141371809 16
1717626869869 0.6819597299963169 17
1717626912542 0.6834602230397092 18
1717626959651 0.687414592639197 19
1717627000719 0.6912129520688785 20
1717627043733 0.6920582570159808 21
1717627079107 0.6963743082862804 22
1717627123160 0.6987340172920605 23
1717627171404 0.701056249821424 24
1717627219108 0.7059942742871432 25
1717627258939 0.707960093892691 26
1717627303175 0.7099510327831301 27
1717627342185 0.7118942171540292 28
1717627390406 0.7151487609411871 29
1717627439136 0.7181435322563348 30
1717627489433 0.7214356861490605 31
1717627530024 0.722522046785865 32
1717627573849 0.7226688999643394 33
1717627613910 0.7240703457233961 34
1717627658991 0.7282246482673577 35
1717627697896 0.7276898162690326 36
1717627734378 0.7308226835870064 37
1717627772951 0.7328491484807181 38
1717627818584 0.7335509199270887 39
1717627853653 0.7350046211714362 40
1717627892448 0.736730593299933 41
1717627932926 0.7380831172750877 42
1717627972637 0.7419487397870148 43
1717628014168 0.7407968678929554 44
1717628051823 0.7423567905438497 45
1717628089418 0.7372028755028803 46
1717628121210 0.7458691582276377 47
1717628162164 0.7461929372646895 48
1717628200029 0.7414764105553817 49
1717628238573 0.7462471805929121 50
1717628276600 0.7505004108459706 51
1717628310472 0.7493760138175779 52
1717628345928 0.7524317250825029 53
1717628376830 0.7540723527700547 54
1717628413848 0.7502861097571215 55
1717628450398 0.7530788141171573 56
1717628491099 0.7545920015513503 57
1717628524874 0.7602026811304987 58
1717628560260 0.7585287452576684 59
1717628595260 0.7541636533957519 60
1717628632308 0.7461778425833461 61
1717628669499 0.7594207701953167 62
1717628706383 0.7635395300598781 63
1717628740389 0.762983105549036 64
1717628776653 0.7602176249520933 65
1717628809777 0.7636675588706451 66
1717628846675 0.7621967034688326 67
1717628882416 0.7653510572519412 68
1717628921495 0.7642890527181676 69
1717628957847 0.7665191679358468 70
1717628996074 0.763336900925972 71
1717629028338 0.7668638656778114 72
1717629064901 0.7693264739889414 73
1717629098672 0.7690729346846927 74
1717629137504 0.7714383547579974 75
1717629171991 0.7715376614578905 76
1717629211293 0.7708897753921574 77
1717629245356 0.7675794868522535 78
1717629278281 0.7753888296697904 79
1717629316164 0.778591846942539 80
1717629353333 0.7692771660233247 81
1717629388864 0.7725882049384337 82
1717629421775 0.7723168378070427 83
1717629458594 0.7740916625191292 84
1717629493332 0.7745776642531493 85
1717629529584 0.7774993485662173 86
1717629568621 0.7678199286924654 87
1717629607041 0.7785183481038754 88
1717629647340 0.781718767962485 89
1717629682938 0.7787847565761667 90
1717629712860 0.779090250858408 91
1717629746365 0.7606451289365912 92
1717629780527 0.76621540366965 93
1717629817801 0.7828946788954809 94
1717629853785 0.7809447390436189 95
1717629886820 0.783438495976316 96
1717629923051 0.7839478227298273 97
1717629958505 0.787850897518467 98
1717629996668 0.7748423673187254 99
