1717329247020 0.5220365216017432 1
1717329255559 0.5900085148329397 2
1717329263832 0.5797637372259258 3
1717329272140 0.5781686908752143 4
1717329280734 0.5795515842424639 5
1717329289836 0.5814093255106122 6
1717329298405 0.5844018995887331 7
1717329307988 0.5863670190433352 8
1717329316532 0.5885681833225138 9
1717329324819 0.5898567411873377 10
1717329332925 0.5897397541945589 11
1717329340991 0.5901657872950413 12
1717329348775 0.5908793523923818 13
1717329356941 0.590454572256564 14
1717329364773 0.5904895660694403 15
1717329373872 0.5902215349932038 16
1717329381754 0.5903233465954382 17
1717329390257 0.5898677372688268 18
1717329397973 0.589754470198589 19
1717329406225 0.5890945051821692 20
1717329414908 0.5887311100873681 21
1717329422959 0.5888193667027306 22
1717329430793 0.5886595102207036 23
1717329438835 0.5884660343781878 24
1717329446785 0.5880880491930374 25
1717329455544 0.5894382994317593 26
1717329466003 0.5884300708590711 27
1717329477299 0.5880175893751499 28
1717329487569 0.5876698658263579 29
1717329497842 0.5871747886596512 30
1717329506346 0.5869140738688458 31
1717329514822 0.589468129237704 32
1717329523914 0.5884460569563 33
1717329532723 0.5867916195951873 34
1717329541049 0.5864773126911076 35
1717329550446 0.5893851044387669 36
1717329558874 0.5901951039309405 37
1717329566976 0.5861969318846099 38
1717329574842 0.5866037831610073 39
1717329582721 0.5870032301416538 40
1717329590503 0.5872509199624015 41
1717329598359 0.5883745417590687 42
1717329607363 0.5881197680669908 43
1717329615244 0.5911743495557416 44
1717329623021 0.5895083121256957 45
1717329630747 0.5906628977684487 46
1717329639726 0.5914819679284689 47
1717329648502 0.5921829780707161 48
1717329656430 0.5933363224718168 49
1717329664337 0.5941861944965215 50
1717329672236 0.5949615879306681 51
1717329680919 0.5964760438777897 52
1717329688640 0.596085822884842 53
1717329696123 0.5963001170293075 54
1717329703708 0.5971624362312749 55
1717329711916 0.5978925550747217 56
1717329719969 0.5977984623096456 57
1717329727405 0.5973166342412802 58
1717329734681 0.5987184534613641 59
1717329742245 0.5989658520793097 60
1717329750314 0.5995471192474248 61
1717329757792 0.6003493282528498 62
1717329765817 0.6013833207960652 63
1717329773116 0.6015732151452491 64
1717329781317 0.6011546895850048 65
1717329788711 0.6023754604003551 66
1717329796494 0.602107323514104 67
1717329804064 0.603200007906335 68
1717329811517 0.6028079747228776 69
1717329818850 0.6029531295204188 70
1717329826318 0.6039394296784169 71
1717329834168 0.6041933234041218 72
1717329841433 0.6042305299047117 73
1717329849343 0.6038118482542848 74
1717329856856 0.6048193235077214 75
1717329864453 0.6053954503139112 76
1717329871829 0.6056670211367786 77
1717329879136 0.6064844300982507 78
1717329886979 0.6061511142331955 79
1717329894408 0.6066185205714603 80
1717329901618 0.6075954434882423 81
1717329909098 0.6073652496597381 82
1717329917261 0.6076614216938276 83
1717329924767 0.6081759793853486 84
1717329932350 0.6091468817158169 85
1717329939668 0.6083122795066874 86
1717329947540 0.6095075751634933 87
1717329954954 0.6091489296876952 88
1717329962253 0.6100632081929271 89
1717329969504 0.6109067408412607 90
1717329977424 0.6104532131096487 91
1717329984807 0.6101176764733225 92
1717329992464 0.6119160081729778 93
1717329999861 0.6126459950791335 94
1717330007357 0.6116517010979312 95
1717330014904 0.613168609923403 96
1717330022919 0.6149032084758937 97
1717330030225 0.6165498205722723 98
1717330037581 0.6165432209379568 99
