1717329247020 0.20074698328971863 1
1717329255559 0.221846342086792 2
1717329263832 0.22064276039600372 3
1717329272140 0.22043493390083313 4
1717329280734 0.22069288790225983 5
1717329289836 0.22085924446582794 6
1717329298405 0.22128748893737793 7
1717329307988 0.22159001231193542 8
1717329316532 0.22191986441612244 9
1717329324819 0.22206762433052063 10
1717329332925 0.22193950414657593 11
1717329340991 0.2220296859741211 12
1717329348775 0.22220511734485626 13
1717329356941 0.22213536500930786 14
1717329364773 0.2222125083208084 15
1717329373872 0.22210948169231415 16
1717329381754 0.22233663499355316 17
1717329390257 0.22206345200538635 18
1717329397973 0.22217150032520294 19
1717329406225 0.2221464216709137 20
1717329414908 0.22211940586566925 21
1717329422959 0.22208675742149353 22
1717329430793 0.22209912538528442 23
1717329438835 0.2221132516860962 24
1717329446785 0.22205288708209991 25
1717329455544 0.22215881943702698 26
1717329466003 0.2219819724559784 27
1717329477299 0.22201764583587646 28
1717329487569 0.22195550799369812 29
1717329497842 0.22194893658161163 30
1717329506346 0.2218749076128006 31
1717329514822 0.22219368815422058 32
1717329523914 0.2220267802476883 33
1717329532723 0.22195596992969513 34
1717329541049 0.2218925952911377 35
1717329550446 0.2221514731645584 36
1717329558874 0.22260348498821259 37
1717329566976 0.22187791764736176 38
1717329574842 0.22195731103420258 39
1717329582721 0.22215549647808075 40
1717329590503 0.22219261527061462 41
1717329598359 0.22249561548233032 42
1717329607363 0.22257256507873535 43
1717329615244 0.22293886542320251 44
1717329623021 0.22309468686580658 45
1717329630747 0.2235371172428131 46
1717329639726 0.22370727360248566 47
1717329648502 0.22381259500980377 48
1717329656430 0.22406984865665436 49
1717329664337 0.2243841290473938 50
1717329672236 0.22467726469039917 51
1717329680919 0.22489851713180542 52
1717329688640 0.2249670773744583 53
1717329696123 0.22486421465873718 54
1717329703708 0.22516165673732758 55
1717329711916 0.22524219751358032 56
1717329719969 0.22532649338245392 57
1717329727405 0.2251766324043274 58
1717329734681 0.22542494535446167 59
1717329742245 0.22556714713573456 60
1717329750314 0.22571726143360138 61
1717329757792 0.22597835958003998 62
1717329765817 0.22588379681110382 63
1717329773116 0.22611267864704132 64
1717329781317 0.22622017562389374 65
1717329788711 0.22629928588867188 66
1717329796494 0.22624807059764862 67
1717329804064 0.22652477025985718 68
1717329811517 0.22656884789466858 69
1717329818850 0.22661559283733368 70
1717329826318 0.22692030668258667 71
1717329834168 0.2268899381160736 72
1717329841433 0.22713615000247955 73
1717329849343 0.22702661156654358 74
1717329856856 0.22716908156871796 75
1717329864453 0.22750550508499146 76
1717329871829 0.22737301886081696 77
1717329879136 0.22766593098640442 78
1717329886979 0.22751545906066895 79
1717329894408 0.2276822179555893 80
1717329901618 0.22789043188095093 81
1717329909098 0.22796814143657684 82
1717329917261 0.2279384434223175 83
1717329924767 0.22816920280456543 84
1717329932350 0.22817930579185486 85
1717329939668 0.22818168997764587 86
1717329947540 0.2285410463809967 87
1717329954954 0.22851930558681488 88
1717329962253 0.2286742478609085 89
1717329969504 0.22876986861228943 90
1717329977424 0.22881098091602325 91
1717329984807 0.22878997027873993 92
1717329992464 0.22901128232479095 93
1717329999861 0.22925572097301483 94
1717330007357 0.22892765700817108 95
1717330014904 0.22965936362743378 96
1717330022919 0.23015795648097992 97
1717330030225 0.2306886613368988 98
1717330037581 0.230708047747612 99
