1717329247020 0.11575609815018173 1
1717329255559 0.12749529641364685 2
1717329263832 0.12627958705914644 3
1717329272140 0.1260970337722507 4
1717329280734 0.12631197566345218 5
1717329289836 0.12649187709918577 6
1717329298405 0.12685219218190236 7
1717329307988 0.12709864566247775 8
1717329316532 0.12738478329775793 9
1717329324819 0.12753006497361818 10
1717329332925 0.1274706656352349 11
1717329340991 0.12755496539329114 12
1717329348775 0.12770696224671965 13
1717329356941 0.1276595663102995 14
1717329364773 0.12770969734659351 15
1717329373872 0.127639813802075 16
1717329381754 0.12778869753784694 17
1717329390257 0.12761130739561768 18
1717329397973 0.12766918090249613 19
1717329406225 0.1276124262003737 20
1717329414908 0.127575143195829 21
1717329422959 0.12755529894613782 22
1717329430793 0.1275582036117654 23
1717329438835 0.12755809356019765 24
1717329446785 0.1275041881997054 25
1717329455544 0.12762078541280505 26
1717329466003 0.1274637810633256 27
1717329477299 0.12746572480293344 28
1717329487569 0.12741401580421638 29
1717329497842 0.12738641720208654 30
1717329506346 0.12733055871780383 31
1717329514822 0.1276574283288546 32
1717329523914 0.12751882396641298 33
1717329532723 0.1274089745683053 34
1717329541049 0.12733878386260808 35
1717329550446 0.12762010125346093 36
1717329558874 0.12791502044346847 37
1717329566976 0.127325609442146 38
1717329574842 0.12737676545186336 39
1717329582721 0.1275065929320329 40
1717329590503 0.12753404129952883 41
1717329598359 0.1277570483339959 42
1717329607363 0.12777374682993334 43
1717329615244 0.1281501370078101 44
1717329623021 0.12815731183911924 45
1717329630747 0.12845219881689546 46
1717329639726 0.12857158858814163 47
1717329648502 0.1286609528111112 48
1717329656430 0.12884873448877782 49
1717329664337 0.1290555788466329 50
1717329672236 0.12925524419263862 51
1717329680919 0.12942689544049543 52
1717329688640 0.1294405539558166 53
1717329696123 0.1293797070472646 54
1717329703708 0.1296019140311829 55
1717329711916 0.12966733348182705 56
1717329719969 0.1297085259670133 57
1717329727405 0.1295939149509486 58
1717329734681 0.12979014160143718 59
1717329742245 0.1298913769541059 60
1717329750314 0.1300066999230151 61
1717329757792 0.13018052198404045 62
1717329765817 0.1301755480514475 63
1717329773116 0.13029850511956229 64
1717329781317 0.13033772001900892 65
1717329788711 0.13045219652573423 66
1717329796494 0.13038229035046411 67
1717329804064 0.13061049925554796 68
1717329811517 0.13059857813576273 69
1717329818850 0.13064722705236706 70
1717329826318 0.13085166857690148 71
1717329834168 0.13084744842485027 72
1717329841433 0.13098799660610289 73
1717329849343 0.13089242160797732 74
1717329856856 0.13101787366447748 75
1717329864453 0.13125018359919388 76
1717329871829 0.13117170426125116 77
1717329879136 0.1313718311843473 78
1717329886979 0.13127280947965567 79
1717329894408 0.1313798880745451 80
1717329901618 0.13155073936887374 81
1717329909098 0.13156029366670915 82
1717329917261 0.1315777479919334 83
1717329924767 0.13173298136826805 84
1717329932350 0.1317798467404814 85
1717329939668 0.13174671356685108 86
1717329947540 0.13199444900746063 87
1717329954954 0.13194624331345847 88
1717329962253 0.13207791570839603 89
1717329969504 0.13217966473027937 90
1717329977424 0.13217744744804452 91
1717329984807 0.13212629012237923 92
1717329992464 0.13234700848429126 93
1717329999861 0.13253292889636628 94
1717330007357 0.13227680304108355 95
1717330014904 0.13275028861801327 96
1717330022919 0.13311686091936845 97
1717330030225 0.13351542519456522 98
1717330037581 0.13353187954784299 99
