1717328688481 0.20260427495946867 1
1717328691668 0.2241614071540821 2
1717328694981 0.24240395536787668 3
1717328698240 0.256072820871037 4
1717328701497 0.26559028172238713 5
1717328704787 0.27562621999086073 6
1717328708066 0.2892418719921799 7
1717328711322 0.28837470541269855 8
1717328715404 0.29789148156274275 9
1717328718773 0.3048180949298381 10
1717328722051 0.31244901340816766 11
1717328725311 0.31778212067135303 12
1717328728606 0.32433821011752645 13
1717328731938 0.3271535230918999 14
1717328735177 0.34483849444855835 15
1717328739078 0.35382654149842585 16
1717328742469 0.38398734859977035 17
1717328745793 0.39618568495835865 18
1717328749135 0.4148675973225457 19
1717328752395 0.44296368645798695 20
1717328755642 0.45957931016262177 21
1717328758942 0.4731180895422302 22
1717328762277 0.4711550123198392 23
1717328765506 0.5015531731179257 24
1717328769809 0.5300423200815555 25
1717328773140 0.5652549680512656 26
1717328776435 0.5213283608938747 27
1717328779650 0.5864915741537233 28
1717328783607 0.5097369306302286 29
1717328787091 0.40460254827747877 30
1717328790476 0.5040377464184964 31
1717328793685 0.5864351157855879 32
1717328796983 0.6327234586079132 33
1717328800283 0.6346142831421379 34
1717328803554 0.6447020688419322 35
1717328806952 0.6547499415892025 36
1717328810202 0.6544507885038605 37
1717328813560 0.6570272417140997 38
1717328816881 0.6580850913622686 39
1717328820155 0.6588936601301617 40
1717328823559 0.6604178748710866 41
1717328826812 0.6617158872602655 42
1717328830152 0.6631295056983382 43
1717328833503 0.6619883073070776 44
1717328836785 0.6636894528067635 45
1717328840162 0.6646801077841865 46
1717328843482 0.6666744030106102 47
1717328846709 0.6672314357992885 48
1717328850028 0.6693022818686253 49
1717328853225 0.666558718638424 50
1717328856686 0.6693597034698562 51
1717328860360 0.6645876609888258 52
1717328865176 0.6693268182544727 53
1717328868531 0.6549661614657278 54
1717328872154 0.6613962973625651 55
1717328875575 0.67105620660864 56
1717328879201 0.6713540284709323 57
1717328882533 0.6739576883351643 58
1717328886075 0.6674820586151877 59
1717328889709 0.6646851160373508 60
1717328893268 0.6661767137530518 61
1717328896699 0.6759174029956811 62
1717328900199 0.6729461537525289 63
1717328903787 0.6479479274682534 64
1717328907174 0.6622744343016099 65
1717328910622 0.673453716652116 66
1717328914122 0.6773811530477879 67
1717328917542 0.6776277766909701 68
1717328921004 0.675257890923658 69
1717328924508 0.683418280361192 70
1717328928165 0.684635522566009 71
1717328931664 0.6879405738248966 72
1717328935132 0.6815278555379244 73
1717328938752 0.6823988403000901 74
1717328942245 0.6852408046405289 75
1717328945741 0.6918939830055075 76
1717328949590 0.6864387660235447 77
1717328953482 0.6643055065712083 78
1717328957070 0.6792774223322056 79
1717328960644 0.688298276056579 80
1717328964317 0.7020281362282189 81
1717328967796 0.7009634307195016 82
1717328971308 0.5228007920169554 83
1717328974959 0.621568551679295 84
1717328978498 0.6583600131847276 85
1717328982096 0.6643147611598634 86
1717328985655 0.6727552841552314 87
1717328989298 0.6794886408970188 88
1717328992856 0.6823349503364828 89
1717328996365 0.685963485279177 90
1717329000031 0.6875336090233927 91
1717329003661 0.6878753454497456 92
1717329007136 0.6729537097290362 93
1717329010719 0.6869956887338196 94
1717329014388 0.6902967934358972 95
1717329017996 0.6926129612107828 96
1717329021446 0.6911686256705889 97
1717329025020 0.697813764676238 98
1717329028423 0.6857871096457822 99
