1717232744076 0.12719309896469655 1
1717232751731 0.0046834345186470075 2
1717232760211 0.0 3
1717232769502 0.0 4
1717232777213 0.0 5
1717232784885 0.0 6
1717232793373 0.0 7
1717232801180 0.0 8
1717232808716 0.0 9
1717232816383 0.0 10
1717232824150 0.0 11
1717232831789 0.0 12
1717232839429 0.0 13
1717232847035 0.0 14
1717232854680 0.0 15
1717232862284 0.0 16
1717232869928 0.0 17
1717232877606 0.0 18
1717232885210 0.0 19
1717232892914 0.0 20
1717232900730 0.0006076388888888889 21
1717232908379 0.0 22
1717232916063 0.0008680555555555556 23
1717232923747 0.0005330053300533005 24
1717232931309 0.0 25
1717232939194 0.0 26
1717232946971 0.0 27
1717232954735 0.0 28
1717232962533 0.0 29
1717232970253 0.0 30
1717232978540 0.0 31
1717232986467 0.0 32
1717232994286 0.0001736111111111111 33
1717233002121 0.0 34
1717233009904 0.0 35
1717233017697 0.0 36
1717233025308 0.0 37
1717233033076 0.0009106678230702515 38
1717233040778 0.0 39
1717233048471 0.0 40
1717233056471 0.0 41
1717233064143 0.00012300123001230014 42
1717233072502 0.0 43
1717233080795 0.0 44
1717233088659 0.0003045718155774386 45
1717233096380 0.000564047894381806 46
1717233104106 0.0017675020500205001 47
1717233111802 0.00026041666666666666 48
1717233119370 0.0 49
1717233127118 4.100041000410004e-05 50
1717233134867 0.0 51
1717233142636 0.0009532455742169768 52
1717233150282 0.0 53
1717233158078 0.0 54
1717233165914 0.0 55
1717233173504 0.0 56
1717233181207 0.0 57
1717233188819 0.0013848216954706997 58
1717233196583 0.00029323340108401084 59
1717233204255 0.0 60
1717233211823 0.0 61
1717233219463 0.0003469210754553339 62
1717233227280 0.0 63
1717233234988 0.0 64
1717233242686 0.0022569444444444442 65
1717233250486 0.0020826095415298266 66
1717233258126 0.0 67
1717233265897 0.0013853183657271705 68
1717233273481 0.0 69
1717233281203 0.0 70
1717233288969 0.0 71
1717233296643 0.0 72
1717233304347 0.0 73
1717233312293 0.0 74
1717233320050 0.0 75
1717233327744 0.0 76
1717233335378 0.0 77
1717233343144 0.002038161318300087 78
1717233350896 0.0 79
1717233358560 0.0 80
1717233366300 0.0 81
1717233374030 0.0 82
1717233381863 0.0 83
1717233390072 4.416961130742049e-05 84
1717233398243 0.0 85
1717233406509 0.0 86
1717233414666 0.0 87
1717233422877 0.0 88
1717233431334 0.0 89
1717233439494 0.0 90
1717233447764 0.0 91
1717233456334 0.0 92
1717233464846 0.0 93
1717233473352 0.0 94
1717233481746 0.0 95
1717233491081 0.0 96
1717233498947 0.0 97
1717233506862 0.0 98
1717233514649 0.0 99
