1717632118954 0.8568282194968947 1
1717632119954 0.8990055175437447 2
1717632121084 0.8814953228197601 3
1717632122134 0.8822975649030206 4
1717632123071 0.881398699720028 5
1717632124022 0.8796006625712915 6
1717632125080 0.8831875886298428 7
1717632126097 0.8861815476187952 8
1717632127092 0.88800820471637 9
1717632128088 0.8894642618584498 10
1717632129054 0.8933858824734384 11
1717632129947 0.8956588045691827 12
1717632131012 0.8981543710112543 13
1717632131971 0.9001853403199469 14
1717632132981 0.9017789367270334 15
1717632134008 0.9040700317124108 16
1717632135032 0.9059849436785407 17
1717632136048 0.9077746112606037 18
1717632137125 0.9082115031729425 19
1717632138214 0.9085105859576349 20
1717632139197 0.9082358312479093 21
1717632140145 0.9091235028105048 22
1717632141126 0.9105305746593525 23
1717632142124 0.9115172519375663 24
1717632143142 0.9124104753219514 25
1717632144177 0.9132334926792287 26
1717632145177 0.9145742757894777 27
1717632146212 0.9150533237954595 28
1717632147296 0.9164517443396303 29
1717632148316 0.9171093245229647 30
1717632149440 0.9176911895235798 31
1717632150452 0.9182503692693788 32
1717632151427 0.9188495303157675 33
1717632152404 0.919333778005861 34
1717632153341 0.9195657075170269 35
1717632154344 0.9206251895673905 36
1717632155300 0.9206989044518009 37
1717632156251 0.921403235053095 38
1717632157219 0.9219011590775926 39
1717632158209 0.922517759360886 40
1717632159306 0.9232059730463416 41
1717632160443 0.9238504961355473 42
1717632161417 0.924471706698497 43
1717632162468 0.924508434100322 44
1717632163461 0.9249520147371123 45
1717632164461 0.9254424647098227 46
1717632165371 0.9261218112169783 47
1717632166300 0.9261189845463805 48
1717632167255 0.9262520698829241 49
1717632168237 0.9268308236843482 50
1717632169136 0.9271451777039181 51
1717632170174 0.9275329752559741 52
1717632171217 0.9278609583612951 53
1717632172283 0.9282714458269101 54
1717632173220 0.928478119048576 55
1717632174154 0.9287931706424686 56
1717632175071 0.9292211067672407 57
1717632176094 0.929405393193583 58
1717632177047 0.9300178667456529 59
1717632177939 0.9308481037913284 60
1717632178872 0.931368737859667 61
1717632179805 0.9318338804717053 62
1717632180810 0.9320140192171765 63
1717632181821 0.9327837918323676 64
1717632182854 0.9330817044598401 65
1717632183942 0.9336283345035953 66
1717632184931 0.9336959367520893 67
1717632185935 0.9338094749387721 68
1717632186912 0.9338275216959884 69
1717632187892 0.9339576938949917 70
1717632188806 0.9340914967217571 71
1717632189781 0.9342538931032406 72
1717632190793 0.9347926525174617 73
1717632191732 0.9349233262468402 74
1717632192672 0.9353695009246554 75
1717632193582 0.935772722587838 76
1717632194606 0.9361293921065106 77
1717632195526 0.936629709406174 78
1717632196472 0.9370053035317537 79
1717632197479 0.9374136366649022 80
1717632198611 0.9373707795405257 81
1717632199562 0.9375924680854959 82
1717632200583 0.9379750547573902 83
1717632201693 0.9384034335117265 84
1717632202695 0.9388604507042293 85
1717632203788 0.9391605995001241 86
1717632204803 0.9394434573671592 87
1717632205917 0.9395994797860058 88
1717632206911 0.9397886574186682 89
1717632207884 0.9398960847212959 90
1717632208857 0.9401732892069977 91
1717632209803 0.9407967426461934 92
1717632210815 0.9409049819970724 93
1717632211844 0.9412902189265021 94
1717632212798 0.9413080156575586 95
1717632213804 0.9411617878859988 96
1717632214865 0.9414477684823293 97
1717632215825 0.9418358464944965 98
1717632216808 0.9421304161775402 99
