1717632118954 0.9715979523389167 1
1717632119954 0.988025002495585 2
1717632121084 0.9874436628489723 3
1717632122134 0.9877115175205393 4
1717632123071 0.9876815643373742 5
1717632124022 0.9875289871826857 6
1717632125080 0.9879333515529969 7
1717632126097 0.9882832880298437 8
1717632127092 0.9884920698289711 9
1717632128088 0.9886741536559261 10
1717632129054 0.9890978386359495 11
1717632129947 0.9893481220381926 12
1717632131012 0.9895767118543536 13
1717632131971 0.9897922299020429 14
1717632132981 0.9899888279190934 15
1717632134008 0.990229662103694 16
1717632135032 0.99044697824983 17
1717632136048 0.9906492880233835 18
1717632137125 0.9907274607393085 19
1717632138214 0.9907767822157809 20
1717632139197 0.9907755597706539 21
1717632140145 0.9908863205471073 22
1717632141126 0.9910425665055486 23
1717632142124 0.9911594704879361 24
1717632143142 0.9912629412286471 25
1717632144177 0.9913540827166579 26
1717632145177 0.991486993469832 27
1717632146212 0.9915390340543764 28
1717632147296 0.9916866443237904 29
1717632148316 0.9917581556101561 30
1717632149440 0.9918232958502565 31
1717632150452 0.9918859700389616 32
1717632151427 0.9919543973844009 33
1717632152404 0.9920039457377291 34
1717632153341 0.9920290975073935 35
1717632154344 0.9921354138572074 36
1717632155300 0.9921486823395202 37
1717632156251 0.9922184951712956 38
1717632157219 0.9922676949470784 39
1717632158209 0.992332314168882 40
1717632159306 0.9923967653722026 41
1717632160443 0.9924521394921436 42
1717632161417 0.9925147675754808 43
1717632162468 0.9925204147598458 44
1717632163461 0.9925680930705985 45
1717632164461 0.9926181921633598 46
1717632165371 0.9926864930044089 47
1717632166300 0.9926890950838969 48
1717632167255 0.9926979699457156 49
1717632168237 0.9927536826643435 50
1717632169136 0.992780444161755 51
1717632170174 0.9928224027257608 52
1717632171217 0.9928537126866208 53
1717632172283 0.9928904534273996 54
1717632173220 0.992908041357837 55
1717632174154 0.9929382296412003 56
1717632175071 0.992977128940627 57
1717632176094 0.9929873164967808 58
1717632177047 0.9930544985442702 59
1717632177939 0.9931325179032087 60
1717632178872 0.9931870865583642 61
1717632179805 0.993236908601989 62
1717632180810 0.9932584451070166 63
1717632181821 0.9933401390983108 64
1717632182854 0.9933678324204759 65
1717632183942 0.9934181796991061 66
1717632184931 0.9934290153921742 67
1717632185935 0.9934386870459709 68
1717632186912 0.993440474115251 69
1717632187892 0.9934519496349457 70
1717632188806 0.9934674625488726 71
1717632189781 0.9934849153959594 72
1717632190793 0.9935438167928136 73
1717632191732 0.993561904299095 74
1717632192672 0.9936036770393013 75
1717632193582 0.9936470276377941 76
1717632194606 0.9936810715670533 77
1717632195526 0.9937238060310676 78
1717632196472 0.9937583598441487 79
1717632197479 0.9937985176853782 80
1717632198611 0.9937947224886613 81
1717632199562 0.9938147296920138 82
1717632200583 0.9938570171931661 83
1717632201693 0.9939093214920476 84
1717632202695 0.9939579177452563 85
1717632203788 0.9939914797519863 86
1717632204803 0.9940207589828807 87
1717632205917 0.9940327705687626 88
1717632206911 0.994052835815265 89
1717632207884 0.9940633412517351 90
1717632208857 0.9940913362277245 91
1717632209803 0.994163412701899 92
1717632210815 0.9941711310540502 93
1717632211844 0.9942044399595767 94
1717632212798 0.9942125466765958 95
1717632213804 0.9942009086198333 96
1717632214865 0.9942255924385898 97
1717632215825 0.9942620016413842 98
1717632216808 0.9942968729462903 99
