1717632118954 0.24184068919028912 1
1717632119954 0.38476524714226706 2
1717632121084 0.4689706815956964 3
1717632122134 0.4922309055456541 4
1717632123071 0.49783488911947826 5
1717632124022 0.5024102586588225 6
1717632125080 0.5090012293790541 7
1717632126097 0.5132987378834246 8
1717632127092 0.5178119536361723 9
1717632128088 0.5213694691011621 10
1717632129054 0.5261586968699065 11
1717632129947 0.5287780733746844 12
1717632131012 0.5313768365380466 13
1717632131971 0.5345290599928754 14
1717632132981 0.5371522742975803 15
1717632134008 0.5407738498546181 16
1717632135032 0.545587913052599 17
1717632136048 0.5502604998645636 18
1717632137125 0.5549006640755207 19
1717632138214 0.5587506369482125 20
1717632139197 0.5634347113831869 21
1717632140145 0.5668825040093117 22
1717632141126 0.570412458343382 23
1717632142124 0.5733484142071976 24
1717632143142 0.5760871733547193 25
1717632144177 0.5780193194884259 26
1717632145177 0.5796918212009091 27
1717632146212 0.5810936723244527 28
1717632147296 0.5828474461718354 29
1717632148316 0.5841875019964763 30
1717632149440 0.5858449489012274 31
1717632150452 0.5868534123783306 32
1717632151427 0.5877768098140558 33
1717632152404 0.5886501921046194 34
1717632153341 0.5894401193361265 35
1717632154344 0.5901238673642188 36
1717632155300 0.5907481672734822 37
1717632156251 0.5915177807836994 38
1717632157219 0.5924176950609145 39
1717632158209 0.5928309600559106 40
1717632159306 0.5933020534267528 41
1717632160443 0.5937898521850605 42
1717632161417 0.5944032242712595 43
1717632162468 0.594478045294147 44
1717632163461 0.5950487293078163 45
1717632164461 0.5956115098807506 46
1717632165371 0.5961377104337017 47
1717632166300 0.5963404578065862 48
1717632167255 0.5959600949837762 49
1717632168237 0.5963815981511579 50
1717632169136 0.5964696066036177 51
1717632170174 0.597027995360639 52
1717632171217 0.5975750692765793 53
1717632172283 0.5981318883466945 54
1717632173220 0.5983478851543443 55
1717632174154 0.5984453567064217 56
1717632175071 0.5987965894664435 57
1717632176094 0.5993033137005379 58
1717632177047 0.5995744680316935 59
1717632177939 0.5996373260911593 60
1717632178872 0.5999795418381612 61
1717632179805 0.6004014765676047 62
1717632180810 0.6010406964522621 63
1717632181821 0.6014703173196115 64
1717632182854 0.6020879649293132 65
1717632183942 0.6024734243389935 66
1717632184931 0.6028493156743083 67
1717632185935 0.6031436665595895 68
1717632186912 0.6034992997328765 69
1717632187892 0.6037662196791653 70
1717632188806 0.6041576077740086 71
1717632189781 0.6046186178090528 72
1717632190793 0.6052020375041545 73
1717632191732 0.6058844138499715 74
1717632192672 0.606267910482215 75
1717632193582 0.6064891215519995 76
1717632194606 0.6066178790144047 77
1717632195526 0.6071709387337878 78
1717632196472 0.6076631229129613 79
1717632197479 0.6079819243131485 80
1717632198611 0.6081276451289542 81
1717632199562 0.6084950302044961 82
1717632200583 0.6090340500351706 83
1717632201693 0.6094926494122022 84
1717632202695 0.6100082997529382 85
1717632203788 0.6104135212261064 86
1717632204803 0.6107783316205594 87
1717632205917 0.611031043225265 88
1717632206911 0.6112007372240724 89
1717632207884 0.6113175838610198 90
1717632208857 0.611711469254188 91
1717632209803 0.6122455099361745 92
1717632210815 0.6126458765520127 93
1717632211844 0.6129767111428605 94
1717632212798 0.612945765947986 95
1717632213804 0.6130533638075923 96
1717632214865 0.6133799824656561 97
1717632215825 0.6137405189227902 98
1717632216808 0.6142617471030392 99
