1717632118954 0.2418406903743744 1
1717632119954 0.38476526737213135 2
1717632121084 0.46897071599960327 3
1717632122134 0.4922308623790741 4
1717632123071 0.4978348910808563 5
1717632124022 0.5024102330207825 6
1717632125080 0.5090011954307556 7
1717632126097 0.513298749923706 8
1717632127092 0.5178118944168091 9
1717632128088 0.521369457244873 10
1717632129054 0.5261586904525757 11
1717632129947 0.5287781357765198 12
1717632131012 0.531376838684082 13
1717632131971 0.5345290303230286 14
1717632132981 0.5371522903442383 15
1717632134008 0.5407738089561462 16
1717632135032 0.5455878973007202 17
1717632136048 0.5502604842185974 18
1717632137125 0.5549007058143616 19
1717632138214 0.5587506890296936 20
1717632139197 0.5634347200393677 21
1717632140145 0.5668824911117554 22
1717632141126 0.5704124569892883 23
1717632142124 0.5733484029769897 24
1717632143142 0.5760871171951294 25
1717632144177 0.5780193209648132 26
1717632145177 0.5796918272972107 27
1717632146212 0.5810936689376831 28
1717632147296 0.5828474760055542 29
1717632148316 0.5841875076293945 30
1717632149440 0.5858449935913086 31
1717632150452 0.5868533849716187 32
1717632151427 0.587776780128479 33
1717632152404 0.5886501669883728 34
1717632153341 0.589440107345581 35
1717632154344 0.5901238918304443 36
1717632155300 0.5907481908798218 37
1717632156251 0.5915178060531616 38
1717632157219 0.5924177169799805 39
1717632158209 0.592831015586853 40
1717632159306 0.5933021306991577 41
1717632160443 0.59378981590271 42
1717632161417 0.5944032073020935 43
1717632162468 0.5944780707359314 44
1717632163461 0.5950487852096558 45
1717632164461 0.595611572265625 46
1717632165371 0.5961377024650574 47
1717632166300 0.5963404178619385 48
1717632167255 0.5959600806236267 49
1717632168237 0.5963816046714783 50
1717632169136 0.5964696407318115 51
1717632170174 0.5970280170440674 52
1717632171217 0.5975750684738159 53
1717632172283 0.5981318950653076 54
1717632173220 0.5983479022979736 55
1717632174154 0.5984453558921814 56
1717632175071 0.5987966060638428 57
1717632176094 0.5993033051490784 58
1717632177047 0.5995744466781616 59
1717632177939 0.5996373295783997 60
1717632178872 0.5999795198440552 61
1717632179805 0.6004014611244202 62
1717632180810 0.6010407209396362 63
1717632181821 0.6014702916145325 64
1717632182854 0.6020879149436951 65
1717632183942 0.6024734377861023 66
1717632184931 0.6028493642807007 67
1717632185935 0.6031437516212463 68
1717632186912 0.6034992933273315 69
1717632187892 0.6037662625312805 70
1717632188806 0.604157567024231 71
1717632189781 0.6046186089515686 72
1717632190793 0.6052020192146301 73
1717632191732 0.6058844327926636 74
1717632192672 0.6062679290771484 75
1717632193582 0.6064891219139099 76
1717632194606 0.6066178679466248 77
1717632195526 0.6071709394454956 78
1717632196472 0.607663094997406 79
1717632197479 0.6079819202423096 80
1717632198611 0.6081276535987854 81
1717632199562 0.6084949970245361 82
1717632200583 0.6090341210365295 83
1717632201693 0.6094926595687866 84
1717632202695 0.6100082993507385 85
1717632203788 0.6104135513305664 86
1717632204803 0.6107783317565918 87
1717632205917 0.6110311150550842 88
1717632206911 0.611200749874115 89
1717632207884 0.6113175749778748 90
1717632208857 0.6117114424705505 91
1717632209803 0.612245500087738 92
1717632210815 0.6126458644866943 93
1717632211844 0.6129766702651978 94
1717632212798 0.6129457950592041 95
1717632213804 0.6130533814430237 96
1717632214865 0.6133800148963928 97
1717632215825 0.6137405037879944 98
1717632216808 0.6142618060112 99
