1717632118954 1.2138460874557495 1
1717632119954 0.8977829813957214 2
1717632121084 0.7753317952156067 3
1717632122134 0.7125387191772461 4
1717632123071 0.677165687084198 5
1717632124022 0.6561709046363831 6
1717632125080 0.6374539732933044 7
1717632126097 0.6228055357933044 8
1717632127092 0.6114519834518433 9
1717632128088 0.6016009449958801 10
1717632129054 0.5910983681678772 11
1717632129947 0.5816036462783813 12
1717632131012 0.5739543437957764 13
1717632131971 0.5663750767707825 14
1717632132981 0.5591312646865845 15
1717632134008 0.5524900555610657 16
1717632135032 0.5460700392723083 17
1717632136048 0.5399745106697083 18
1717632137125 0.5342509150505066 19
1717632138214 0.5289265513420105 20
1717632139197 0.5240516066551208 21
1717632140145 0.5195942521095276 22
1717632141126 0.5155033469200134 23
1717632142124 0.5117231607437134 24
1717632143142 0.5082055926322937 25
1717632144177 0.5049135684967041 26
1717632145177 0.5018184781074524 27
1717632146212 0.4988977611064911 28
1717632147296 0.4961336553096771 29
1717632148316 0.49351105093955994 30
1717632149440 0.49101531505584717 31
1717632150452 0.48863157629966736 32
1717632151427 0.4863443374633789 33
1717632152404 0.48413947224617004 34
1717632153341 0.48200368881225586 35
1717632154344 0.47992560267448425 36
1717632155300 0.4778955578804016 37
1717632156251 0.47590577602386475 38
1717632157219 0.47395122051239014 39
1717632158209 0.4720294773578644 40
1717632159306 0.4701423943042755 41
1717632160443 0.46829426288604736 42
1717632161417 0.466488778591156 43
1717632162468 0.4647275507450104 44
1717632163461 0.46301132440567017 45
1717632164461 0.46134111285209656 46
1717632165371 0.45971938967704773 47
1717632166300 0.4581497609615326 48
1717632167255 0.45663726329803467 49
1717632168237 0.4551894962787628 50
1717632169136 0.4538128077983856 51
1717632170174 0.4525104761123657 52
1717632171217 0.4512799382209778 53
1717632172283 0.4501122236251831 54
1717632173220 0.44898077845573425 55
1717632174154 0.4478318989276886 56
1717632175071 0.4466390013694763 57
1717632176094 0.445433109998703 58
1717632177047 0.4442400336265564 59
1717632177939 0.4430745244026184 60
1717632178872 0.44191107153892517 61
1717632179805 0.44073691964149475 62
1717632180810 0.43955671787261963 63
1717632181821 0.43837970495224 64
1717632182854 0.4372135400772095 65
1717632183942 0.4360644221305847 66
1717632184931 0.4349380135536194 67
1717632185935 0.4338396489620209 68
1717632186912 0.43276965618133545 69
1717632187892 0.43172359466552734 70
1717632188806 0.43069955706596375 71
1717632189781 0.4296986758708954 72
1717632190793 0.4287201762199402 73
1717632191732 0.42776134610176086 74
1717632192672 0.4268193542957306 75
1717632193582 0.4258931577205658 76
1717632194606 0.4249820411205292 77
1717632195526 0.42408546805381775 78
1717632196472 0.4232025146484375 79
1717632197479 0.4223332107067108 80
1717632198611 0.42147672176361084 81
1717632199562 0.42063310742378235 82
1717632200583 0.41980183124542236 83
1717632201693 0.4189826250076294 84
1717632202695 0.4181753396987915 85
1717632203788 0.4173794388771057 86
1717632204803 0.4165949821472168 87
1717632205917 0.4158209264278412 88
1717632206911 0.41505706310272217 89
1717632207884 0.4143022298812866 90
1717632208857 0.4135560393333435 91
1717632209803 0.41281694173812866 92
1717632210815 0.4120846390724182 93
1717632211844 0.41135773062705994 94
1717632212798 0.41063567996025085 95
1717632213804 0.40991753339767456 96
1717632214865 0.4092031717300415 97
1717632215825 0.40849146246910095 98
1717632216808 0.40778300166130066 99
