1710594649879 0.4023077942797336 1
1710594650028 0.4941661283077236 2
1710594650171 0.5013035232987857 3
1710594650319 0.580502708582252 4
1710594650467 0.6282200377198588 5
1710594650614 0.6135208269656469 6
1710594650751 0.6242959654338825 7
1710594650888 0.633578720812841 8
1710594651034 0.63120205421564 9
1710594651173 0.6468390080996971 10
1710594651318 0.6721840788157493 11
1710594651457 0.6668176387229432 12
1710594651603 0.6694736007298526 13
1710594651749 0.670472647313531 14
1710594651888 0.6894905966637953 15
1710594652030 0.6902586409504756 16
1710594652174 0.6917644540692989 17
1710594652315 0.6897501811896227 18
1710594652454 0.6824071099271073 19
1710594652596 0.7377987602693415 20
1710594652737 0.6777583659821983 21
1710594652875 0.6611709335954504 22
1710594653022 0.70106021978938 23
1710594653164 0.7331239666981577 24
1710594653306 0.6799896033047135 25
1710594653453 0.6396104538886882 26
1710594653595 0.6642624308816583 27
1710594653736 0.7089149780720035 28
1710594653874 0.685816933646392 29
1710594654018 0.711000062519103 30
1710594654163 0.7102453903739105 31
1710594654300 0.725574249539211 32
1710594654446 0.7150642817944373 33
1710594654589 0.7246103988950328 34
1710594654731 0.7238082440699473 35
1710594654870 0.7145359953735865 36
1710594655011 0.7351298747533968 37
1710594655150 0.7115754698194818 38
1710594655290 0.7139571147897043 39
1710594655431 0.7148293575814832 40
1710594655578 0.7307600933618607 41
1710594655716 0.7346273919345727 42
1710594655857 0.7387351430298147 43
1710594655997 0.7829080876564135 44
1710594656140 0.7441978364917058 45
1710594656281 0.7351362713838487 46
1710594656424 0.788683738433966 47
1710594656568 0.7540953919947762 48
1710594656707 0.7356513159113434 49
1710594656852 0.7520793390573045 50
1710594657000 0.7248378989644984 51
1710594657139 0.7355412851843619 52
1710594657281 0.7632154240416054 53
1710594657421 0.7581229681291506 54
1710594657571 0.7578098660933433 55
1710594657713 0.7718777352107589 56
1710594657855 0.7376516956570064 57
1710594658028 0.733941751299008 58
1710594658168 0.7965236773736419 59
1710594658308 0.7382936886965462 60
1710594658454 0.7899268555438236 61
1710594658602 0.7698206975279485 62
1710594658754 0.7873656707605102 63
1710594658897 0.8034087527902045 64
1710594659040 0.7798575172274862 65
1710594659182 0.8053859628404976 66
1710594659321 0.8078664950864617 67
1710594659463 0.790601656640455 68
1710594659603 0.7598802759176415 69
1710594659744 0.8077041914427557 70
1710594659886 0.7480974655450277 71
1710594660041 0.7412901048468513 72
1710594660183 0.7387440722628211 73
1710594660340 0.76802432977206 74
1710594660484 0.7491529819296636 75
1710594660642 0.7394406103253772 76
1710594660785 0.8104273759574685 77
1710594660924 0.8100826380977522 78
1710594661109 0.7796831728676354 79
1710594661253 0.7502441863022962 80
1710594661396 0.7861517437040948 81
1710594661537 0.7452004721350043 82
1710594661823 0.7946266712282457 83
1710594661968 0.7981626619707873 84
1710594662119 0.7941562728657832 85
1710594662269 0.7906354053784952 86
1710594662416 0.8208852733937221 87
1710594662556 0.8196414616271639 88
1710594662702 0.8165901097094481 89
1710594662852 0.8245539580381042 90
1710594662995 0.8070072915798345 91
1710594663140 0.8063952990265545 92
1710594663285 0.772745448261969 93
1710594663431 0.8176391136875157 94
1710594663579 0.8358961100382525 95
1710594663721 0.807798635810016 96
1710594663864 0.8560913143599433 97
1710594664007 0.8247363922541148 98
1710594664153 0.848018650953532 99
