1710594649879 4472.0 1
1710594650028 4472.0 2
1710594650171 4472.0 3
1710594650319 4472.0 4
1710594650467 4472.0 5
1710594650614 4472.0 6
1710594650751 4472.0 7
1710594650888 4472.0 8
1710594651034 4472.0 9
1710594651173 4472.0 10
1710594651318 4472.0 11
1710594651457 4472.0 12
1710594651603 4472.0 13
1710594651749 4472.0 14
1710594651888 4472.0 15
1710594652030 4472.0 16
1710594652174 4472.0 17
1710594652315 4472.0 18
1710594652454 4472.0 19
1710594652596 4472.0 20
1710594652737 4472.0 21
1710594652875 4472.0 22
1710594653022 4472.0 23
1710594653164 4472.0 24
1710594653306 4472.0 25
1710594653453 4472.0 26
1710594653595 4472.0 27
1710594653736 4472.0 28
1710594653874 4472.0 29
1710594654018 4472.0 30
1710594654163 4472.0 31
1710594654300 4472.0 32
1710594654446 4472.0 33
1710594654589 4472.0 34
1710594654731 4472.0 35
1710594654870 4472.0 36
1710594655011 4472.0 37
1710594655150 4472.0 38
1710594655290 4472.0 39
1710594655431 4472.0 40
1710594655578 4472.0 41
1710594655716 4472.0 42
1710594655857 4472.0 43
1710594655997 4472.0 44
1710594656140 4472.0 45
1710594656281 4472.0 46
1710594656424 4472.0 47
1710594656568 4472.0 48
1710594656707 4472.0 49
1710594656852 4472.0 50
1710594657000 4472.0 51
1710594657139 4472.0 52
1710594657281 4472.0 53
1710594657421 4472.0 54
1710594657571 4472.0 55
1710594657713 4472.0 56
1710594657855 4472.0 57
1710594658028 4472.0 58
1710594658168 4472.0 59
1710594658308 4472.0 60
1710594658454 4472.0 61
1710594658602 4472.0 62
1710594658754 4472.0 63
1710594658897 4472.0 64
1710594659040 4472.0 65
1710594659182 4472.0 66
1710594659321 4472.0 67
1710594659463 4472.0 68
1710594659603 4472.0 69
1710594659744 4472.0 70
1710594659886 4472.0 71
1710594660041 4472.0 72
1710594660183 4472.0 73
1710594660340 4472.0 74
1710594660484 4472.0 75
1710594660642 4472.0 76
1710594660785 4472.0 77
1710594660924 4472.0 78
1710594661109 4472.0 79
1710594661253 4472.0 80
1710594661396 4472.0 81
1710594661537 4472.0 82
1710594661823 4472.0 83
1710594661968 4472.0 84
1710594662119 4472.0 85
1710594662269 4472.0 86
1710594662416 4472.0 87
1710594662556 4472.0 88
1710594662702 4472.0 89
1710594662852 4472.0 90
1710594662995 4472.0 91
1710594663140 4472.0 92
1710594663285 4472.0 93
1710594663431 4472.0 94
1710594663579 4472.0 95
1710594663721 4472.0 96
1710594663864 4472.0 97
1710594664007 4472.0 98
1710594664153 4472.0 99
