1710594649879 1386.0 1
1710594650028 593.0 2
1710594650171 605.0 3
1710594650319 739.0 4
1710594650467 803.0 5
1710594650614 790.0 6
1710594650751 806.0 7
1710594650888 798.0 8
1710594651034 848.0 9
1710594651173 841.0 10
1710594651318 861.0 11
1710594651457 841.0 12
1710594651603 860.0 13
1710594651749 867.0 14
1710594651888 900.0 15
1710594652030 868.0 16
1710594652174 843.0 17
1710594652315 900.0 18
1710594652454 896.0 19
1710594652596 961.0 20
1710594652737 865.0 21
1710594652875 818.0 22
1710594653022 927.0 23
1710594653164 931.0 24
1710594653306 896.0 25
1710594653453 837.0 26
1710594653595 942.0 27
1710594653736 920.0 28
1710594653874 863.0 29
1710594654018 885.0 30
1710594654163 894.0 31
1710594654300 935.0 32
1710594654446 896.0 33
1710594654589 905.0 34
1710594654731 911.0 35
1710594654870 944.0 36
1710594655011 960.0 37
1710594655150 903.0 38
1710594655290 892.0 39
1710594655431 942.0 40
1710594655578 941.0 41
1710594655716 927.0 42
1710594655857 942.0 43
1710594655997 1000.0 44
1710594656140 928.0 45
1710594656281 963.0 46
1710594656424 1033.0 47
1710594656568 923.0 48
1710594656707 993.0 49
1710594656852 985.0 50
1710594657000 901.0 51
1710594657139 943.0 52
1710594657281 993.0 53
1710594657421 966.0 54
1710594657571 942.0 55
1710594657713 1003.0 56
1710594657855 938.0 57
1710594658028 995.0 58
1710594658168 1057.0 59
1710594658308 912.0 60
1710594658454 1029.0 61
1710594658602 935.0 62
1710594658754 972.0 63
1710594658897 1014.0 64
1710594659040 1003.0 65
1710594659182 1067.0 66
1710594659321 1041.0 67
1710594659463 1017.0 68
1710594659603 964.0 69
1710594659744 1065.0 70
1710594659886 961.0 71
1710594660041 1010.0 72
1710594660183 996.0 73
1710594660340 984.0 74
1710594660484 922.0 75
1710594660642 919.0 76
1710594660785 1065.0 77
1710594660924 1012.0 78
1710594661109 1021.0 79
1710594661253 1079.0 80
1710594661396 1062.0 81
1710594661537 926.0 82
1710594661823 1030.0 83
1710594661968 1040.0 84
1710594662119 1015.0 85
1710594662269 995.0 86
1710594662416 1023.0 87
1710594662556 1018.0 88
1710594662702 1051.0 89
1710594662852 1104.0 90
1710594662995 1086.0 91
1710594663140 1047.0 92
1710594663285 961.0 93
1710594663431 1063.0 94
1710594663579 1053.0 95
1710594663721 1029.0 96
1710594663864 1140.0 97
1710594664007 1027.0 98
1710594664153 1089.0 99
