1710594649879 4272.0 1
1710594650028 5065.0 2
1710594650171 5053.0 3
1710594650319 4919.0 4
1710594650467 4855.0 5
1710594650614 4868.0 6
1710594650751 4852.0 7
1710594650888 4860.0 8
1710594651034 4810.0 9
1710594651173 4817.0 10
1710594651318 4797.0 11
1710594651457 4817.0 12
1710594651603 4798.0 13
1710594651749 4791.0 14
1710594651888 4758.0 15
1710594652030 4790.0 16
1710594652174 4815.0 17
1710594652315 4758.0 18
1710594652454 4762.0 19
1710594652596 4697.0 20
1710594652737 4793.0 21
1710594652875 4840.0 22
1710594653022 4731.0 23
1710594653164 4727.0 24
1710594653306 4762.0 25
1710594653453 4821.0 26
1710594653595 4716.0 27
1710594653736 4738.0 28
1710594653874 4795.0 29
1710594654018 4773.0 30
1710594654163 4764.0 31
1710594654300 4723.0 32
1710594654446 4762.0 33
1710594654589 4753.0 34
1710594654731 4747.0 35
1710594654870 4714.0 36
1710594655011 4698.0 37
1710594655150 4755.0 38
1710594655290 4766.0 39
1710594655431 4716.0 40
1710594655578 4717.0 41
1710594655716 4731.0 42
1710594655857 4716.0 43
1710594655997 4658.0 44
1710594656140 4730.0 45
1710594656281 4695.0 46
1710594656424 4625.0 47
1710594656568 4735.0 48
1710594656707 4665.0 49
1710594656852 4673.0 50
1710594657000 4757.0 51
1710594657139 4715.0 52
1710594657281 4665.0 53
1710594657421 4692.0 54
1710594657571 4716.0 55
1710594657713 4655.0 56
1710594657855 4720.0 57
1710594658028 4663.0 58
1710594658168 4601.0 59
1710594658308 4746.0 60
1710594658454 4629.0 61
1710594658602 4723.0 62
1710594658754 4686.0 63
1710594658897 4644.0 64
1710594659040 4655.0 65
1710594659182 4591.0 66
1710594659321 4617.0 67
1710594659463 4641.0 68
1710594659603 4694.0 69
1710594659744 4593.0 70
1710594659886 4697.0 71
1710594660041 4648.0 72
1710594660183 4662.0 73
1710594660340 4674.0 74
1710594660484 4736.0 75
1710594660642 4739.0 76
1710594660785 4593.0 77
1710594660924 4646.0 78
1710594661109 4637.0 79
1710594661253 4579.0 80
1710594661396 4596.0 81
1710594661537 4732.0 82
1710594661823 4628.0 83
1710594661968 4618.0 84
1710594662119 4643.0 85
1710594662269 4663.0 86
1710594662416 4635.0 87
1710594662556 4640.0 88
1710594662702 4607.0 89
1710594662852 4554.0 90
1710594662995 4572.0 91
1710594663140 4611.0 92
1710594663285 4697.0 93
1710594663431 4595.0 94
1710594663579 4605.0 95
1710594663721 4629.0 96
1710594663864 4518.0 97
1710594664007 4631.0 98
1710594664153 4569.0 99
