1710594649879 0.8535471719725853 1
1710594650028 0.9303290478319377 2
1710594650171 0.9316992228365397 3
1710594650319 0.9341384627797487 4
1710594650467 0.9391187210917185 5
1710594650614 0.9392589050694913 6
1710594650751 0.940458187039036 7
1710594650888 0.9434640199628352 8
1710594651034 0.940048812071678 9
1710594651173 0.9423035190665383 10
1710594651318 0.9448198086915012 11
1710594651457 0.9451935416968051 12
1710594651603 0.945745398653188 13
1710594651749 0.946576035677495 14
1710594651888 0.9471585351577204 15
1710594652030 0.9479853496545086 16
1710594652174 0.9500425661374102 17
1710594652315 0.9471908258173437 18
1710594652454 0.9489004210022134 19
1710594652596 0.9514954050017801 20
1710594652737 0.9457551062371721 21
1710594652875 0.9479795203497146 22
1710594653022 0.9475075296808736 23
1710594653164 0.9468383834333498 24
1710594653306 0.9404881598046624 25
1710594653453 0.9437151134093709 26
1710594653595 0.9424017354780773 27
1710594653736 0.946756379823477 28
1710594653874 0.9497268966400249 29
1710594654018 0.9512774417340945 30
1710594654163 0.9511039680884007 31
1710594654300 0.9500654575417311 32
1710594654446 0.9522791174146408 33
1710594654589 0.953152411277344 34
1710594654731 0.9545109972757304 35
1710594654870 0.9515010930795714 36
1710594655011 0.9508773981436557 37
1710594655150 0.9505797125972082 38
1710594655290 0.953140238744459 39
1710594655431 0.9508191125577918 40
1710594655578 0.9528429517459568 41
1710594655716 0.9559434817567611 42
1710594655857 0.955351502726713 43
1710594655997 0.9588611399331126 44
1710594656140 0.9562635793268278 45
1710594656281 0.9564481089445935 46
1710594656424 0.9575854671738924 47
1710594656568 0.95984990509638 48
1710594656707 0.9498640930593044 49
1710594656852 0.9523961706732524 50
1710594657000 0.9535881469053816 51
1710594657139 0.9539654353588551 52
1710594657281 0.9571379020100561 53
1710594657421 0.9569658120886506 54
1710594657571 0.9594122007336161 55
1710594657713 0.956491935932171 56
1710594657855 0.9552717736339783 57
1710594658028 0.955192781592098 58
1710594658168 0.953896888368434 59
1710594658308 0.9578810567599618 60
1710594658454 0.9613058471825596 61
1710594658602 0.9620213521599663 62
1710594658754 0.9637167347271965 63
1710594658897 0.9647608222321418 64
1710594659040 0.9623391231748343 65
1710594659182 0.9621689119023576 66
1710594659321 0.9602344036061998 67
1710594659463 0.9593988904929333 68
1710594659603 0.9606857389830159 69
1710594659744 0.9583820977049017 70
1710594659886 0.9530172948345076 71
1710594660041 0.950527613960598 72
1710594660183 0.9522568349126193 73
1710594660340 0.9557140689580935 74
1710594660484 0.9561962874119884 75
1710594660642 0.9599099269826132 76
1710594660785 0.9620141674731378 77
1710594660924 0.9644264901677131 78
1710594661109 0.9611828357867745 79
1710594661253 0.9483632908982547 80
1710594661396 0.9554927506342592 81
1710594661537 0.956945448717582 82
1710594661823 0.9615798486148556 83
1710594661968 0.9607456298919809 84
1710594662119 0.9628435008556263 85
1710594662269 0.964614464763007 86
1710594662416 0.9669727698380093 87
1710594662556 0.9672990687847495 88
1710594662702 0.9659570087870858 89
1710594662852 0.9646799987688901 90
1710594662995 0.9595563006339111 91
1710594663140 0.958855055560074 92
1710594663285 0.962658923474755 93
1710594663431 0.9658373449463304 94
1710594663579 0.9687389496177126 95
1710594663721 0.967287886322023 96
1710594663864 0.9676691016072336 97
1710594664007 0.9692498608553113 98
1710594664153 0.9689551374208504 99
