1717346728871 0.5211850188130306 1
1717346734277 0.5764087505865553 2
1717346742262 0.591198137400784 3
1717346748248 0.6011324088212305 4
1717346753608 0.6074262810389345 5
1717346758964 0.6118495273589394 6
1717346764323 0.6157706625354911 7
1717346769897 0.6190646515104664 8
1717346775293 0.6223477826820274 9
1717346780683 0.6256971057919097 10
1717346786118 0.6290348689258467 11
1717346791537 0.631168369263468 12
1717346796959 0.6331035243238741 13
1717346802385 0.6352699496304323 14
1717346807809 0.6360157620009876 15
1717346813251 0.6377250896256038 16
1717346818680 0.639160823146107 17
1717346824120 0.6408061779813737 18
1717346829535 0.6419666317213188 19
1717346834966 0.6427302207519351 20
1717346840508 0.6433971304157015 21
1717346845952 0.6450163026542453 22
1717346852026 0.6460684590114729 23
1717346857614 0.6474363386868041 24
1717346862969 0.6486067176673507 25
1717346868204 0.6497501409838269 26
1717346873402 0.650970472131517 27
1717346878674 0.6521838090208713 28
1717346884344 0.6532917835613802 29
1717346889666 0.6534768101534321 30
1717346895130 0.6544211970992604 31
1717346901222 0.654985251234236 32
1717346906541 0.6552671971920712 33
1717346911710 0.6557536393523831 34
1717346916933 0.6568797656514479 35
1717346922215 0.6568774171658393 36
1717346927571 0.6578597398543796 37
1717346933715 0.6582486304794926 38
1717346939095 0.6584367992675539 39
1717346944415 0.6592856307085466 40
1717346949722 0.6593860098534549 41
1717346955052 0.6599246345451576 42
1717346960356 0.6596665640993317 43
1717346965659 0.6606249316203241 44
1717346970944 0.6608392642363218 45
1717346976272 0.6608535069116331 46
1717346981866 0.6612406975002345 47
1717346987546 0.6617571824096147 48
1717346994499 0.6621799080485664 49
1717347000244 0.6621369377668853 50
1717347005810 0.6627468198135498 51
1717347011129 0.6631350615491677 52
1717347016867 0.6633962660992707 53
1717347022584 0.6634780792301419 54
1717347028338 0.6640976726101715 55
1717347034006 0.6643873027125818 56
1717347039540 0.6644156600724598 57
1717347045136 0.6649102981911206 58
1717347052248 0.6649365259639671 59
1717347057878 0.6650952163195429 60
1717348063999 0.6655466973123565 61
1717349196629 0.6658411461810217 62
1717349247408 0.665941788675438 63
1717349271926 0.6664256605369301 64
1717349277004 0.6662007385184464 65
1717350384206 0.66661662927489 66
1717351358862 0.6665495729407277 67
1717352323182 0.6670135401992617 68
1717354284492 0.6672632034795581 69
1717354533084 0.6675349451636482 70
1717354683936 0.6676442305882402 71
1717355196283 0.6677447765620309 72
1717355922662 0.6679423185641792 73
1717355927782 0.6680701276999435 74
1717355936861 0.6683468504355575 75
1717355955316 0.6687812651246926 76
1717355960802 0.6687771628605617 77
1717355966242 0.6688826802873488 78
1717355971644 0.6687260713502454 79
1717357050522 0.6689841950270681 80
1717357946229 0.6691821422339451 81
1717358537117 0.669364168586262 82
1717358542619 0.6693994776992123 83
1717358548185 0.6696364632613416 84
1717358553550 0.6700047008226578 85
1717358559458 0.6701620135012826 86
1717358565390 0.6704161819126445 87
1717358570779 0.670673008926843 88
1717358576337 0.670344751498599 89
1717358582072 0.670744904156164 90
1717358587306 0.6707275565053411 91
1717358592571 0.6706068712860016 92
1717358597913 0.6709029046303979 93
1717358603216 0.6710196715901328 94
1717358608439 0.6709384991555765 95
1717358613740 0.6710788776782313 96
1717358619039 0.6712377738913946 97
1717358624415 0.671189932269583 98
1717358629871 0.6715881756081022 99
