1717196017482 144926.0 1
1717196018586 151299.0 2
1717196019679 152174.0 3
1717196020763 154787.0 4
1717196021786 156724.0 5
1717196022848 157102.0 6
1717196023945 157320.0 7
1717196024899 158302.0 8
1717196026048 156386.0 9
1717196027089 150804.0 10
1717196028199 136852.0 11
1717196029266 130030.0 12
1717196030322 124808.0 13
1717196031332 122223.0 14
1717196032390 120174.0 15
1717196033441 118592.0 16
1717196034508 117223.0 17
1717196035515 117546.0 18
1717196036627 116301.0 19
1717196037747 113487.0 20
1717196038845 109379.0 21
1717196039968 103370.0 22
1717196041077 94267.0 23
1717196042080 90801.0 24
1717196043074 89611.0 25
1717196044229 89015.0 26
1717196045291 88738.0 27
1717196046385 88381.0 28
1717196047448 88414.0 29
1717196048446 88210.0 30
1717196049540 87949.0 31
1717196050680 87795.0 32
1717196051819 87750.0 33
1717196052859 87598.0 34
1717196053984 87511.0 35
1717196055039 87462.0 36
1717196056105 87510.0 37
1717196057142 87527.0 38
1717196058235 87439.0 39
1717196059296 87381.0 40
1717196060409 87292.0 41
1717196061419 87291.0 42
1717196062533 87285.0 43
1717196063546 87296.0 44
1717196064596 87214.0 45
1717196065732 87213.0 46
1717196066763 87190.0 47
1717196067825 87163.0 48
1717196068949 87150.0 49
1717196070007 87095.0 50
1717196071095 87067.0 51
1717196072215 87023.0 52
1717196073316 86980.0 53
1717196074335 86920.0 54
1717196075307 86888.0 55
1717196076464 86851.0 56
1717196077470 86797.0 57
1717196078577 86749.0 58
1717196079632 86708.0 59
1717196080742 86654.0 60
1717196081869 86606.0 61
1717196082930 86527.0 62
1717196084025 86462.0 63
1717196085033 86386.0 64
1717196086165 86308.0 65
1717196087271 86226.0 66
1717196088282 86161.0 67
1717196089304 86067.0 68
1717196090398 85961.0 69
1717196091397 85834.0 70
1717196092489 85730.0 71
1717196093596 85639.0 72
1717196094720 85573.0 73
1717196095817 85401.0 74
1717196096793 85250.0 75
1717196097836 85076.0 76
1717196098999 84887.0 77
1717196100094 84624.0 78
1717196101130 84160.0 79
1717196102241 83733.0 80
1717196103299 83237.0 81
1717196104322 82841.0 82
1717196105426 82351.0 83
1717196106428 81649.0 84
1717196107483 80806.0 85
1717196108449 80377.0 86
1717196109540 79802.0 87
1717196110590 79120.0 88
1717196111670 78681.0 89
1717196112754 78090.0 90
1717196113870 77554.0 91
1717196114990 76947.0 92
1717196116093 76453.0 93
1717196117161 76032.0 94
1717196118325 75450.0 95
1717196119315 75099.0 96
1717196120389 74733.0 97
1717196121414 74279.0 98
1717196122475 73771.0 99
