1717196017482 0.18514300882816315 1
1717196018586 0.22141201794147491 2
1717196019679 0.22154733538627625 3
1717196020763 0.22138188779354095 4
1717196021786 0.22102296352386475 5
1717196022848 0.22154934704303741 6
1717196023945 0.22207507491111755 7
1717196024899 0.22226795554161072 8
1717196026048 0.22556431591510773 9
1717196027089 0.24490761756896973 10
1717196028199 0.2686968743801117 11
1717196029266 0.28494706749916077 12
1717196030322 0.2962363660335541 13
1717196031332 0.3010603189468384 14
1717196032390 0.3033050000667572 15
1717196033441 0.3076462149620056 16
1717196034508 0.3105892539024353 17
1717196035515 0.3107250928878784 18
1717196036627 0.3137538731098175 19
1717196037747 0.3220748007297516 20
1717196038845 0.3340228796005249 21
1717196039968 0.35210493206977844 22
1717196041077 0.3792681396007538 23
1717196042080 0.3907186985015869 24
1717196043074 0.3949139416217804 25
1717196044229 0.39744749665260315 26
1717196045291 0.39918071031570435 27
1717196046385 0.40085798501968384 28
1717196047448 0.40159913897514343 29
1717196048446 0.40241193771362305 30
1717196049540 0.4034006893634796 31
1717196050680 0.40391284227371216 32
1717196051819 0.4042307436466217 33
1717196052859 0.40450194478034973 34
1717196053984 0.4049610197544098 35
1717196055039 0.4051576554775238 36
1717196056105 0.40544137358665466 37
1717196057142 0.40558573603630066 38
1717196058235 0.4061198830604553 39
1717196059296 0.40639829635620117 40
1717196060409 0.40666645765304565 41
1717196061419 0.40674397349357605 42
1717196062533 0.4070315659046173 43
1717196063546 0.4071179926395416 44
1717196064596 0.40738457441329956 45
1717196065732 0.40744057297706604 46
1717196066763 0.40755411982536316 47
1717196067825 0.4077315032482147 48
1717196068949 0.4078543782234192 49
1717196070007 0.4081917703151703 50
1717196071095 0.4083370864391327 51
1717196072215 0.40848392248153687 52
1717196073316 0.4085939824581146 53
1717196074335 0.40872085094451904 54
1717196075307 0.4088171422481537 55
1717196076464 0.4090443551540375 56
1717196077470 0.4092296361923218 57
1717196078577 0.40938469767570496 58
1717196079632 0.4095489978790283 59
1717196080742 0.4098109006881714 60
1717196081869 0.4099891185760498 61
1717196082930 0.4103841483592987 62
1717196084025 0.4107019603252411 63
1717196085033 0.4108753800392151 64
1717196086165 0.4111846387386322 65
1717196087271 0.4114132821559906 66
1717196088282 0.4118296802043915 67
1717196089304 0.41223767399787903 68
1717196090398 0.4125855565071106 69
1717196091397 0.4129505455493927 70
1717196092489 0.4133680760860443 71
1717196093596 0.4136015474796295 72
1717196094720 0.4139114022254944 73
1717196095817 0.4144958555698395 74
1717196096793 0.41511374711990356 75
1717196097836 0.41589421033859253 76
1717196098999 0.4165922701358795 77
1717196100094 0.4176650941371918 78
1717196101130 0.41962286829948425 79
1717196102241 0.4212433099746704 80
1717196103299 0.4230625629425049 81
1717196104322 0.42452725768089294 82
1717196105426 0.42666614055633545 83
1717196106428 0.4291374683380127 84
1717196107483 0.4327784776687622 85
1717196108449 0.43440282344818115 86
1717196109540 0.4363034665584564 87
1717196110590 0.4393463730812073 88
1717196111670 0.44133460521698 89
1717196112754 0.44409188628196716 90
1717196113870 0.44636982679367065 91
1717196114990 0.4490020275115967 92
1717196116093 0.4512917697429657 93
1717196117161 0.4533710479736328 94
1717196118325 0.45575666427612305 95
1717196119315 0.45735111832618713 96
1717196120389 0.45894327759742737 97
1717196121414 0.4616156816482544 98
1717196122475 0.46385297179222107 99
