1717196017482 0.7450849758359871 1
1717196018586 0.8535918845116488 2
1717196019679 0.8584695727876787 3
1717196020763 0.87069633558384 4
1717196021786 0.8787947117428724 5
1717196022848 0.8827660328020936 6
1717196023945 0.8861064981832395 7
1717196024899 0.8917014633780316 8
1717196026048 0.8956190607753154 9
1717196027089 0.9385644228054236 10
1717196028199 0.9462505672241408 11
1717196029266 0.9650795786770098 12
1717196030322 0.9688505533351246 13
1717196031332 0.9661310013058981 14
1717196032390 0.958144074302877 15
1717196033441 0.9636593056327785 16
1717196034508 0.9633593845671102 17
1717196035515 0.9655861614843204 18
1717196036627 0.9643991900319122 19
1717196037747 0.9685006706317413 20
1717196038845 0.9714493567866421 21
1717196039968 0.9800879436239008 22
1717196041077 0.9828341763515757 23
1717196042080 0.9843187327574819 24
1717196043074 0.984722023088536 25
1717196044229 0.9859230193224549 26
1717196045291 0.9876462347848516 27
1717196046385 0.9884470451178994 28
1717196047448 0.9903166530939613 29
1717196048446 0.9904383009630074 30
1717196049540 0.9905402216149755 31
1717196050680 0.9904009726356583 32
1717196051819 0.990793013378688 33
1717196052859 0.9901614052688774 34
1717196053984 0.9905621192112559 35
1717196055039 0.9906504455565429 36
1717196056105 0.9919218557394153 37
1717196057142 0.9924264086009426 38
1717196058235 0.9929386429372292 39
1717196059296 0.9930983035045907 40
1717196060409 0.9929434139554747 41
1717196061419 0.993123972665445 42
1717196062533 0.9937670761266396 43
1717196063546 0.9940902014034647 44
1717196064596 0.9939747681439849 45
1717196065732 0.9940676860307052 46
1717196066763 0.9941207802270229 47
1717196067825 0.9943164936687667 48
1717196068949 0.9944823262962833 49
1717196070007 0.9948029612495707 50
1717196071095 0.994898249432187 51
1717196072215 0.9948523631384228 52
1717196073316 0.9947338479738953 53
1717196074335 0.9945183280435188 54
1717196075307 0.9944507604759512 55
1717196076464 0.9946934544010884 56
1717196077470 0.9946484093560434 57
1717196078577 0.9945877080633738 58
1717196079632 0.9946076310460443 59
1717196080742 0.9947482076572093 60
1717196081869 0.9947482076572093 61
1717196082930 0.9949916447485929 62
1717196084025 0.9951860038049378 63
1717196085033 0.9949257425215611 64
1717196086165 0.9949765005981216 65
1717196087271 0.994781232100639 66
1717196088282 0.9951888703672123 67
1717196089304 0.9953330633373894 68
1717196090398 0.9952326083882378 69
1717196091397 0.9949366814327278 70
1717196092489 0.9949927541029084 71
1717196093596 0.9947859276620258 72
1717196094720 0.9949236180668358 73
1717196095817 0.9946811875551635 74
1717196096793 0.9947537354388545 75
1717196097836 0.9949365085023107 76
1717196098999 0.9947058959081337 77
1717196100094 0.9946262530807641 78
1717196101130 0.9947721686647281 79
1717196102241 0.9946054557816713 80
1717196103299 0.9941188908120651 81
1717196104322 0.9935814121363349 82
1717196105426 0.9937235109072043 83
1717196106428 0.9926771177727842 84
1717196107483 0.9924925715914218 85
1717196108449 0.992039799692884 86
1717196109540 0.9907052931245749 87
1717196110590 0.990878594402434 88
1717196111670 0.9907271084113785 89
1717196112754 0.9910108494590312 90
1717196113870 0.9906572122524324 91
1717196114990 0.990283799040285 92
1717196116093 0.9903490422142575 93
1717196117161 0.9901490584591552 94
1717196118325 0.9894573386818929 95
1717196119315 0.9893278920326369 96
1717196120389 0.9889017304314144 97
1717196121414 0.9898060324047235 98
1717196122475 0.9889682199286401 99
