1717256966630 0.20934907550419782 1
1717256967572 0.2858655890014023 2
1717256968441 0.3824244322340478 3
1717256969315 0.45940295385272134 4
1717256970155 0.5007433141542197 5
1717256971001 0.5219476318354509 6
1717256971865 0.5437097810371909 7
1717256973179 0.5397044330321169 8
1717256974440 0.5459116777858865 9
1717256975384 0.5538148550956657 10
1717256976347 0.546380234142417 11
1717256977703 0.5555858421552239 12
1717256978917 0.5534576633439603 13
1717256979845 0.5550747533672008 14
1717256981002 0.5584388224834362 15
1717256982003 0.558508148082845 16
1717256982916 0.5578046062303522 17
1717256983761 0.5619892865399614 18
1717256984610 0.5596510121325141 19
1717256985657 0.5662190263265807 20
1717256986527 0.5545943254280762 21
1717256987560 0.5644115237820819 22
1717256988456 0.5629344582592988 23
1717256989409 0.5662113411873562 24
1717256990275 0.5561740302562916 25
1717256991124 0.5668704749439383 26
1717256991955 0.5614572235854216 27
1717256992789 0.5637541690503726 28
1717256993628 0.5610232977473265 29
1717256994473 0.5704338752397148 30
1717256995333 0.5617533821154506 31
1717256996302 0.5651764200275678 32
1717256997151 0.5620872648481076 33
1717256997994 0.5725937873361402 34
1717256998837 0.5633678161996784 35
1717256999678 0.5662605462319479 36
1717257000526 0.5692746088641106 37
1717257001365 0.5620489273641976 38
1717257002199 0.5703000255506944 39
1717257003037 0.5637142178562097 40
1717257003869 0.5698471895407718 41
1717257004702 0.5651003681094553 42
1717257005528 0.5684560141166981 43
1717257006371 0.5698783107163462 44
1717257007211 0.5693049523417208 45
1717257008055 0.5683729611642551 46
1717257008896 0.5723045292447692 47
1717257009730 0.5647168906651302 48
1717257010568 0.5734719463325135 49
1717257011401 0.5715708605491614 50
1717257012217 0.5673580924068987 51
1717257013048 0.5738213304407183 52
1717257013892 0.5693785552175394 53
1717257014741 0.5719850702802577 54
1717257015581 0.5720991213488369 55
1717257016416 0.5669810773919275 56
1717257017249 0.5760451333408999 57
1717257018080 0.5724357362377231 58
1717257018913 0.5759537963074556 59
1717257019750 0.5741256983088315 60
1717257020583 0.5774448541689393 61
1717257021423 0.5728966245367493 62
1717257022261 0.5780453687650742 63
1717257023087 0.5709732291760318 64
1717257023922 0.5798121073168165 65
1717257024757 0.571537291540201 66
1717257025589 0.5804294847581813 67
1717257026422 0.5768971122646097 68
1717257027254 0.578798852999564 69
1717257028088 0.5799727903762635 70
1717257028920 0.5809527961911205 71
1717257029761 0.5735418078503247 72
1717257030637 0.5793979390994373 73
1717257031989 0.5755222064278401 74
1717257032822 0.581681416474724 75
1717257033647 0.5752120340502432 76
1717257034471 0.5832343351321142 77
1717257035283 0.5803413020468534 78
1717257036100 0.583321332675978 79
1717257036927 0.5764409969922338 80
1717257037753 0.5846354388033407 81
1717257038572 0.576339283799782 82
1717257039383 0.5835700608993246 83
1717257040208 0.5810065080195667 84
1717257041092 0.5858454877082067 85
1717257041912 0.5781145853144454 86
1717257042757 0.5854276598087799 87
1717257043650 0.5838834562885425 88
1717257044499 0.5857382329485064 89
1717257045338 0.5851541443815355 90
1717257046183 0.5859640830798986 91
1717257047028 0.5796616174718783 92
1717257047855 0.5854129483053757 93
1717257048709 0.5857876763082212 94
1717257050081 0.5867696944370271 95
1717257051931 0.5826520929291102 96
1717257053530 0.5881410881594772 97
1717257054992 0.583058145297812 98
1717257056827 0.5877619479048258 99
