1717256966630 59710.0 1
1717256967572 62888.0 2
1717256968441 72561.0 3
1717256969315 77437.0 4
1717256970155 79208.0 5
1717256971001 79971.0 6
1717256971865 81010.0 7
1717256973179 80288.0 8
1717256974440 80653.0 9
1717256975384 80675.0 10
1717256976347 80219.0 11
1717256977703 80391.0 12
1717256978917 80133.0 13
1717256979845 79910.0 14
1717256981002 80108.0 15
1717256982003 79830.0 16
1717256982916 79909.0 17
1717256983761 79900.0 18
1717256984610 79893.0 19
1717256985657 79957.0 20
1717256986527 79483.0 21
1717256987560 79811.0 22
1717256988456 79718.0 23
1717256989409 79830.0 24
1717256990275 79383.0 25
1717256991124 79762.0 26
1717256991955 79497.0 27
1717256992789 79633.0 28
1717256993628 79443.0 29
1717256994473 79844.0 30
1717256995333 79334.0 31
1717256996302 79655.0 32
1717256997151 79470.0 33
1717256997994 79893.0 34
1717256998837 79393.0 35
1717256999678 79560.0 36
1717257000526 79677.0 37
1717257001365 79267.0 38
1717257002199 79624.0 39
1717257003037 79358.0 40
1717257003869 79618.0 41
1717257004702 79429.0 42
1717257005528 79497.0 43
1717257006371 79566.0 44
1717257007211 79601.0 45
1717257008055 79509.0 46
1717257008896 79727.0 47
1717257009730 79225.0 48
1717257010568 79651.0 49
1717257011401 79655.0 50
1717257012217 79384.0 51
1717257013048 79709.0 52
1717257013892 79527.0 53
1717257014741 79530.0 54
1717257015581 79531.0 55
1717257016416 79358.0 56
1717257017249 79724.0 57
1717257018080 79563.0 58
1717257018913 79751.0 59
1717257019750 79635.0 60
1717257020583 79792.0 61
1717257021423 79635.0 62
1717257022261 79786.0 63
1717257023087 79425.0 64
1717257023922 79883.0 65
1717257024757 79530.0 66
1717257025589 79825.0 67
1717257026422 79663.0 68
1717257027254 79765.0 69
1717257028088 79832.0 70
1717257028920 79953.0 71
1717257029761 79580.0 72
1717257030637 79776.0 73
1717257031989 79490.0 74
1717257032822 79992.0 75
1717257033647 79578.0 76
1717257034471 79927.0 77
1717257035283 79810.0 78
1717257036100 79988.0 79
1717257036927 79614.0 80
1717257037753 79989.0 81
1717257038572 79725.0 82
1717257039383 79906.0 83
1717257040208 79754.0 84
1717257041092 80102.0 85
1717257041912 79690.0 86
1717257042757 79956.0 87
1717257043650 79937.0 88
1717257044499 79994.0 89
1717257045338 80015.0 90
1717257046183 79989.0 91
1717257047028 79766.0 92
1717257047855 79931.0 93
1717257048709 79917.0 94
1717257050081 80113.0 95
1717257051931 79870.0 96
1717257053530 80089.0 97
1717257054992 79895.0 98
1717257056827 80151.0 99
