1717256966630 21590.0 1
1717256967572 21590.0 2
1717256968441 21590.0 3
1717256969315 21590.0 4
1717256970155 21590.0 5
1717256971001 21590.0 6
1717256971865 21590.0 7
1717256973179 21590.0 8
1717256974440 21590.0 9
1717256975384 21590.0 10
1717256976347 21590.0 11
1717256977703 21590.0 12
1717256978917 21590.0 13
1717256979845 21590.0 14
1717256981002 21590.0 15
1717256982003 21590.0 16
1717256982916 21590.0 17
1717256983761 21590.0 18
1717256984610 21590.0 19
1717256985657 21590.0 20
1717256986527 21590.0 21
1717256987560 21590.0 22
1717256988456 21590.0 23
1717256989409 21590.0 24
1717256990275 21590.0 25
1717256991124 21590.0 26
1717256991955 21590.0 27
1717256992789 21590.0 28
1717256993628 21590.0 29
1717256994473 21590.0 30
1717256995333 21590.0 31
1717256996302 21590.0 32
1717256997151 21590.0 33
1717256997994 21590.0 34
1717256998837 21590.0 35
1717256999678 21590.0 36
1717257000526 21590.0 37
1717257001365 21590.0 38
1717257002199 21590.0 39
1717257003037 21590.0 40
1717257003869 21590.0 41
1717257004702 21590.0 42
1717257005528 21590.0 43
1717257006371 21590.0 44
1717257007211 21590.0 45
1717257008055 21590.0 46
1717257008896 21590.0 47
1717257009730 21590.0 48
1717257010568 21590.0 49
1717257011401 21590.0 50
1717257012217 21590.0 51
1717257013048 21590.0 52
1717257013892 21590.0 53
1717257014741 21590.0 54
1717257015581 21590.0 55
1717257016416 21590.0 56
1717257017249 21590.0 57
1717257018080 21590.0 58
1717257018913 21590.0 59
1717257019750 21590.0 60
1717257020583 21590.0 61
1717257021423 21590.0 62
1717257022261 21590.0 63
1717257023087 21590.0 64
1717257023922 21590.0 65
1717257024757 21590.0 66
1717257025589 21590.0 67
1717257026422 21590.0 68
1717257027254 21590.0 69
1717257028088 21590.0 70
1717257028920 21590.0 71
1717257029761 21590.0 72
1717257030637 21590.0 73
1717257031989 21590.0 74
1717257032822 21590.0 75
1717257033647 21590.0 76
1717257034471 21590.0 77
1717257035283 21590.0 78
1717257036100 21590.0 79
1717257036927 21590.0 80
1717257037753 21590.0 81
1717257038572 21590.0 82
1717257039383 21590.0 83
1717257040208 21590.0 84
1717257041092 21590.0 85
1717257041912 21590.0 86
1717257042757 21590.0 87
1717257043650 21590.0 88
1717257044499 21590.0 89
1717257045338 21590.0 90
1717257046183 21590.0 91
1717257047028 21590.0 92
1717257047855 21590.0 93
1717257048709 21590.0 94
1717257050081 21590.0 95
1717257051931 21590.0 96
1717257053530 21590.0 97
1717257054992 21590.0 98
1717257056827 21590.0 99
