1717260638761 0.2854873538017273 1
1717260639782 0.31043151021003723 2
1717260640813 0.31992271542549133 3
1717260641818 0.33857235312461853 4
1717260642832 0.3462180495262146 5
1717260643841 0.35540497303009033 6
1717260644840 0.3628726303577423 7
1717260645854 0.3694451153278351 8
1717260646850 0.3794749081134796 9
1717260647855 0.3985866904258728 10
1717260648856 0.43055710196495056 11
1717260649869 0.4643093943595886 12
1717260650883 0.4906897246837616 13
1717260651892 0.5029288530349731 14
1717260652906 0.5211227536201477 15
1717260654266 0.5229742527008057 16
1717260655627 0.538600504398346 17
1717260656887 0.5461817383766174 18
1717260657907 0.5513423085212708 19
1717260658922 0.5559378266334534 20
1717260659954 0.563621461391449 21
1717260660997 0.574839174747467 22
1717260662007 0.5775458216667175 23
1717260663015 0.5870532989501953 24
1717260664026 0.590058445930481 25
1717260665081 0.5917986035346985 26
1717260666111 0.5969144105911255 27
1717260667152 0.5932945609092712 28
1717260668206 0.601151704788208 29
1717260669290 0.6041725873947144 30
1717260670349 0.6070692539215088 31
1717260671431 0.6107308268547058 32
1717260672481 0.6115919947624207 33
1717260673512 0.6169423460960388 34
1717260674555 0.6192919611930847 35
1717260675604 0.6183951497077942 36
1717260676618 0.6161182522773743 37
1717260677628 0.623085081577301 38
1717260678643 0.6227996945381165 39
1717260679712 0.6204454898834229 40
1717260680755 0.6246569156646729 41
1717260681764 0.6244633197784424 42
1717260682772 0.6227334141731262 43
1717260683815 0.6207187175750732 44
1717260684850 0.6301304697990417 45
1717260685885 0.6316894888877869 46
1717260686895 0.632209062576294 47
1717260687911 0.6287354230880737 48
1717260688917 0.6319990754127502 49
1717260689932 0.6332815885543823 50
1717260690958 0.6303300261497498 51
1717260691981 0.6268613338470459 52
1717260692990 0.6339429616928101 53
1717260693991 0.633841335773468 54
1717260695036 0.6415080428123474 55
1717260696039 0.6386200189590454 56
1717260697058 0.6376092433929443 57
1717260698060 0.637274980545044 58
1717260699076 0.6379806399345398 59
1717260700096 0.6372746825218201 60
1717260701102 0.6363608241081238 61
1717260702121 0.6387122869491577 62
1717260703122 0.6417787075042725 63
1717260704138 0.6427027583122253 64
1717260705159 0.6396381258964539 65
1717260706165 0.6379166841506958 66
1717260707178 0.6415451169013977 67
1717260708200 0.6412423253059387 68
1717260709217 0.6418389678001404 69
1717260710891 0.6431031823158264 70
1717260712063 0.6430993676185608 71
1717260713161 0.6407207250595093 72
1717260714168 0.6416766047477722 73
1717260715193 0.6445379853248596 74
1717260716199 0.6442352533340454 75
1717260717205 0.646438479423523 76
1717260718219 0.6446434259414673 77
1717260719217 0.6430690884590149 78
1717260720243 0.647716224193573 79
1717260721240 0.6484063267707825 80
1717260722238 0.6479266881942749 81
1717260723253 0.6490516662597656 82
1717260724260 0.638629138469696 83
1717260725302 0.6423670649528503 84
1717260726318 0.6444908976554871 85
1717260727840 0.6481537222862244 86
1717260728944 0.6453311443328857 87
1717260729992 0.6478928327560425 88
1717260731002 0.6460058093070984 89
1717260732017 0.648932695388794 90
1717260733018 0.6516034603118896 91
1717260734047 0.6496472954750061 92
1717260735070 0.6381394267082214 93
1717260736086 0.641682505607605 94
1717260737094 0.6435568928718567 95
1717260738099 0.6386185884475708 96
1717260739105 0.6460180282592773 97
1717260740186 0.648384690284729 98
1717260741196 0.6489673256874084 99
