1717454296424 0.36246361873288563 1
1717454304977 0.6113724627848364 2
1717454313514 0.6341027289776556 3
1717454322129 0.641966840813122 4
1717454330759 0.662062301019201 5
1717454339344 0.6774496967003848 6
1717454347984 0.7213081808463253 7
1717454356663 0.7417606867636946 8
1717454365415 0.7507953577838786 9
1717454374131 0.7542489206065321 10
1717454382761 0.7617346971403197 11
1717454391386 0.7637304173416045 12
1717454400098 0.765005630333527 13
1717454408766 0.7665205502618468 14
1717454417427 0.7671750783855336 15
1717454426047 0.768217973106992 16
1717454434745 0.7695122544834746 17
1717454443385 0.7702132592549378 18
1717454452033 0.7741210313410788 19
1717454460770 0.7727421226705038 20
1717454469421 0.7735011577626395 21
1717454478049 0.775523817724506 22
1717454486716 0.7757481530892333 23
1717454495387 0.7753072479343922 24
1717454504048 0.7751327640130272 25
1717454512832 0.7762510048963198 26
1717454521386 0.7781600877097576 27
1717454529969 0.7772274781440169 28
1717454538716 0.7776269251378133 29
1717454547293 0.7758159476247355 30
1717454556005 0.7777253812225695 31
1717454564848 0.7770158901348467 32
1717454573621 0.778634980269247 33
1717454582239 0.7786394327359581 34
1717454590967 0.7794730695187706 35
1717454599633 0.7784555000955171 36
1717454608294 0.7797019799198993 37
1717454616918 0.7813426140718246 38
1717454625594 0.7789686152580396 39
1717454636096 0.7817191407729839 40
1717454644826 0.7810792074053757 41
1717454653521 0.7811187062458425 42
1717454662182 0.7809046399324031 43
1717454671006 0.7801753876107883 44
1717454679759 0.7810441226803447 45
1717454688508 0.7825244671721572 46
1717454697034 0.7837456787298053 47
1717454705642 0.7810504400190614 48
1717454714373 0.7819647757207379 49
1717454723026 0.7823376883284117 50
1717454731657 0.7816590671117243 51
1717454740416 0.7811503043242587 52
1717454749073 0.7816859058634452 53
1717454757712 0.7811883869124602 54
1717454766417 0.7809490630587698 55
1717454775283 0.782729565678954 56
1717454784000 0.781695023407651 57
1717454792667 0.7832540949628309 58
1717454801467 0.781205273544875 59
1717454810118 0.7807301103640483 60
1717454818911 0.7827457827006922 61
1717454827586 0.7815162627087975 62
1717454836268 0.7827367834804729 63
1717454844945 0.7826547997726737 64
1717454853633 0.7829849586335366 65
1717454862356 0.7830266490687484 66
1717454871226 0.7824052648862986 67
1717454880002 0.7831705702817587 68
1717454888731 0.7835817262409329 69
1717454897501 0.7842020389349073 70
1717454906290 0.7814059012267096 71
1717454915091 0.7821645544529154 72
1717454923832 0.7833319698003044 73
1717454932585 0.7814747394727938 74
1717454941142 0.7830993768222476 75
1717454949800 0.782888079317119 76
1717454958502 0.7847424835034282 77
1717454967317 0.7850748959968055 78
1717454976024 0.7843407396573746 79
1717454984955 0.7864421838346772 80
1717454993453 0.7863809310708137 81
1717455002206 0.7858591245565828 82
1717455010835 0.7883524160805896 83
1717455019516 0.7888164826385832 84
1717455028194 0.789859924554415 85
1717455036908 0.7908581719597111 86
1717455045641 0.7888401414460974 87
1717455054271 0.7894392786310748 88
1717455062915 0.7924960018461387 89
1717455071486 0.7905392288544553 90
1717455080210 0.7930451951506505 91
1717455089054 0.792312567935798 92
1717455097630 0.7936976426763375 93
1717455106328 0.7957085159981032 94
1717455115007 0.7941097791628088 95
1717455123697 0.7931738971860218 96
1717455132364 0.794600819943812 97
1717455141123 0.7946639074009973 98
1717455149806 0.7937872698937859 99
