1717454296424 41620.0 1
1717454304977 73424.0 2
1717454313514 79310.0 3
1717454322129 88694.0 4
1717454330759 98425.0 5
1717454339344 112552.0 6
1717454347984 121388.0 7
1717454356663 121344.0 8
1717454365415 120937.0 9
1717454374131 121319.0 10
1717454382761 121430.0 11
1717454391386 123486.0 12
1717454400098 123327.0 13
1717454408766 124984.0 14
1717454417427 125699.0 15
1717454426047 126233.0 16
1717454434745 126459.0 17
1717454443385 126759.0 18
1717454452033 128604.0 19
1717454460770 128569.0 20
1717454469421 130821.0 21
1717454478049 130838.0 22
1717454486716 131564.0 23
1717454495387 131810.0 24
1717454504048 132245.0 25
1717454512832 132018.0 26
1717454521386 132220.0 27
1717454529969 132772.0 28
1717454538716 132885.0 29
1717454547293 133191.0 30
1717454556005 133300.0 31
1717454564848 133414.0 32
1717454573621 133785.0 33
1717454582239 133440.0 34
1717454590967 133754.0 35
1717454599633 133731.0 36
1717454608294 133713.0 37
1717454616918 133611.0 38
1717454625594 134198.0 39
1717454636096 133393.0 40
1717454644826 133704.0 41
1717454653521 133837.0 42
1717454662182 134127.0 43
1717454671006 134191.0 44
1717454679759 133778.0 45
1717454688508 134059.0 46
1717454697034 133667.0 47
1717454705642 134179.0 48
1717454714373 134259.0 49
1717454723026 134136.0 50
1717454731657 134611.0 51
1717454740416 134357.0 52
1717454749073 134299.0 53
1717454757712 134341.0 54
1717454766417 134822.0 55
1717454775283 134635.0 56
1717454784000 134310.0 57
1717454792667 134316.0 58
1717454801467 134634.0 59
1717454810118 134551.0 60
1717454818911 134483.0 61
1717454827586 134542.0 62
1717454836268 134687.0 63
1717454844945 134432.0 64
1717454853633 134490.0 65
1717454862356 134664.0 66
1717454871226 135025.0 67
1717454880002 134826.0 68
1717454888731 135064.0 69
1717454897501 134495.0 70
1717454906290 135040.0 71
1717454915091 135137.0 72
1717454923832 134652.0 73
1717454932585 135011.0 74
1717454941142 134491.0 75
1717454949800 134714.0 76
1717454958502 134539.0 77
1717454967317 134496.0 78
1717454976024 135038.0 79
1717454984955 134845.0 80
1717454993453 135661.0 81
1717455002206 135866.0 82
1717455010835 136119.0 83
1717455019516 135403.0 84
1717455028194 135568.0 85
1717455036908 135874.0 86
1717455045641 136036.0 87
1717455054271 135316.0 88
1717455062915 135255.0 89
1717455071486 135438.0 90
1717455080210 135412.0 91
1717455089054 135606.0 92
1717455097630 135382.0 93
1717455106328 135190.0 94
1717455115007 135458.0 95
1717455123697 135885.0 96
1717455132364 135591.0 97
1717455141123 135769.0 98
1717455149806 135530.0 99
