1717929481377 0.0017357762777242547 1
1717929485052 0.00957087753134045 2
1717929488998 0.034980713596914126 3
1717929491890 0.36151157184185145 4
1717929495696 0.01906943105110892 5
1717929498662 0.0014946962391514385 6
1717929502468 0.6531219864995179 7
1717929505361 0.07937560270009647 8
1717929509361 0.25126567020250723 9
1717929512733 6.027000964314855e-05 10
1717929516391 0.08007473481195759 11
1717929520311 0.7147179363548698 12
1717929523315 0.6371142719382835 13
1717929527286 6.027000964314855e-05 14
1717929530323 0.7622227579556413 15
1717929534191 0.6892116682738669 16
1717929538071 0.10442381870781103 17
1717929541091 0.40059064609450334 18
1717929545119 0.7208172613307617 19
1717929548261 0.6582810993249759 20
1717929552123 0.7197806171648988 21
1717929556093 0.2993008678881388 22
1717929559143 0.16570636451301834 23
1717929563043 0.6417189006750241 24
1717929566011 0.6820877531340406 25
1717929569838 0.5879701060752169 26
1717929572950 0.0575699132111861 27
1717929577001 0.6604387656702024 28
1717929581059 0.017683220829315283 29
1717929583983 0.7117044358727098 30
1717929587914 0.10236258437801349 31
1717929590957 0.06452507232401161 32
1717929594919 0.7654773384763742 33
1717929598835 0.7833534233365478 34
1717929601779 0.09101976856316296 35
1717929605706 0.795407425265188 36
1717929608701 0.33206364513018327 37
1717929613500 0.8614392478302797 38
1717929616635 0.3803760848601736 39
1717929620657 0.5220829315332691 40
1717929624591 0.024710703953712665 41
1717929627659 0.07111861137897779 42
1717929631794 0.3207690453230473 43
1717929634867 0.2299541947926712 44
1717929638918 0.15607521697203475 45
1717929642797 0.11457328833172609 46
1717929645841 0.3692622950819672 47
1717929649878 0.1405737704918033 48
1717929652869 0.721950337512054 49
1717929656866 0.3427314368370299 50
1717929659888 0.5191899710703953 51
1717929663966 0.38202748312439727 52
1717929667967 0.7806171648987463 53
1717929671073 0.7411644165863067 54
1717929675033 0.031641755062680854 55
1717929678122 0.79273143683703 56
1717929682135 0.1590646094503375 57
1717929686080 0.7108486017357762 58
1717929689203 0.14720347155255542 59
1717929693190 0.12534956605593062 60
1717929696314 0.4250602700096432 61
1717929700355 0.24991562198649953 62
1717929704440 0.7215887174541948 63
1717929707456 0.7961427193828351 64
1717929711430 0.5834980713596913 65
1717929714454 0.048023143683702973 66
1717929718561 0.08443828351012539 67
1717929722641 0.5595467695274832 68
1717929725713 0.20884763741562196 69
1717929729727 0.09497348119575699 70
1717929732805 0.20819672131147537 71
1717929736748 0.02084136933461911 72
1717929740162 0.05383317261330767 73
1717929744209 0.24452748312439732 74
1717929748223 0.36102941176470593 75
1717929751330 0.6973481195756992 76
1717929755438 0.38882594021215044 77
1717929758679 0.1346311475409836 78
1717929762638 0.7676108968177435 79
1717929766695 0.5636571841851494 80
1717929769770 0.4558582449373192 81
1717929773799 0.7402724204435873 82
1717929776898 0.46946721311475414 83
1717929780863 0.5660318225650915 84
1717929784856 0.2841369334619094 85
1717929787954 0.22662729026036643 86
1717929792975 0.8105834136933462 87
1717929796907 0.3075699132111861 88
1717929800033 0.14364754098360655 89
1717929804024 0.05566538090646089 90
1717929807126 0.521311475409836 91
1717929811140 0.0027000964320154086 92
1717929815141 0.43047251687560273 93
1717929818304 0.23250964320154288 94
1717929822480 0.5137295081967213 95
1717929825495 0.5726735776277725 96
1717929829578 0.08425747348119572 97
1717929833554 0.23103905496624877 98
1717929836743 0.062246865959498576 99
1717929840861 0.062246865959498576 0
