1717929481377 248493.0 1
1717929485052 264619.0 2
1717929488998 270533.0 3
1717929491890 275123.0 4
1717929495696 278832.0 5
1717929498662 280020.0 6
1717929502468 283070.0 7
1717929505361 286358.0 8
1717929509361 286390.0 9
1717929512733 288945.0 10
1717929516391 290324.0 11
1717929520311 293408.0 12
1717929523315 295973.0 13
1717929527286 303533.0 14
1717929530323 307303.0 15
1717929534191 300300.0 16
1717929538071 306910.0 17
1717929541091 309803.0 18
1717929545119 310968.0 19
1717929548261 310759.0 20
1717929552123 311966.0 21
1717929556093 312574.0 22
1717929559143 312639.0 23
1717929563043 312403.0 24
1717929566011 313695.0 25
1717929569838 313041.0 26
1717929572950 313040.0 27
1717929577001 314830.0 28
1717929581059 313514.0 29
1717929583983 310124.0 30
1717929587914 313339.0 31
1717929590957 314758.0 32
1717929594919 315591.0 33
1717929598835 316149.0 34
1717929601779 315774.0 35
1717929605706 315487.0 36
1717929608701 316282.0 37
1717929613500 316452.0 38
1717929616635 316759.0 39
1717929620657 316791.0 40
1717929624591 313859.0 41
1717929627659 314592.0 42
1717929631794 317047.0 43
1717929634867 317303.0 44
1717929638918 317610.0 45
1717929642797 317469.0 46
1717929645841 317426.0 47
1717929649878 317836.0 48
1717929652869 317052.0 49
1717929656866 317544.0 50
1717929659888 317685.0 51
1717929663966 318112.0 52
1717929667967 317904.0 53
1717929671073 318015.0 54
1717929675033 317093.0 55
1717929678122 318055.0 56
1717929682135 318308.0 57
1717929686080 318352.0 58
1717929689203 318592.0 59
1717929693190 318604.0 60
1717929696314 318103.0 61
1717929700355 318635.0 62
1717929704440 318643.0 63
1717929707456 318542.0 64
1717929711430 318754.0 65
1717929714454 318681.0 66
1717929718561 315920.0 67
1717929722641 318422.0 68
1717929725713 318774.0 69
1717929729727 318980.0 70
1717929732805 318789.0 71
1717929736748 318862.0 72
1717929740162 317859.0 73
1717929744209 318941.0 74
1717929748223 319163.0 75
1717929751330 319179.0 76
1717929755438 319194.0 77
1717929758679 318976.0 78
1717929762638 319285.0 79
1717929766695 319610.0 80
1717929769770 319322.0 81
1717929773799 319364.0 82
1717929776898 319235.0 83
1717929780863 319310.0 84
1717929784856 319488.0 85
1717929787954 319842.0 86
1717929792975 319474.0 87
1717929796907 318294.0 88
1717929800033 319379.0 89
1717929804024 319469.0 90
1717929807126 319735.0 91
1717929811140 319594.0 92
1717929815141 319618.0 93
1717929818304 319713.0 94
1717929822480 319757.0 95
1717929825495 319939.0 96
1717929829578 319971.0 97
1717929833554 319936.0 98
1717929836743 319899.0 99
