1717929481377 0.8511481681957678 1
1717929485052 0.8886017400724305 2
1717929488998 0.8987765316422671 3
1717929491890 0.9064220507413879 4
1717929495696 0.9133857188725412 5
1717929498662 0.9159940128059788 6
1717929502468 0.9210113672207321 7
1717929505361 0.9266821235283684 8
1717929509361 0.9270376113500141 9
1717929512733 0.9317007269347242 10
1717929516391 0.9346493762475804 11
1717929520311 0.9391912043275169 12
1717929523315 0.9449909303062535 13
1717929527286 0.9575100355789845 14
1717929530323 0.9637817374725671 15
1717929534191 0.9505227040649368 16
1717929538071 0.9633886363478783 17
1717929541091 0.9681674228861069 18
1717929545119 0.9700780542690075 19
1717929548261 0.9698016737958494 20
1717929552123 0.9716083813748382 21
1717929556093 0.9725531870001204 22
1717929559143 0.9723976105568096 23
1717929563043 0.9723665289478256 24
1717929566011 0.9745042072035331 25
1717929569838 0.9730860572166347 26
1717929572950 0.9735012976162958 27
1717929577001 0.9763944946501976 28
1717929581059 0.9737511631238056 29
1717929583983 0.9684243926098969 30
1717929587914 0.9739516086168851 31
1717929590957 0.9761133324069492 32
1717929594919 0.977508679040684 33
1717929598835 0.9783488919792925 34
1717929601779 0.9777425919363737 35
1717929605706 0.9772112339750686 36
1717929608701 0.9785472345514115 37
1717929613500 0.978873455083755 38
1717929616635 0.9793129050063303 39
1717929620657 0.9793432520195754 40
1717929624591 0.9740890572571244 41
1717929627659 0.9760613520281683 42
1717929631794 0.979885119916323 43
1717929634867 0.9802802163282717 44
1717929638918 0.9806653595301839 45
1717929642797 0.980522060472661 46
1717929645841 0.9804577045705174 47
1717929649878 0.9810084850687983 48
1717929652869 0.9797760383838392 49
1717929656866 0.9805601101273563 50
1717929659888 0.9808497081991888 51
1717929663966 0.9814888122530686 52
1717929667967 0.9811430564040348 53
1717929671073 0.9813759008550108 54
1717929675033 0.9796298162771354 55
1717929678122 0.9814595502269432 56
1717929682135 0.9817823099193377 57
1717929686080 0.9819096492077328 58
1717929689203 0.982283484813632 59
1717929693190 0.9822058759249132 60
1717929696314 0.9815265563852718 61
1717929700355 0.982283577379659 62
1717929704440 0.9823636274875142 63
1717929707456 0.9821751043679503 64
1717929711430 0.9825089932058062 65
1717929714454 0.982289942956403 66
1717929718561 0.9779597060610102 67
1717929722641 0.9820749385114226 68
1717929725713 0.9826223472997263 69
1717929729727 0.982936670674993 70
1717929732805 0.9826101731998312 71
1717929736748 0.9825983063485328 72
1717929740162 0.9811355536292138 73
1717929744209 0.982915462937362 74
1717929748223 0.9832125317238769 75
1717929751330 0.9832508860589089 76
1717929755438 0.9833002150447225 77
1717929758679 0.9828593224979989 78
1717929762638 0.9833724603358021 79
1717929766695 0.9840330534750636 80
1717929769770 0.9834980083695546 81
1717929773799 0.9835831186969961 82
1717929776898 0.9832867760695398 83
1717929780863 0.983524293708619 84
1717929784856 0.9837680703680174 85
1717929787954 0.9843854180812109 86
1717929792975 0.9837732899049303 87
1717929796907 0.9817091655722664 88
1717929800033 0.9835345604713825 89
1717929804024 0.983646560417847 90
1717929807126 0.9841603023359144 91
1717929811140 0.9838845245305078 92
1717929815141 0.983951921415661 93
1717929818304 0.9840383994170706 94
1717929822480 0.9842188969682342 95
1717929825495 0.9844834090763012 96
1717929829578 0.9845236187869179 97
1717929833554 0.9844874160819842 98
1717929836743 0.9844388794852652 99
