1717230029535 0.029431020948106994 1
1717230039423 0.030575153029950987 2
1717230049423 0.02943759562658043 3
1717230059504 0.03128361475983361 4
1717230069664 0.03128361475983361 5
1717230079769 0.03128361475983361 6
1717230089919 0.03128361475983361 7
1717230099918 0.03128361475983361 8
1717230110057 0.03128361475983361 9
1717230120321 0.03128361475983361 10
1717230130931 0.03128361475983361 11
1717230141141 0.03128361475983361 12
1717230151331 0.06197338959462886 13
1717230162086 0.07769850684850256 14
1717230172919 0.1019219684883859 15
1717230183324 0.10969603869155561 16
1717230193762 0.10984509856197064 17
1717230203852 0.11517069089560193 18
1717230214103 0.11823483686947897 19
1717230224173 0.11823483686947897 20
1717230234426 0.11823483686947897 21
1717230244727 0.11823483686947897 22
1717230254701 0.11823483686947897 23
1717230265033 0.11823483686947897 24
1717230275047 0.11823483686947897 25
1717230285168 0.11823483686947897 26
1717230295503 0.11823483686947897 27
1717230305740 0.11823483686947897 28
1717230315919 0.1174485405846062 29
1717230326150 0.11823483686947897 30
1717230336517 0.11823483686947897 31
1717230346940 0.11823483686947897 32
1717230357981 0.11823483686947897 33
1717230368147 0.11823483686947897 34
1717230378368 0.11823483686947897 35
1717230388571 0.11823483686947897 36
1717230398689 0.11823483686947897 37
1717230408986 0.11823483686947897 38
1717230419356 0.11823483686947897 39
1717230429367 0.11823483686947897 40
1717230439212 0.11823483686947897 41
1717230449355 0.11823483686947897 42
1717230459578 0.11823483686947897 43
1717230469941 0.11823483686947897 44
1717230480260 0.11823483686947897 45
1717230490626 0.11823483686947897 46
1717230500912 0.11823483686947897 47
1717230511209 0.11823483686947897 48
1717230521527 0.11677660889793576 49
1717230531677 0.11781129760316338 50
1717230542663 0.11823483686947897 51
1717230552836 0.11823483686947897 52
1717230563212 0.11823483686947897 53
1717230573686 0.11823483686947897 54
1717230584022 0.11823483686947897 55
1717230594378 0.11823483686947897 56
1717230604728 0.11823483686947897 57
1717230614701 0.11823483686947897 58
1717230625002 0.11823483686947897 59
1717230635322 0.11823483686947897 60
1717230645910 0.11823483686947897 61
1717230656036 0.11823483686947897 62
1717230666184 0.11823483686947897 63
1717230676395 0.11823483686947897 64
1717230686432 0.11823483686947897 65
1717230696720 0.11823483686947897 66
1717230706788 0.11823483686947897 67
1717230717025 0.11823483686947897 68
1717230727788 0.11823483686947897 69
1717230738158 0.11927266929824996 70
1717230749210 0.11823483686947897 71
1717230761180 0.11823483686947897 72
1717230771565 0.11823483686947897 73
1717230781508 0.11823483686947897 74
1717230791668 0.11823483686947897 75
1717230801689 0.11823483686947897 76
1717230811928 0.11677038971400805 77
1717230822360 0.11677038971400805 78
1717230832778 0.11677038971400805 79
1717230843246 0.11823483686947897 80
1717230853542 0.11776832665788207 81
1717230863863 0.11823483686947897 82
1717230873813 0.11823483686947897 83
1717230884275 0.11823483686947897 84
1717230894780 0.11677038971400805 85
1717230906103 0.11677038971400805 86
1717230916969 0.11677038971400805 87
1717230927361 0.1159840934291353 88
1717230937732 0.1159840934291353 89
1717230947523 0.1159840934291353 90
1717230957813 0.1159840934291353 91
1717230968198 0.1159840934291353 92
1717230978294 0.1159840934291353 93
1717230988541 0.1159840934291353 94
1717230998694 0.1159840934291353 95
1717231009404 0.1159840934291353 96
1717231019667 0.1159840934291353 97
1717231029796 0.1159840934291353 98
1717231040157 0.1159840934291353 99
