1717529694341 0.7362965344238549 1
1717529696494 0.8207575518142538 2
1717529698768 0.8363101762484465 3
1717529701008 0.8502614217269568 4
1717529703003 0.870092907210672 5
1717529705183 0.9138289343974488 6
1717529707327 0.9415158027921527 7
1717529709595 0.9576870048051621 8
1717529711760 0.9672787868626779 9
1717529714137 0.9694873331908674 10
1717529716384 0.9790095449902243 11
1717529718577 0.9815696626418673 12
1717529720721 0.9831421080359501 13
1717529722809 0.9846921476527284 14
1717529724940 0.9854128255714135 15
1717529727044 0.9865607126398325 16
1717529729248 0.986939077183631 17
1717529731379 0.987219022879299 18
1717529733568 0.9874221426391591 19
1717529735631 0.9876081321957229 20
1717529737764 0.9881683825493631 21
1717529739919 0.9882600220852611 22
1717529742069 0.9882268966261805 23
1717529744195 0.9879623637867698 24
1717529746628 0.9885323701908124 25
1717529748863 0.988453546055523 26
1717529750981 0.9887663682766146 27
1717529753444 0.9887380326621898 28
1717529755500 0.9893887704517345 29
1717529757712 0.9895907185272385 30
1717529759994 0.9894722486497126 31
1717529762208 0.9891231912447578 32
1717529764441 0.9891337737667488 33
1717529766662 0.9891995815285326 34
1717529768724 0.9897544682918407 35
1717529771001 0.9898029580557427 36
1717529773308 0.9898011433253853 37
1717529775519 0.9902490021830578 38
1717529777608 0.9896167671501709 39
1717529779766 0.9901917415259833 40
1717529781812 0.9899093147335783 41
1717529783920 0.9902638009778894 42
1717529786183 0.9902324047275766 43
1717529788318 0.9902147892102765 44
1717529790389 0.9907156397610681 45
1717529792621 0.9901627600167049 46
1717529794764 0.9901898910421035 47
1717529797007 0.9909506203107032 48
1717529799127 0.9909911870824377 49
1717529801254 0.9907310672494252 50
1717529803297 0.9909590990719206 51
1717529805478 0.9912129434481929 52
1717529808305 0.9911659809174085 53
1717529810453 0.9826011535790118 54
1717529812460 0.9918937735816918 55
1717529814512 0.9919029419186172 56
1717529816634 0.9916640835579611 57
1717529818745 0.991943496037236 58
1717529820877 0.9917976140820031 59
1717529822941 0.991776449354066 60
1717529825102 0.9914601188692216 61
1717529827287 0.9913060246524705 62
1717529829406 0.9912468796095292 63
1717529831610 0.9915040995675557 64
1717529833719 0.990364208542608 65
1717529835926 0.9912902580927007 66
1717529838423 0.9911057525018205 67
1717529840519 0.990950998756573 68
1717529842623 0.9909581939696345 69
1717529844843 0.9895721237389339 70
1717529846935 0.9903390498527331 71
1717529849092 0.9912188652058821 72
1717529851182 0.9910993774806867 73
1717529853346 0.9906116314856617 74
1717529855536 0.9905695490519879 75
1717529857550 0.9894238305702382 76
1717529859719 0.9908379936690987 77
1717529861823 0.9906695664698114 78
1717529863892 0.9905252928511901 79
1717529865995 0.9905626119253323 80
1717529868165 0.99060271137196 81
1717529870350 0.9866892980948155 82
1717529872498 0.9915585473199484 83
1717529874650 0.9908611502517678 84
1717529876808 0.9908991487168168 85
1717529878974 0.9906725795722253 86
1717529881253 0.99071529953099 87
1717529883416 0.9904345814568261 88
1717529885691 0.9907710503095492 89
1717529887815 0.9907822290717097 90
1717529890026 0.9906843689596343 91
1717529892043 0.9907775590551309 92
1717529894223 0.9877756222067225 93
1717529896532 0.991270660334974 94
1717529898713 0.9908393663774512 95
1717529900936 0.9908044499801139 96
1717529903103 0.9909231047908594 97
1717529905353 0.9908625969239214 98
1717529907454 0.9906880652044311 99
