1717529694341 0.29679903250241113 1
1717529696494 0.3526965970808297 2
1717529698768 0.35442397097750716 3
1717529701008 0.3541046849894135 4
1717529703003 0.35596370249125225 5
1717529705183 0.36285731460129367 6
1717529707327 0.3675486827161481 7
1717529709595 0.37226099547936037 8
1717529711760 0.37766432083658935 9
1717529714137 0.3811541938668631 10
1717529716384 0.3871981377467636 11
1717529718577 0.388606886439611 12
1717529720721 0.39002007301223796 13
1717529722809 0.39131608014173597 14
1717529724940 0.3924083672725847 15
1717529727044 0.39340328685195436 16
1717529729248 0.3947839273858568 17
1717529731379 0.39522007049238117 18
1717529733568 0.39617053276845665 19
1717529735631 0.39708633164790436 20
1717529737764 0.398040565920448 21
1717529739919 0.3984821935818653 22
1717529742069 0.3988860433512604 23
1717529744195 0.39948603112537845 24
1717529746628 0.40002986555584424 25
1717529748863 0.40059438910480843 26
1717529750981 0.40106236076236196 27
1717529753444 0.40127808324744374 28
1717529755500 0.4015123308318119 29
1717529757712 0.40171739566496684 30
1717529759994 0.4018225802607959 31
1717529762208 0.402006602937516 32
1717529764441 0.4020157875511161 33
1717529766662 0.40234728572035994 34
1717529768724 0.4024236002186461 35
1717529771001 0.4026252555983379 36
1717529773308 0.40256594637015075 37
1717529775519 0.40277342383775855 38
1717529777608 0.40275102025228177 39
1717529779766 0.4029873040906576 40
1717529781812 0.40298327079411134 41
1717529783920 0.40311859252689985 42
1717529786183 0.4029394269834108 43
1717529788318 0.40335305401605426 44
1717529790389 0.4033016473363689 45
1717529792621 0.40322883336152887 46
1717529794764 0.40323625780499484 47
1717529797007 0.4037142423641481 48
1717529799127 0.40359802298058023 49
1717529801254 0.4035632811469874 50
1717529803297 0.4036541599892329 51
1717529805478 0.40388945009267224 52
1717529808305 0.40401055604799335 53
1717529810453 0.4039866960090644 54
1717529812460 0.4043703866279114 55
1717529814512 0.4043762008951901 56
1717529816634 0.4044212055718277 57
1717529818745 0.4044616935913382 58
1717529820877 0.40451336960180684 59
1717529822941 0.4046738911535016 60
1717529825102 0.40469738161074836 61
1717529827287 0.4046351027455747 62
1717529829406 0.4047452657639139 63
1717529831610 0.4048899428116169 64
1717529833719 0.4051463370947321 65
1717529835926 0.40545651709679104 66
1717529838423 0.40549797895669054 67
1717529840519 0.4053235889628498 68
1717529842623 0.40530356225050923 69
1717529844843 0.4058355855143044 70
1717529846935 0.4059945236316779 71
1717529849092 0.40566947571866174 72
1717529851182 0.40556128854063067 73
1717529853346 0.40567423659455504 74
1717529855536 0.4056960498240221 75
1717529857550 0.4062099235543624 76
1717529859719 0.4059332355385537 77
1717529861823 0.40598382978135494 78
1717529863892 0.4060113982962087 79
1717529865995 0.4062226789229423 80
1717529868165 0.4063883255973085 81
1717529870350 0.4060250488520615 82
1717529872498 0.40605272438017176 83
1717529874650 0.4062324759088408 84
1717529876808 0.406396341110668 85
1717529878974 0.40635925273584006 86
1717529881253 0.40664374908752854 87
1717529883416 0.4066026043350462 88
1717529885691 0.40680234657836944 89
1717529887815 0.40671081029787237 90
1717529890026 0.4067327841063304 91
1717529892043 0.4067689776191376 92
1717529894223 0.40672335850007013 93
1717529896532 0.40737312840890477 94
1717529898713 0.40749670920267056 95
1717529900936 0.40809720017021406 96
1717529903103 0.40817787875874234 97
1717529905353 0.40849967701724504 98
1717529907454 0.40850205317595095 99
