1717529694341 262133.0 1
1717529696494 270195.0 2
1717529698768 268837.0 3
1717529701008 266906.0 4
1717529703003 265000.0 5
1717529705183 261680.0 6
1717529707327 259732.0 7
1717529709595 259193.0 8
1717529711760 259759.0 9
1717529714137 260456.0 10
1717529716384 261124.0 11
1717529718577 261273.0 12
1717529720721 261509.0 13
1717529722809 261713.0 14
1717529724940 261947.0 15
1717529727044 262111.0 16
1717529729248 262460.0 17
1717529731379 262568.0 18
1717529733568 262822.0 19
1717529735631 263055.0 20
1717529737764 263256.0 21
1717529739919 263373.0 22
1717529742069 263485.0 23
1717529744195 263664.0 24
1717529746628 263755.0 25
1717529748863 263919.0 26
1717529750981 264012.0 27
1717529753444 264058.0 28
1717529755500 264056.0 29
1717529757712 264093.0 30
1717529759994 264130.0 31
1717529762208 264224.0 32
1717529764441 264220.0 33
1717529766662 264315.0 34
1717529768724 264283.0 35
1717529771001 264331.0 36
1717529773308 264310.0 37
1717529775519 264314.0 38
1717529777608 264372.0 39
1717529779766 264371.0 40
1717529781812 264398.0 41
1717529783920 264392.0 42
1717529786183 264342.0 43
1717529788318 264452.0 44
1717529790389 264398.0 45
1717529792621 264442.0 46
1717529794764 264435.0 47
1717529797007 264486.0 48
1717529799127 264453.0 49
1717529801254 264471.0 50
1717529803297 264463.0 51
1717529805478 264505.0 52
1717529808305 264543.0 53
1717529810453 265515.0 54
1717529812460 264572.0 55
1717529814512 264575.0 56
1717529816634 264615.0 57
1717529818745 264584.0 58
1717529820877 264617.0 59
1717529822941 264671.0 60
1717529825102 264712.0 61
1717529827287 264712.0 62
1717529829406 264753.0 63
1717529831610 264763.0 64
1717529833719 264982.0 65
1717529835926 264953.0 66
1717529838423 264982.0 67
1717529840519 264951.0 68
1717529842623 264939.0 69
1717529844843 265262.0 70
1717529846935 265148.0 71
1717529849092 265006.0 72
1717529851182 264991.0 73
1717529853346 265078.0 74
1717529855536 265086.0 75
1717529857550 265304.0 76
1717529859719 265125.0 77
1717529861823 265153.0 78
1717529863892 265177.0 79
1717529865995 265238.0 80
1717529868165 265285.0 81
1717529870350 265620.0 82
1717529872498 265082.0 83
1717529874650 265219.0 84
1717529876808 265257.0 85
1717529878974 265272.0 86
1717529881253 265346.0 87
1717529883416 265367.0 88
1717529885691 265378.0 89
1717529887815 265351.0 90
1717529890026 265369.0 91
1717529892043 265363.0 92
1717529894223 265688.0 93
1717529896532 265478.0 94
1717529898713 265562.0 95
1717529900936 265735.0 96
1717529903103 265739.0 97
1717529905353 265833.0 98
1717529907454 265842.0 99
