1717529694341 90199.0 1
1717529696494 82137.0 2
1717529698768 83495.0 3
1717529701008 85426.0 4
1717529703003 87332.0 5
1717529705183 90652.0 6
1717529707327 92600.0 7
1717529709595 93139.0 8
1717529711760 92573.0 9
1717529714137 91876.0 10
1717529716384 91208.0 11
1717529718577 91059.0 12
1717529720721 90823.0 13
1717529722809 90619.0 14
1717529724940 90385.0 15
1717529727044 90221.0 16
1717529729248 89872.0 17
1717529731379 89764.0 18
1717529733568 89510.0 19
1717529735631 89277.0 20
1717529737764 89076.0 21
1717529739919 88959.0 22
1717529742069 88847.0 23
1717529744195 88668.0 24
1717529746628 88577.0 25
1717529748863 88413.0 26
1717529750981 88320.0 27
1717529753444 88274.0 28
1717529755500 88276.0 29
1717529757712 88239.0 30
1717529759994 88202.0 31
1717529762208 88108.0 32
1717529764441 88112.0 33
1717529766662 88017.0 34
1717529768724 88049.0 35
1717529771001 88001.0 36
1717529773308 88022.0 37
1717529775519 88018.0 38
1717529777608 87960.0 39
1717529779766 87961.0 40
1717529781812 87934.0 41
1717529783920 87940.0 42
1717529786183 87990.0 43
1717529788318 87880.0 44
1717529790389 87934.0 45
1717529792621 87890.0 46
1717529794764 87897.0 47
1717529797007 87846.0 48
1717529799127 87879.0 49
1717529801254 87861.0 50
1717529803297 87869.0 51
1717529805478 87827.0 52
1717529808305 87789.0 53
1717529810453 86817.0 54
1717529812460 87760.0 55
1717529814512 87757.0 56
1717529816634 87717.0 57
1717529818745 87748.0 58
1717529820877 87715.0 59
1717529822941 87661.0 60
1717529825102 87620.0 61
1717529827287 87620.0 62
1717529829406 87579.0 63
1717529831610 87569.0 64
1717529833719 87350.0 65
1717529835926 87379.0 66
1717529838423 87350.0 67
1717529840519 87381.0 68
1717529842623 87393.0 69
1717529844843 87070.0 70
1717529846935 87184.0 71
1717529849092 87326.0 72
1717529851182 87341.0 73
1717529853346 87254.0 74
1717529855536 87246.0 75
1717529857550 87028.0 76
1717529859719 87207.0 77
1717529861823 87179.0 78
1717529863892 87155.0 79
1717529865995 87094.0 80
1717529868165 87047.0 81
1717529870350 86712.0 82
1717529872498 87250.0 83
1717529874650 87113.0 84
1717529876808 87075.0 85
1717529878974 87060.0 86
1717529881253 86986.0 87
1717529883416 86965.0 88
1717529885691 86954.0 89
1717529887815 86981.0 90
1717529890026 86963.0 91
1717529892043 86969.0 92
1717529894223 86644.0 93
1717529896532 86854.0 94
1717529898713 86770.0 95
1717529900936 86597.0 96
1717529903103 86593.0 97
1717529905353 86499.0 98
1717529907454 86490.0 99
