1717435004547 70224.0 1
1717435019783 0.0 2
1717435035231 0.0 3
1717435049800 0.0 4
1717435064112 0.0 5
1717435078211 0.0 6
1717435092469 0.0 7
1717435106778 0.0 8
1717435120910 0.0 9
1717435135041 0.0 10
1717435149433 0.0 11
1717435163611 0.0 12
1717435177805 0.0 13
1717435191989 0.0 14
1717435205978 0.0 15
1717435220633 0.0 16
1717435234883 0.0 17
1717435249246 0.0 18
1717435263416 0.0 19
1717435277774 0.0 20
1717435291977 0.0 21
1717435306171 0.0 22
1717435320453 0.0 23
1717435337171 0.0 24
1717435352399 0.0 25
1717435367753 0.0 26
1717435383038 0.0 27
1717435398298 0.0 28
1717435413806 6.0 29
1717435429394 57.0 30
1717435445202 712.0 31
1717435461758 0.0 32
1717435477210 0.0 33
1717435492647 0.0 34
1717435508106 0.0 35
1717435523505 0.0 36
1717435538853 0.0 37
1717435554411 0.0 38
1717435569934 330.0 39
1717435586811 711.0 40
1717435602760 548.0 41
1717435618413 884.0 42
1717435634205 753.0 43
1717435649864 1452.0 44
1717435665566 1396.0 45
1717435681265 1129.0 46
1717435696906 1217.0 47
1717435713159 747.0 48
1717435729114 2512.0 49
1717435744663 1724.0 50
1717435760291 1819.0 51
1717435775886 2274.0 52
1717435791534 1283.0 53
1717435807160 1187.0 54
1717435822666 1161.0 55
1717435838260 1524.0 56
1717435854545 438.0 57
1717435872665 434.0 58
1717435891594 2043.0 59
1717435909148 1946.0 60
1717435925140 1740.0 61
1717435940979 0.0 62
1717435956655 0.0 63
1717435972272 0.0 64
1717435987833 0.0 65
1717436003800 0.0 66
1717436019668 0.0 67
1717436036590 0.0 68
1717436052018 0.0 69
1717436067348 0.0 70
1717436082889 0.0 71
1717436098419 284.0 72
1717436113896 224.0 73
1717436129252 595.0 74
1717436144773 386.0 75
1717436161885 704.0 76
1717436177459 942.0 77
1717436193142 1210.0 78
1717436208834 1072.0 79
1717436224360 1374.0 80
1717436239794 1359.0 81
1717436254079 1548.0 82
1717436268511 1498.0 83
1717436284170 1510.0 84
1717436298530 2010.0 85
1717436313231 1973.0 86
1717436327936 2095.0 87
1717436342176 2382.0 88
1717436356414 2189.0 89
1717436370376 2464.0 90
1717436384431 2306.0 91
1717436398517 2761.0 92
1717436412742 2356.0 93
1717436427005 2790.0 94
1717436441110 2280.0 95
1717436455036 2676.0 96
1717436468987 3042.0 97
1717436483332 2742.0 98
1717436497328 2692.0 99
