1717435004547 0.03320170375397137 1
1717435019783 0.0 2
1717435035231 0.0 3
1717435049800 0.0 4
1717435064112 0.0 5
1717435078211 0.0 6
1717435092469 0.0 7
1717435106778 0.0 8
1717435120910 0.0 9
1717435135041 0.0 10
1717435149433 0.0 11
1717435163611 0.0 12
1717435177805 0.0 13
1717435191989 0.0 14
1717435205978 0.0 15
1717435220633 0.0 16
1717435234883 0.0 17
1717435249246 0.0 18
1717435263416 0.0 19
1717435277774 0.0 20
1717435291977 0.0 21
1717435306171 0.0 22
1717435320453 0.0 23
1717435337171 0.0 24
1717435352399 0.0 25
1717435367753 0.0 26
1717435383038 0.0 27
1717435398298 0.0 28
1717435413806 3.8814602053292445e-05 29
1717435429394 0.0015370033683013674 30
1717435445202 0.009998859568423966 31
1717435461758 0.0 32
1717435477210 0.0 33
1717435492647 0.0 34
1717435508106 0.0 35
1717435523505 0.0 36
1717435538853 0.0 37
1717435554411 0.0 38
1717435569934 0.00648334619273282 39
1717435586811 0.011720773639964308 40
1717435602760 0.011986629616223286 41
1717435618413 0.01374155266839425 42
1717435634205 0.01592535945396029 43
1717435649864 0.023354771631210948 44
1717435665566 0.030265675400632113 45
1717435681265 0.025571938755710975 46
1717435696906 0.026616165176489296 47
1717435713159 0.018071593824106478 48
1717435729114 0.046456516131667736 49
1717435744663 0.034498256664434304 50
1717435760291 0.032492690044516125 51
1717435775886 0.0428324873995478 52
1717435791534 0.02762944970196676 53
1717435807160 0.027528891856804894 54
1717435822666 0.028297779571719667 55
1717435838260 0.030051595179677128 56
1717435854545 0.010848884241331505 57
1717435872665 0.01176072817223495 58
1717435891594 0.040508041833695115 59
1717435909148 0.04033016638801882 60
1717435925140 0.04004648951523882 61
1717435940979 0.0 62
1717435956655 0.0 63
1717435972272 0.0 64
1717435987833 0.0 65
1717436003800 0.0 66
1717436019668 0.0 67
1717436036590 0.0 68
1717436052018 0.0 69
1717436067348 0.0 70
1717436082889 0.0 71
1717436098419 0.004017563507724033 72
1717436113896 0.004019336266362501 73
1717436129252 0.010731199008133402 74
1717436144773 0.01131382092331018 75
1717436161885 0.017387705619552468 76
1717436177459 0.02094990124607236 77
1717436193142 0.025834008775598424 78
1717436208834 0.02479946252052673 79
1717436224360 0.03240906147900308 80
1717436239794 0.031325114324972037 81
1717436254079 0.035515005183665564 82
1717436268511 0.036824916703905225 83
1717436284170 0.03706716238105637 84
1717436298530 0.04527829843412512 85
1717436313231 0.04539733210838475 86
1717436327936 0.048333769752392806 87
1717436342176 0.051635774252011594 88
1717436356414 0.04872106057723524 89
1717436370376 0.052409217289219455 90
1717436384431 0.0508120483779391 91
1717436398517 0.05717354972367651 92
1717436412742 0.05209479608543056 93
1717436427005 0.05742954190539366 94
1717436441110 0.04777175823156955 95
1717436455036 0.05646618916683219 96
1717436468987 0.06282568621461819 97
1717436483332 0.05796237141268755 98
1717436497328 0.056507923856441454 99
