1717435004547 0.033201705664396286 1
1717435019783 0.0 2
1717435035231 0.0 3
1717435049800 0.0 4
1717435064112 0.0 5
1717435078211 0.0 6
1717435092469 0.0 7
1717435106778 0.0 8
1717435120910 0.0 9
1717435135041 0.0 10
1717435149433 0.0 11
1717435163611 0.0 12
1717435177805 0.0 13
1717435191989 0.0 14
1717435205978 0.0 15
1717435220633 0.0 16
1717435234883 0.0 17
1717435249246 0.0 18
1717435263416 0.0 19
1717435277774 0.0 20
1717435291977 0.0 21
1717435306171 0.0 22
1717435320453 0.0 23
1717435337171 0.0 24
1717435352399 0.0 25
1717435367753 0.0 26
1717435383038 0.0 27
1717435398298 0.0 28
1717435413806 3.881459997501224e-05 29
1717435429394 0.0015370033215731382 30
1717435445202 0.009998859837651253 31
1717435461758 0.0 32
1717435477210 0.0 33
1717435492647 0.0 34
1717435508106 0.0 35
1717435523505 0.0 36
1717435538853 0.0 37
1717435554411 0.0 38
1717435569934 0.0064833457581698895 39
1717435586811 0.01172077376395464 40
1717435602760 0.011986629106104374 41
1717435618413 0.013741553761065006 42
1717435634205 0.015925360843539238 43
1717435649864 0.023354772478342056 44
1717435665566 0.030265677720308304 45
1717435681265 0.02557193860411644 46
1717435696906 0.026616167277097702 47
1717435713159 0.018071593716740608 48
1717435729114 0.04645651951432228 49
1717435744663 0.03449825569987297 50
1717435760291 0.03249268978834152 51
1717435775886 0.04283248633146286 52
1717435791534 0.02762944996356964 53
1717435807160 0.02752888947725296 54
1717435822666 0.028297780081629753 55
1717435838260 0.030051596462726593 56
1717435854545 0.010848884470760822 57
1717435872665 0.011760727502405643 58
1717435891594 0.04050804302096367 59
1717435909148 0.04033016413450241 60
1717435925140 0.04004649072885513 61
1717435940979 0.0 62
1717435956655 0.0 63
1717435972272 0.0 64
1717435987833 0.0 65
1717436003800 0.0 66
1717436019668 0.0 67
1717436036590 0.0 68
1717436052018 0.0 69
1717436067348 0.0 70
1717436082889 0.0 71
1717436098419 0.004017563536763191 72
1717436113896 0.004019336309283972 73
1717436129252 0.010731198824942112 74
1717436144773 0.011313820257782936 75
1717436161885 0.01738770678639412 76
1717436177459 0.020949900150299072 77
1717436193142 0.025834009051322937 78
1717436208834 0.024799460545182228 79
1717436224360 0.03240906074643135 80
1717436239794 0.031325116753578186 81
1717436254079 0.03551500663161278 82
1717436268511 0.03682491183280945 83
1717436284170 0.03706716373562813 84
1717436298530 0.04527830332517624 85
1717436313231 0.045397333800792694 86
1717436327936 0.04833377152681351 87
1717436342176 0.051635775715112686 88
1717436356414 0.0487210638821125 89
1717436370376 0.05240921676158905 90
1717436384431 0.05081205070018768 91
1717436398517 0.057173553854227066 92
1717436412742 0.052094798535108566 93
1717436427005 0.057429540902376175 94
1717436441110 0.04777175933122635 95
1717436455036 0.05646618828177452 96
1717436468987 0.06282568722963333 97
1717436483332 0.05796236917376518 98
1717436497328 0.05650792643427849 99
