1717260826971 0.8975856192581513 1
1717260828508 0.04149776402201821 2
1717260830056 0.12779963245396336 3
1717260831578 0.3276390736660148 4
1717260833112 0.4939998031504649 5
1717260834638 0.6483194732785241 6
1717260836167 0.7705607993879607 7
1717260837695 0.9931852953997428 8
1717260839221 0.9662522003573144 9
1717260840760 0.8865703067854667 10
1717260842291 0.7646935495072161 11
1717260843824 0.7477898757182441 12
1717260845369 0.7157816964758389 13
1717260846891 0.6985297576620602 14
1717260848421 0.69214668944182 15
1717260849940 0.6808429093489573 16
1717260851492 0.6743292725047044 17
1717260853021 0.6774795726452542 18
1717260854562 0.6830321499086005 19
1717260856096 0.6865069226283761 20
1717260857612 0.6910226602326978 21
1717260859139 0.6911962309442217 22
1717260860821 0.6954894329055719 23
1717260862857 0.7039185124540241 24
1717260864497 0.717366060394076 25
1717260866038 0.7278546368455897 26
1717260867565 0.7679035384603005 27
1717260869081 0.8105134420828105 28
1717260870622 0.8353576440723351 29
1717260872144 0.8524143635605608 30
1717260873669 0.8660428705756199 31
1717260875219 0.8738953939825386 32
1717260876743 0.8792295128168691 33
1717260878262 0.8812662115422842 34
1717260879795 0.8849812439248811 35
1717260881342 0.8892898575933998 36
1717260882867 0.8901453878683276 37
1717260884406 0.8931668986617787 38
1717260885944 0.8936370959659039 39
1717260887477 0.8954883109948529 40
1717260889006 0.897524117648328 41
1717260890566 0.8977671530867611 42
1717260892107 0.8952170463008818 43
1717260893631 0.8932963022042237 44
1717260895162 0.8932712856392306 45
1717260896679 0.8940386091146967 46
1717260898207 0.8926124826062872 47
1717260899733 0.8906296537613372 48
1717260901270 0.8876584484362572 49
1717260902805 0.8853859603890932 50
1717260904329 0.8842350121986765 51
1717260905881 0.8833297505003699 52
1717260907415 0.8816676908170251 53
1717260908950 0.8774465372379088 54
1717260910481 0.8774684977014419 55
1717260912016 0.8741037261080185 56
1717260913547 0.8737856833812845 57
1717260915076 0.8681202482837104 58
1717260916605 0.8680106273632191 59
1717260918131 0.8652691113313996 60
1717260919669 0.8654903350232438 61
1717260921206 0.8640335277879252 62
1717260922718 0.8642361845507833 63
1717260924242 0.8628146155459532 64
1717260925791 0.8615097105276619 65
1717260927294 0.8598865308864183 66
1717260928811 0.8583844329792272 67
1717260930347 0.8574480118916841 68
1717260931849 0.8558207822504713 69
1717260933346 0.8551969226561433 70
1717260934875 0.8550924779834312 71
1717260936418 0.8512341217401139 72
1717260937936 0.8520651269756534 73
1717260939452 0.8523384658046019 74
1717260940986 0.8510557785949789 75
1717260942511 0.8504216925736416 76
1717260944042 0.8499975427345323 77
1717260945580 0.8498564346814028 78
1717260947105 0.8484885829094888 79
1717260948621 0.8488124182606561 80
1717260950545 0.8482234775312091 81
1717260952226 0.8480667917316634 82
1717260953763 0.8475272936909106 83
1717260955292 0.847659385400027 84
1717260956817 0.8478697473081381 85
1717260958323 0.8471662025056518 86
1717260959839 0.8466587335638744 87
1717260961372 0.8463352435685934 88
1717260962886 0.8460032679317036 89
1717260964414 0.8461191928265279 90
1717260966189 0.8459315982358447 91
1717260967785 0.8459560869871905 92
1717260969311 0.845417110954864 93
1717260970854 0.8449656335161254 94
1717260972391 0.8446502246306743 95
1717260973924 0.8444908929132431 96
1717260975453 0.8440754279626793 97
1717260976986 0.8444400466020595 98
1717260978504 0.8439294471033797 99
