1717260826971 0.8075902357456558 1
1717260828508 0.7308369274680068 2
1717260830056 0.7820228616170017 3
1717260831578 0.8320086794291085 4
1717260833112 0.8437609614986111 5
1717260834638 0.8558841289764898 6
1717260836167 0.8522072216142633 7
1717260837695 0.8305779366573806 8
1717260839221 0.8474151861132359 9
1717260840760 0.8478493547912888 10
1717260842291 0.8375354012403248 11
1717260843824 0.8657997707269575 12
1717260845369 0.8952110506413755 13
1717260846891 0.9023091292396418 14
1717260848421 0.9065151337268714 15
1717260849940 0.9106471136846984 16
1717260851492 0.914525715025318 17
1717260853021 0.9165357386671753 18
1717260854562 0.9175063210547977 19
1717260856096 0.9173256874309851 20
1717260857612 0.9164230136665019 21
1717260859139 0.9164438141235919 22
1717260860821 0.915899638452369 23
1717260862857 0.9147644462245058 24
1717260864497 0.9146631681646252 25
1717260866038 0.9162270499413798 26
1717260867565 0.9122782366787509 27
1717260869081 0.9103762275531733 28
1717260870622 0.9112453898397774 29
1717260872144 0.9114555346147135 30
1717260873669 0.911400259884072 31
1717260875219 0.9119438849923985 32
1717260876743 0.9125198575046981 33
1717260878262 0.9138065048496306 34
1717260879795 0.9144455740758782 35
1717260881342 0.9148693796499895 36
1717260882867 0.91540426380528 37
1717260884406 0.915813852006439 38
1717260885944 0.9164855646080763 39
1717260887477 0.9173841239470097 40
1717260889006 0.9183807283382809 41
1717260890566 0.9197271911732815 42
1717260892107 0.9213480649477878 43
1717260893631 0.9226961215336866 44
1717260895162 0.9237949391508253 45
1717260896679 0.9249906870360971 46
1717260898207 0.9260773252561966 47
1717260899733 0.9268104762155835 48
1717260901270 0.9275041296212372 49
1717260902805 0.9281679198652366 50
1717260904329 0.9287339255085294 51
1717260905881 0.9294808295292182 52
1717260907415 0.9303471373891443 53
1717260908950 0.9313787669848795 54
1717260910481 0.9319612619508238 55
1717260912016 0.9328099029842473 56
1717260913547 0.9333193123625485 57
1717260915076 0.9344486880684556 58
1717260916605 0.9354760378511582 59
1717260918131 0.9369683261592042 60
1717260919669 0.9379090462200903 61
1717260921206 0.938646652615367 62
1717260922718 0.9390985217246912 63
1717260924242 0.9399615023949647 64
1717260925791 0.9405368811709961 65
1717260927294 0.9412444266556771 66
1717260928811 0.9416677610200009 67
1717260930347 0.9423903205519935 68
1717260931849 0.9430331017130418 69
1717260933346 0.9433435297911854 70
1717260934875 0.9437006352812509 71
1717260936418 0.9443753955589976 72
1717260937936 0.9446155217124462 73
1717260939452 0.9448938027944926 74
1717260940986 0.9453770486093956 75
1717260942511 0.9456099178444433 76
1717260944042 0.9461774992113983 77
1717260945580 0.9465303630666017 78
1717260947105 0.9472570297498035 79
1717260948621 0.9474814688430122 80
1717260950545 0.9477738046952273 81
1717260952226 0.9480110538194189 82
1717260953763 0.9483371743849818 83
1717260955292 0.9486416980793123 84
1717260956817 0.9486408560651948 85
1717260958323 0.9489134844070092 86
1717260959839 0.9493780998164537 87
1717260961372 0.9494654770710552 88
1717260962886 0.9496838081372924 89
1717260964414 0.9497961570740908 90
1717260966189 0.9498816243516797 91
1717260967785 0.9501030317883113 92
1717260969311 0.950400077673976 93
1717260970854 0.950534988916566 94
1717260972391 0.9508625874377865 95
1717260973924 0.9507864298919588 96
1717260975453 0.9511013893850386 97
1717260976986 0.951224719284582 98
1717260978504 0.951252485273479 99
