1717260826971 0.06485220789909363 1
1717260828508 0.31680649518966675 2
1717260830056 0.31399616599082947 3
1717260831578 0.3170114755630493 4
1717260833112 0.32203102111816406 5
1717260834638 0.35396111011505127 6
1717260836167 0.3039490878582001 7
1717260837695 0.23973597586154938 8
1717260839221 0.3661402761936188 9
1717260840760 0.36717090010643005 10
1717260842291 0.3201305568218231 11
1717260843824 0.3984731435775757 12
1717260845369 0.4534406065940857 13
1717260846891 0.4604071378707886 14
1717260848421 0.4662315249443054 15
1717260849940 0.46849536895751953 16
1717260851492 0.47162845730781555 17
1717260853021 0.47698739171028137 18
1717260854562 0.48136773705482483 19
1717260856096 0.48237845301628113 20
1717260857612 0.483317494392395 21
1717260859139 0.48387062549591064 22
1717260860821 0.4853256940841675 23
1717260862857 0.4875878393650055 24
1717260864497 0.49422410130500793 25
1717260866038 0.5028112530708313 26
1717260867565 0.5188658833503723 27
1717260869081 0.5422106385231018 28
1717260870622 0.5623398423194885 29
1717260872144 0.5767412185668945 30
1717260873669 0.5875242948532104 31
1717260875219 0.5957939028739929 32
1717260876743 0.6021221280097961 33
1717260878262 0.6076430678367615 34
1717260879795 0.6128035187721252 35
1717260881342 0.6177398562431335 36
1717260882867 0.6199743151664734 37
1717260884406 0.624118447303772 38
1717260885944 0.6264050602912903 39
1717260887477 0.6306663751602173 40
1717260889006 0.6355161666870117 41
1717260890566 0.6395745873451233 42
1717260892107 0.6415640711784363 43
1717260893631 0.6435745358467102 44
1717260895162 0.6466925740242004 45
1717260896679 0.6510226726531982 46
1717260898207 0.6527941226959229 47
1717260899733 0.6530436277389526 48
1717260901270 0.651848554611206 49
1717260902805 0.6513956785202026 50
1717260904329 0.6517994999885559 51
1717260905881 0.6528444290161133 52
1717260907415 0.6534212231636047 53
1717260908950 0.6517543792724609 54
1717260910481 0.652951180934906 55
1717260912016 0.6520060896873474 56
1717260913547 0.6529417634010315 57
1717260915076 0.6508087515830994 58
1717260916605 0.6533579230308533 59
1717260918131 0.6544798612594604 60
1717260919669 0.6566849946975708 61
1717260921206 0.656972348690033 62
1717260922718 0.6583796143531799 63
1717260924242 0.6589103937149048 64
1717260925791 0.6588696837425232 65
1717260927294 0.6590257287025452 66
1717260928811 0.6585890650749207 67
1717260930347 0.6591964364051819 68
1717260931849 0.6593015193939209 69
1717260933346 0.6593341827392578 70
1717260934875 0.659727931022644 71
1717260936418 0.6578087210655212 72
1717260937936 0.6589897274971008 73
1717260939452 0.6598427891731262 74
1717260940986 0.6597539782524109 75
1717260942511 0.65968918800354 76
1717260944042 0.6603273749351501 77
1717260945580 0.6608158946037292 78
1717260947105 0.661027193069458 79
1717260948621 0.6617231965065002 80
1717260950545 0.6618172526359558 81
1717260952226 0.6621455550193787 82
1717260953763 0.662232518196106 83
1717260955292 0.6630082726478577 84
1717260956817 0.6632119417190552 85
1717260958323 0.6629457473754883 86
1717260959839 0.6634956002235413 87
1717260961372 0.6634175777435303 88
1717260962886 0.6635033488273621 89
1717260964414 0.6638421416282654 90
1717260966189 0.6638030409812927 91
1717260967785 0.6642366051673889 92
1717260969311 0.6643074154853821 93
1717260970854 0.6641446352005005 94
1717260972391 0.6646931767463684 95
1717260973924 0.6643509268760681 96
1717260975453 0.6645365953445435 97
1717260976986 0.665086567401886 98
1717260978504 0.6646553874015808 99
