1717462996050 0.7353425959763503 1
1717463004997 0.7769083060515664 2
1717463013921 0.7991778286715846 3
1717463022826 0.8165232413985729 4
1717463031787 0.8316198306411299 5
1717463040682 0.8437871225210317 6
1717463049641 0.8539524853817326 7
1717463058591 0.8600978305295047 8
1717463067533 0.8642717242087433 9
1717463076467 0.8673877434711905 10
1717463085395 0.8702459493173953 11
1717463094347 0.8726478458389922 12
1717463103249 0.874995367266121 13
1717463112215 0.8773169898315779 14
1717463121300 0.8794743182800797 15
1717463130278 0.8813688278541318 16
1717463139197 0.883269686216866 17
1717463148182 0.8846301996570566 18
1717463157081 0.8862532432171658 19
1717463166015 0.8873588928630312 20
1717463174969 0.8886927316342002 21
1717463183959 0.8895772430114502 22
1717463192924 0.8906545974901816 23
1717463201866 0.8913303402699264 24
1717463210800 0.8921246239412144 25
1717463219791 0.8927730549989429 26
1717463228744 0.8933519165478585 27
1717463237679 0.8939707124972195 28
1717463246695 0.8944288760507471 29
1717463255744 0.8950276055357893 30
1717463264765 0.8955100032994286 31
1717463273785 0.895948547841378 32
1717463282694 0.8963364520708257 33
1717463291612 0.8967740449183166 34
1717463300550 0.8971384947715227 35
1717463309517 0.8973826341172868 36
1717463318436 0.8976239518201448 37
1717463327359 0.8980198312968598 38
1717463336313 0.8983647374773465 39
1717463345300 0.8986714662877554 40
1717463354486 0.8989086933455913 41
1717463363345 0.8991779721574026 42
1717463372145 0.899436066414739 43
1717463381009 0.8998517194836325 44
1717463389763 0.8999466786272878 45
1717463398558 0.9001616258589251 46
1717463407328 0.9004107899542524 47
1717463416164 0.9006912062943614 48
1717463424979 0.9008368843274637 49
1717463433739 0.9010168388086395 50
1717463442501 0.9011916786862206 51
1717463451303 0.9013132853353527 52
1717463460009 0.9014788911291094 53
1717463468755 0.9017524544260025 54
1717463477496 0.9020404184703712 55
1717463486321 0.9019847611368667 56
1717463497529 0.9023001609260837 57
1717463506654 0.902588390136304 58
1717463515654 0.9027258268359868 59
1717463524611 0.9028846904269845 60
1717463533546 0.9030590667951197 61
1717463542553 0.9034006742484885 62
1717463551736 0.9033689629001722 63
1717463561261 0.9036851738511471 64
1717463570350 0.9035964345461053 65
1717463579474 0.9037988261856496 66
1717463588552 0.904105592477884 67
1717463597689 0.9041917791576811 68
1717463606791 0.9042175530724079 69
1717463615833 0.9044164868851446 70
1717463624865 0.9045015777997873 71
1717463634021 0.9047236981540719 72
1717463643204 0.9045838361658971 73
1717463652390 0.9047793906600371 74
1717463661255 0.904914020000928 75
1717463670018 0.9050427957899486 76
1717463678783 0.9052422112059167 77
1717463687546 0.9054525022750829 78
1717463696304 0.905505941011336 79
1717463705064 0.9055918374741218 80
1717463713842 0.9056039345079936 81
1717463722607 0.9057420459142372 82
1717463731361 0.905808623178505 83
1717463740086 0.9059453670243833 84
1717463748817 0.9059610081697509 85
1717463757597 0.9060444403979465 86
1717463766501 0.9061269787756009 87
1717463775262 0.9061766728139569 88
1717463784004 0.9062857456024976 89
1717463792766 0.9062809820999014 90
1717463801527 0.9065155756989957 91
1717463810283 0.9066230814289337 92
1717463819096 0.9066938197504357 93
1717463827855 0.9068100939368482 94
1717463836619 0.9069421917304427 95
1717463845404 0.9069634182364174 96
1717463854229 0.9071862432918116 97
1717463863101 0.9072072815197743 98
1717463871856 0.9073609879764084 99
