1717445560750 0.6129051446914673 1
1717445565245 0.413841187953949 2
1717445569594 0.3846403956413269 3
1717445573960 0.36601197719573975 4
1717445578270 0.34870657324790955 5
1717445582596 0.32639819383621216 6
1717445586895 0.3415537476539612 7
1717445591343 0.2915530204772949 8
1717445595716 0.29237255454063416 9
1717445600801 0.3120681047439575 10
1717445605326 0.2934359610080719 11
1717445609731 0.2870972156524658 12
1717445614167 0.307627409696579 13
1717445618705 0.29699426889419556 14
1717445623231 0.2639332711696625 15
1717445627550 0.22805626690387726 16
1717445632148 0.2178320586681366 17
1717445636959 0.2112235128879547 18
1717445641511 0.2354094684123993 19
1717445645978 0.2018871009349823 20
1717445650511 0.2135271430015564 21
1717445655058 0.22009629011154175 22
1717445659549 0.20289015769958496 23
1717445664009 0.1806471347808838 24
1717445668499 0.18252629041671753 25
1717445673140 0.17375093698501587 26
1717445677777 0.17141148447990417 27
1717445682259 0.17887088656425476 28
1717445686736 0.1678134649991989 29
1717445691238 0.15373723208904266 30
1717445695687 0.19214580953121185 31
1717445700196 0.23675107955932617 32
1717445704640 0.18062390387058258 33
1717445709128 0.1826045960187912 34
1717445713576 0.15820245444774628 35
1717445718051 0.15536849200725555 36
1717445723109 0.15104961395263672 37
1717445728388 0.15270087122917175 38
1717445732938 0.165090873837471 39
1717445737573 0.152288556098938 40
1717445742107 0.1439685821533203 41
1717445746677 0.14294955134391785 42
1717445751258 0.15956540405750275 43
1717445755790 0.15731310844421387 44
1717445760341 0.1579151600599289 45
1717445764977 0.14021340012550354 46
1717445769778 0.15500077605247498 47
1717445774322 0.2440449297428131 48
1717445778808 0.45665276050567627 49
1717445783310 0.31821921467781067 50
1717445787908 0.3152838945388794 51
1717445792454 0.2588905096054077 52
1717445797008 0.21059128642082214 53
1717445801546 0.18411937355995178 54
1717445806080 0.18632350862026215 55
1717445810600 0.19562120735645294 56
1717445815130 0.19860421121120453 57
1717445819554 0.16987888514995575 58
1717445824006 0.16820652782917023 59
1717445828505 0.15189673006534576 60
1717445833038 0.1518031507730484 61
1717445837562 0.14586403965950012 62
1717445842124 0.15048936009407043 63
1717445846713 0.14399054646492004 64
1717445851949 0.14464449882507324 65
1717445856506 0.13878776133060455 66
1717445860993 0.15158209204673767 67
1717445865532 0.14463171362876892 68
1717445870143 0.14977921545505524 69
1717445874709 0.13397933542728424 70
1717445879183 0.14760644733905792 71
1717445883724 0.14523614943027496 72
1717445888447 0.13042223453521729 73
1717445893011 0.1287083923816681 74
1717445897508 0.14335311949253082 75
1717445902124 0.14387111365795135 76
1717445906617 0.15143071115016937 77
1717445911118 0.14116698503494263 78
1717445915571 0.12586680054664612 79
1717445920038 0.12822169065475464 80
1717445924487 0.129854217171669 81
1717445928928 0.15204866230487823 82
1717445933652 0.29692456126213074 83
1717445938557 0.26592308282852173 84
1717445943095 0.2149011343717575 85
1717445947614 0.17670902609825134 86
1717445952178 0.17517095804214478 87
1717445956712 0.14027220010757446 88
1717445961205 0.1430317461490631 89
1717445965733 0.13437005877494812 90
1717445970326 0.13440118730068207 91
1717445975586 0.1278824806213379 92
1717445980135 0.1533222794532776 93
1717445984697 0.1362895667552948 94
1717445989186 0.13043144345283508 95
1717445993795 0.13726374506950378 96
1717445998411 0.13477854430675507 97
1717446003022 0.12069500982761383 98
1717446007655 0.11825905740261078 99
