1717445560750 0.10010223090648651 1
1717445565245 0.021432483568787575 2
1717445569594 0.07175255566835403 3
1717445573960 0.16750994324684143 4
1717445578270 0.23284856975078583 5
1717445582596 0.33928388357162476 6
1717445586895 0.2626793086528778 7
1717445591343 0.4292040467262268 8
1717445595716 0.43538928031921387 9
1717445600801 0.46913957595825195 10
1717445605326 0.4347156882286072 11
1717445609731 0.4794089198112488 12
1717445614167 0.4382858872413635 13
1717445618705 0.4113236963748932 14
1717445623231 0.5324779152870178 15
1717445627550 0.5599568486213684 16
1717445632148 0.5776113867759705 17
1717445636959 0.6293652653694153 18
1717445641511 0.6037797331809998 19
1717445645978 0.6331866383552551 20
1717445650511 0.6465545296669006 21
1717445655058 0.631930947303772 22
1717445659549 0.6594642400741577 23
1717445664009 0.7133169174194336 24
1717445668499 0.7143064141273499 25
1717445673140 0.7286938428878784 26
1717445677777 0.723271369934082 27
1717445682259 0.7116489410400391 28
1717445686736 0.754549503326416 29
1717445691238 0.7755502462387085 30
1717445695687 0.7004464864730835 31
1717445700196 0.5909146666526794 32
1717445704640 0.7192735075950623 33
1717445709128 0.7134320139884949 34
1717445713576 0.7579552531242371 35
1717445718051 0.7579726576805115 36
1717445723109 0.7777818441390991 37
1717445728388 0.7639034986495972 38
1717445732938 0.7220563888549805 39
1717445737573 0.7613821029663086 40
1717445742107 0.7672470808029175 41
1717445746677 0.7796303033828735 42
1717445751258 0.7558455467224121 43
1717445755790 0.7594838738441467 44
1717445760341 0.7522606253623962 45
1717445764977 0.7894834876060486 46
1717445769778 0.7698836922645569 47
1717445774322 0.6318891048431396 48
1717445778808 0.29243627190589905 49
1717445783310 0.45207563042640686 50
1717445787908 0.43859490752220154 51
1717445792454 0.567166268825531 52
1717445797008 0.6561286449432373 53
1717445801546 0.7191463708877563 54
1717445806080 0.702920138835907 55
1717445810600 0.7045958042144775 56
1717445815130 0.6803997755050659 57
1717445819554 0.7441602945327759 58
1717445824006 0.7343753576278687 59
1717445828505 0.7717105746269226 60
1717445833038 0.7807961702346802 61
1717445837562 0.7732649445533752 62
1717445842124 0.7794384956359863 63
1717445846713 0.7820056676864624 64
1717445851949 0.7859797477722168 65
1717445856506 0.7971315383911133 66
1717445860993 0.769358217716217 67
1717445865532 0.7709598541259766 68
1717445870143 0.7855375409126282 69
1717445874709 0.8022089600563049 70
1717445879183 0.7651209831237793 71
1717445883724 0.7796589732170105 72
1717445888447 0.8011404871940613 73
1717445893011 0.8013670444488525 74
1717445897508 0.7796093821525574 75
1717445902124 0.779093325138092 76
1717445906617 0.7617024779319763 77
1717445911118 0.7835384607315063 78
1717445915571 0.8140048384666443 79
1717445920038 0.8081941604614258 80
1717445924487 0.7992991805076599 81
1717445928928 0.7593626976013184 82
1717445933652 0.5955889225006104 83
1717445938557 0.5726840496063232 84
1717445943095 0.6449189782142639 85
1717445947614 0.7386544346809387 86
1717445952178 0.7119395732879639 87
1717445956712 0.7877424955368042 88
1717445961205 0.7786328792572021 89
1717445965733 0.7974309921264648 90
1717445970326 0.7973185777664185 91
1717445975586 0.8134565949440002 92
1717445980135 0.756557822227478 93
1717445984697 0.7970532178878784 94
1717445989186 0.8017632961273193 95
1717445993795 0.7919806838035583 96
1717445998411 0.7882687449455261 97
1717446003022 0.8300783038139343 98
1717446007655 0.8321590423583984 99
