1717445560750 0.08516899254854002 1
1717445565245 0.7432432432432432 2
1717445569594 0.4648982894128525 3
1717445573960 0.5088173923759346 4
1717445578270 0.7325033144209045 5
1717445582596 0.6515406816539674 6
1717445586895 0.5588630559323312 7
1717445591343 0.7071178837604053 8
1717445595716 0.7268027594705669 9
1717445600801 0.6332654043985282 10
1717445605326 0.7785828078832739 11
1717445609731 0.6913503186874659 12
1717445614167 0.7057434727223953 13
1717445618705 0.7688927400160894 14
1717445623231 0.6700046601987362 15
1717445627550 0.7958785176197901 16
1717445632148 0.8023940263567563 17
1717445636959 0.7861778222615607 18
1717445641511 0.7539085003646908 19
1717445645978 0.806260471017793 20
1717445650511 0.7625858154589116 21
1717445655058 0.7547449628734617 22
1717445659549 0.774682720873886 23
1717445664009 0.812017750277516 24
1717445668499 0.8000883243337149 25
1717445673140 0.814217538144218 26
1717445677777 0.8215332610802482 27
1717445682259 0.7863599658179489 28
1717445686736 0.8175366120575142 29
1717445691238 0.8505650824035804 30
1717445695687 0.7786388007681421 31
1717445700196 0.7335376036534698 32
1717445704640 0.7798835229253975 33
1717445709128 0.8033836524631224 34
1717445713576 0.832398074039021 35
1717445718051 0.7915181564517068 36
1717445723109 0.8218385715047924 37
1717445728388 0.8239837507109691 38
1717445732938 0.8128904868707721 39
1717445737573 0.8224536394010332 40
1717445742107 0.8313234203695719 41
1717445746677 0.8371555288225356 42
1717445751258 0.7868469302950379 43
1717445755790 0.8015741834726059 44
1717445760341 0.7924757048750755 45
1717445764977 0.839663948136679 46
1717445769778 0.820154551730875 47
1717445774322 0.7386690569848953 48
1717445778808 0.48500099041326544 49
1717445783310 0.6678636701894796 50
1717445787908 0.6830181571408661 51
1717445792454 0.735469017963506 52
1717445797008 0.7712966297898803 53
1717445801546 0.7807395978876731 54
1717445806080 0.8053690384289319 55
1717445810600 0.7775125169910222 56
1717445815130 0.8004120073909207 57
1717445819554 0.8215675584732638 58
1717445824006 0.8050571209034899 59
1717445828505 0.8230055096048561 60
1717445833038 0.8283261257744584 61
1717445837562 0.8275072654535967 62
1717445842124 0.8233089946901757 63
1717445846713 0.8249307263742759 64
1717445851949 0.8334244701838821 65
1717445856506 0.8562006591796056 66
1717445860993 0.8326767061197649 67
1717445865532 0.8342762483075737 68
1717445870143 0.8261392564767749 69
1717445874709 0.8524930144302019 70
1717445879183 0.82365098198111 71
1717445883724 0.8331464378424734 72
1717445888447 0.8507136426967908 73
1717445893011 0.8629805006175855 74
1717445897508 0.8467648040975951 75
1717445902124 0.8402341834797644 76
1717445906617 0.8066361767260295 77
1717445911118 0.8194109707672818 78
1717445915571 0.8636407435413143 79
1717445920038 0.8450988327711543 80
1717445924487 0.8445983195286837 81
1717445928928 0.8049585117027472 82
1717445933652 0.7033105366004111 83
1717445938557 0.7433220382014485 84
1717445943095 0.7708475296059973 85
1717445947614 0.7953460997970689 86
1717445952178 0.8106655151917417 87
1717445956712 0.8381939029171795 88
1717445961205 0.8342620276445312 89
1717445965733 0.8376296928772989 90
1717445970326 0.8443214975588565 91
1717445975586 0.8579722259062393 92
1717445980135 0.8171970625530025 93
1717445984697 0.8376307262512457 94
1717445989186 0.8543038817153218 95
1717445993795 0.8274136569976017 96
1717445998411 0.8290581633910269 97
1717446003022 0.8709653426467833 98
1717446007655 0.8888820856960684 99
