1717244571953 138028.0 1
1717244575880 125536.0 2
1717244579857 118078.0 3
1717244583969 112365.0 4
1717244588072 109805.0 5
1717244592234 106978.0 6
1717244596305 106996.0 7
1717244600649 104116.0 8
1717244604731 103234.0 9
1717244608792 102688.0 10
1717244612924 102331.0 11
1717244617075 102363.0 12
1717244621352 101467.0 13
1717244625497 101089.0 14
1717244629655 100532.0 15
1717244633958 101015.0 16
1717244638139 100099.0 17
1717244642352 100539.0 18
1717244646532 100271.0 19
1717244650723 99847.0 20
1717244654913 100012.0 21
1717244659194 99526.0 22
1717244663409 99457.0 23
1717244667614 98969.0 24
1717244671816 98903.0 25
1717244676023 98289.0 26
1717244680449 98887.0 27
1717244684697 98763.0 28
1717244688896 98425.0 29
1717244693058 98493.0 30
1717244697295 98161.0 31
1717244701356 97659.0 32
1717244705525 98076.0 33
1717244709682 97824.0 34
1717244713890 97212.0 35
1717244718137 97122.0 36
1717244722490 97895.0 37
1717244726804 97497.0 38
1717244730932 97465.0 39
1717244735050 96843.0 40
1717244739232 97450.0 41
1717244743530 96974.0 42
1717244747684 96775.0 43
1717244751858 97115.0 44
1717244756053 97932.0 45
1717244760246 106138.0 46
1717244764409 100287.0 47
1717244768562 98808.0 48
1717244772865 98532.0 49
1717244777018 97588.0 50
1717244781207 97250.0 51
1717244785432 97474.0 52
1717244789625 97789.0 53
1717244793852 96941.0 54
1717244798015 98091.0 55
1717244802253 96735.0 56
1717244806543 96761.0 57
1717244810800 97711.0 58
1717244814983 97418.0 59
1717244819346 96885.0 60
1717244823565 97279.0 61
1717244827707 96556.0 62
1717244831907 97017.0 63
1717244836071 96872.0 64
1717244840288 95807.0 65
1717244844558 96509.0 66
1717244848798 96979.0 67
1717244853156 96617.0 68
1717244857339 97009.0 69
1717244861486 96101.0 70
1717244865698 96216.0 71
1717244869863 96384.0 72
1717244874077 95592.0 73
1717244878253 96222.0 74
1717244882486 96752.0 75
1717244886746 96887.0 76
1717244890969 96544.0 77
1717244895143 96466.0 78
1717244899386 97147.0 79
1717244903615 96195.0 80
1717244907841 96595.0 81
1717244912083 96748.0 82
1717244916343 96824.0 83
1717244920505 96089.0 84
1717244924768 96641.0 85
1717244928977 96423.0 86
1717244933261 96004.0 87
1717244937520 96410.0 88
1717244941766 96278.0 89
1717244946041 96957.0 90
1717244950295 96569.0 91
1717244954521 96057.0 92
1717244958669 96333.0 93
1717244962940 96322.0 94
1717244967193 96412.0 95
1717244971361 96904.0 96
1717244975717 97698.0 97
1717244979944 96858.0 98
1717244984221 97126.0 99
