1717244571953 355562.0 1
1717244575880 368054.0 2
1717244579857 375512.0 3
1717244583969 381225.0 4
1717244588072 383785.0 5
1717244592234 386612.0 6
1717244596305 386594.0 7
1717244600649 389474.0 8
1717244604731 390356.0 9
1717244608792 390902.0 10
1717244612924 391259.0 11
1717244617075 391227.0 12
1717244621352 392123.0 13
1717244625497 392501.0 14
1717244629655 393058.0 15
1717244633958 392575.0 16
1717244638139 393491.0 17
1717244642352 393051.0 18
1717244646532 393319.0 19
1717244650723 393743.0 20
1717244654913 393578.0 21
1717244659194 394064.0 22
1717244663409 394133.0 23
1717244667614 394621.0 24
1717244671816 394687.0 25
1717244676023 395301.0 26
1717244680449 394703.0 27
1717244684697 394827.0 28
1717244688896 395165.0 29
1717244693058 395097.0 30
1717244697295 395429.0 31
1717244701356 395931.0 32
1717244705525 395514.0 33
1717244709682 395766.0 34
1717244713890 396378.0 35
1717244718137 396468.0 36
1717244722490 395695.0 37
1717244726804 396093.0 38
1717244730932 396125.0 39
1717244735050 396747.0 40
1717244739232 396140.0 41
1717244743530 396616.0 42
1717244747684 396815.0 43
1717244751858 396475.0 44
1717244756053 395658.0 45
1717244760246 387452.0 46
1717244764409 393303.0 47
1717244768562 394782.0 48
1717244772865 395058.0 49
1717244777018 396002.0 50
1717244781207 396340.0 51
1717244785432 396116.0 52
1717244789625 395801.0 53
1717244793852 396649.0 54
1717244798015 395499.0 55
1717244802253 396855.0 56
1717244806543 396829.0 57
1717244810800 395879.0 58
1717244814983 396172.0 59
1717244819346 396705.0 60
1717244823565 396311.0 61
1717244827707 397034.0 62
1717244831907 396573.0 63
1717244836071 396718.0 64
1717244840288 397783.0 65
1717244844558 397081.0 66
1717244848798 396611.0 67
1717244853156 396973.0 68
1717244857339 396581.0 69
1717244861486 397489.0 70
1717244865698 397374.0 71
1717244869863 397206.0 72
1717244874077 397998.0 73
1717244878253 397368.0 74
1717244882486 396838.0 75
1717244886746 396703.0 76
1717244890969 397046.0 77
1717244895143 397124.0 78
1717244899386 396443.0 79
1717244903615 397395.0 80
1717244907841 396995.0 81
1717244912083 396842.0 82
1717244916343 396766.0 83
1717244920505 397501.0 84
1717244924768 396949.0 85
1717244928977 397167.0 86
1717244933261 397586.0 87
1717244937520 397180.0 88
1717244941766 397312.0 89
1717244946041 396633.0 90
1717244950295 397021.0 91
1717244954521 397533.0 92
1717244958669 397257.0 93
1717244962940 397268.0 94
1717244967193 397178.0 95
1717244971361 396686.0 96
1717244975717 395892.0 97
1717244979944 396732.0 98
1717244984221 396464.0 99
