1717579755369 0.3735967405608429 1
1717579760718 0.3924108228197689 2
1717579766008 0.3980747544667401 3
1717579771250 0.4022540075084333 4
1717579776675 0.41005157342641013 5
1717579781778 0.41717724945916684 6
1717579787047 0.42241447973951574 7
1717579792585 0.4260109679069619 8
1717579797670 0.42853278696311076 9
1717579803267 0.4304845275754951 10
1717579808353 0.4321460428927293 11
1717579813752 0.4335732251713519 12
1717579819082 0.4349177935301272 13
1717579824615 0.4356022276798719 14
1717579830455 0.4364202216430371 15
1717579836098 0.43744823277208456 16
1717579841644 0.4382378427498382 17
1717579846744 0.43898215245880184 18
1717579852716 0.4398353437752679 19
1717579858261 0.44101526563587223 20
1717579864059 0.4420217106775619 21
1717579870231 0.4427954425418556 22
1717579876230 0.44420942344588754 23
1717579882441 0.44521589974445913 24
1717579888776 0.4457449455865534 25
1717579895507 0.4466925183244548 26
1717579901322 0.4475194468567254 27
1717579906717 0.4482090614740993 28
1717579912297 0.44918028720764214 29
1717579918254 0.44993410840918346 30
1717579924266 0.4510932469882631 31
1717579930197 0.45232261969796167 32
1717579935870 0.4534695526158615 33
1717579941557 0.45435600976335777 34
1717579948563 0.45548781670513405 35
1717579954005 0.45611672422588895 36
1717579959880 0.457198089408642 37
1717579965843 0.4579187447470167 38
1717579971772 0.4584631900522215 39
1717579977534 0.45930134657414323 40
1717579982989 0.4599172221910373 41
1717579988926 0.46055510745051703 42
1717579993846 0.46139778870229536 43
1717579999157 0.46242826957790967 44
1717580004933 0.46312883110750247 45
