1717579755369 0.5258061574301869 1
1717579760718 0.5501607625933428 2
1717579766008 0.5559716696211389 3
1717579771250 0.5604151703450252 4
1717579776675 0.5677919945552827 5
1717579781778 0.5743890095325611 6
1717579787047 0.5790259118281663 7
1717579792585 0.582344729706746 8
1717579797670 0.5846946825633584 9
1717579803267 0.586606946997588 10
1717579808353 0.5880949297673074 11
1717579813752 0.589430636371036 12
1717579819082 0.5905890577455566 13
1717579824615 0.5911429004635647 14
1717579830455 0.5918643946492957 15
1717579836098 0.592854615841165 16
1717579841644 0.5934889520798329 17
1717579846744 0.5940663789962465 18
1717579852716 0.594811552828015 19
1717579858261 0.5957952329844908 20
1717579864059 0.5966699966752427 21
1717579870231 0.5973037302160338 22
1717579876230 0.5986154120845292 23
1717579882441 0.5995281502168369 24
1717579888776 0.5998942694746633 25
1717579895507 0.6007959925831948 26
1717579901322 0.601554004441 27
1717579906717 0.6021486925480637 28
1717579912297 0.6030495383025248 29
1717579918254 0.6038015244009016 30
1717579924266 0.6048168389794896 31
1717579930197 0.6058801091964681 32
1717579935870 0.6068540022451634 33
1717579941557 0.6077111168291998 34
1717579948563 0.6087598974088794 35
1717579954005 0.6092940222150609 36
1717579959880 0.6102343203504595 37
1717579965843 0.6108682717834406 38
1717579971772 0.6113109167336821 39
1717579977534 0.6121603864136521 40
1717579982989 0.6126853933660265 41
1717579988926 0.6133186634085422 42
1717579993846 0.6141021195430882 43
1717579999157 0.6150017352656052 44
1717580004933 0.615580160009782 45
