1717245460005 0.6514399651267849 1
1717245472933 0.7409978163480623 2
1717245485939 0.8107275419396064 3
1717245498199 0.8441572505712438 4
1717245510989 0.8718138500916904 5
1717245523791 0.8883943210440374 6
1717245536632 0.8989396924045164 7
1717245549439 0.9067337134250341 8
1717245562331 0.9122410604765337 9
1717245574802 0.9228247962585657 10
1717245587614 0.9272281877786795 11
1717245600964 0.9294970557374935 12
1717245613842 0.9341178720027935 13
1717245626536 0.9326580962394472 14
1717245639422 0.935066409148452 15
1717245652158 0.9397386028469072 16
1717245664884 0.9404776187941973 17
1717245677540 0.9438240669897503 18
1717245690372 0.9475543723393725 19
1717245703499 0.949910463397294 20
1717245716312 0.9522786072735236 21
1717245729779 0.9503820080626683 22
1717245742494 0.9514073935810881 23
1717245755273 0.9540089788220802 24
1717245767979 0.9574943779753995 25
1717245780799 0.9581881492763834 26
1717245793766 0.9538904663787906 27
1717245806538 0.949280324404557 28
1717245819075 0.9547756146146661 29
1717245832136 0.958906260493224 30
1717245844940 0.9620445667495147 31
1717245858235 0.9648183551338143 32
1717245870887 0.9629666300257104 33
1717245883724 0.965476642198868 34
1717245896188 0.9661557334342469 35
1717245908861 0.9658087262072553 36
1717245921260 0.9536185317326368 37
1717245933620 0.9590480919700932 38
1717245946272 0.9677358979009724 39
1717245959238 0.9709463978906582 40
1717245971974 0.9727659089410788 41
1717245985584 0.9732457808095216 42
1717245998345 0.971314322383005 43
1717246010996 0.9711991422953654 44
1717246023540 0.9734982718374202 45
1717246036266 0.9760628331445987 46
1717246049066 0.9761817767529248 47
1717246062039 0.9777150614374215 48
1717246074409 0.9789479264115544 49
1717246086875 0.9786447244084018 50
1717246099947 0.9729479659834475 51
1717246112602 0.9642774945055789 52
1717246124944 0.9587388425281054 53
1717246138110 0.9692087455034201 54
1717246150538 0.9769615327163005 55
1717246163074 0.9783178982931884 56
1717246175074 0.9809215912783243 57
1717246187991 0.9811162334662442 58
1717246200559 0.9824140128201139 59
1717246213004 0.9781695897326753 60
1717246226187 0.9816010294636065 61
1717246239057 0.9842358345268162 62
1717246251541 0.9845403458560615 63
1717246263922 0.9847465788560198 64
1717246276295 0.9827465773042424 65
1717246288789 0.973376832230314 66
1717246301641 0.9758434183795344 67
1717246313897 0.9670459390232236 68
1717246326594 0.9708291309815721 69
1717246338873 0.977903551798794 70
1717246351784 0.9804346643063253 71
1717246364542 0.9840452749600973 72
1717246377425 0.984734840112735 73
1717246389745 0.9856626363681932 74
1717246402264 0.9868183228701268 75
1717246414979 0.9873244561068155 76
1717246427934 0.9870957895491961 77
1717246440811 0.9872039339790527 78
1717246453245 0.9799573264096566 79
1717246466096 0.9722170483784328 80
1717246479905 0.9819076071720728 81
1717246492247 0.9836278813780224 82
1717246504781 0.9859920281456672 83
1717246517523 0.9863341277461023 84
1717246530234 0.987346916214785 85
1717246542841 0.988754338079736 86
1717246555580 0.9892439045835877 87
1717246568072 0.9897701185494876 88
1717246580762 0.9899764604647386 89
1717246593737 0.9901325933047752 90
1717246606995 0.9811221017659034 91
1717246619346 0.9647264483248295 92
1717246631920 0.9701464090948116 93
1717246644610 0.9804995313517365 94
1717246657459 0.9842120236001438 95
1717246669806 0.9872081665430538 96
1717246682434 0.988641521050797 97
1717246694974 0.9895280849153364 98
1717246707481 0.9903316868152642 99
