1717245460005 0.9492791393102281 1
1717245472933 0.973185075123743 2
1717245485939 0.9844530944287703 3
1717245498199 0.9878887238322416 4
1717245510989 0.9907241207356478 5
1717245523791 0.9924645306184369 6
1717245536632 0.9932408734175323 7
1717245549439 0.9941827804700673 8
1717245562331 0.9950039966991898 9
1717245574802 0.996048604621383 10
1717245587614 0.9969738249676171 11
1717245600964 0.9967322773375566 12
1717245613842 0.9971771070812321 13
1717245626536 0.9970679659318632 14
1717245639422 0.9970300792631543 15
1717245652158 0.9977461578688308 16
1717245664884 0.9974214966631622 17
1717245677540 0.9978931467166458 18
1717245690372 0.9982079417889654 19
1717245703499 0.998173483385145 20
1717245716312 0.9983227619339269 21
1717245729779 0.998024306737604 22
1717245742494 0.9982718140509258 23
1717245755273 0.998330709190554 24
1717245767979 0.998676490787535 25
1717245780799 0.998477484375014 26
1717245793766 0.9981950696899946 27
1717245806538 0.9976591927929884 28
1717245819075 0.9984473972385527 29
1717245832136 0.9983858199966329 30
1717245844940 0.9987865332045174 31
1717245858235 0.9989057535729793 32
1717245870887 0.9987231355192647 33
1717245883724 0.9988341323202562 34
1717245896188 0.99885500332618 35
1717245908861 0.9986813129284192 36
1717245921260 0.997444484871273 37
1717245933620 0.9984754415847136 38
1717245946272 0.9989528345610316 39
1717245959238 0.9991777808668965 40
1717245971974 0.9992820977262441 41
1717245985584 0.9991977876194995 42
1717245998345 0.9989768774684352 43
1717246010996 0.9990081716844622 44
1717246023540 0.9990238976464797 45
1717246036266 0.9992877820097051 46
1717246049066 0.9993116223918399 47
1717246062039 0.9993975165832334 48
1717246074409 0.9994502874941524 49
1717246086875 0.9993925655028535 50
1717246099947 0.9987788474443373 51
1717246112602 0.997839555040526 52
1717246124944 0.9979452673734176 53
1717246138110 0.9987391031993231 54
1717246150538 0.9992758119019934 55
1717246163074 0.9992520653232727 56
1717246175074 0.9994839960539982 57
1717246187991 0.9994808499339844 58
1717246200559 0.9995131140901103 59
1717246213004 0.9991792077613794 60
1717246226187 0.9994549665507274 61
1717246239057 0.9996207917616722 62
1717246251541 0.9996271210858316 63
1717246263922 0.999625391323114 64
1717246276295 0.9992536700760923 65
1717246288789 0.9985664061226504 66
1717246301641 0.9989133580057626 67
1717246313897 0.9981850916620162 68
1717246326594 0.9985968026381956 69
1717246338873 0.999207115995104 70
1717246351784 0.9994096142410214 71
1717246364542 0.9995604968145237 72
1717246377425 0.9995812571277644 73
1717246389745 0.9997194759232464 74
1717246402264 0.9997616228450651 75
1717246414979 0.9997737952795278 76
1717246427934 0.9996438284046684 77
1717246440811 0.9997168251236538 78
1717246453245 0.9989297439913642 79
1717246466096 0.9984465567770917 80
1717246479905 0.9992864154309044 81
1717246492247 0.9994909119286189 82
1717246504781 0.9996209664776846 83
1717246517523 0.999629391945207 84
1717246530234 0.999696595352731 85
1717246542841 0.9998053955668126 86
1717246555580 0.9998090885458832 87
1717246568072 0.9998186100283373 88
1717246580762 0.9997849602049987 89
1717246593737 0.9997809321034803 90
1717246606995 0.9989959918008293 91
1717246619346 0.9975997076836245 92
1717246631920 0.9986328958439413 93
1717246644610 0.9993365652867002 94
1717246657459 0.9994884446911665 95
1717246669806 0.9997028295249974 96
1717246682434 0.9997532509427473 97
1717246694974 0.9998090569337027 98
1717246707481 0.9998402723739613 99
