1717245460005 1.1823631525039673 1
1717245472933 0.9231076240539551 2
1717245485939 0.7110541462898254 3
1717245498199 0.5953791737556458 4
1717245510989 0.5032955408096313 5
1717245523791 0.44310247898101807 6
1717245536632 0.4049285650253296 7
1717245549439 0.37535446882247925 8
1717245562331 0.34989872574806213 9
1717245574802 0.30871477723121643 10
1717245587614 0.28166574239730835 11
1717245600964 0.27752742171287537 12
1717245613842 0.2580759525299072 13
1717245626536 0.2602018415927887 14
1717245639422 0.25570860505104065 15
1717245652158 0.2305074781179428 16
1717245664884 0.23114129900932312 17
1717245677540 0.2160761058330536 18
1717245690372 0.1997765153646469 19
1717245703499 0.19386915862560272 20
1717245716312 0.18266093730926514 21
1717245729779 0.19341643154621124 22
1717245742494 0.184110626578331 23
1717245755273 0.1747473180294037 24
1717245767979 0.161564901471138 25
1717245780799 0.16223223507404327 26
1717245793766 0.17905539274215698 27
1717245806538 0.20211568474769592 28
1717245819075 0.1722269505262375 29
1717245832136 0.15953777730464935 30
1717245844940 0.1435592919588089 31
1717245858235 0.13450025022029877 32
1717245870887 0.14319966733455658 33
1717245883724 0.133824422955513 34
1717245896188 0.1304088979959488 35
1717245908861 0.13628625869750977 36
1717245921260 0.18832974135875702 37
1717245933620 0.15857021510601044 38
1717245946272 0.12389755249023438 39
1717245959238 0.1119757816195488 40
1717245971974 0.10529370605945587 41
1717245985584 0.10438257455825806 42
1717245998345 0.11481194198131561 43
1717246010996 0.1138046383857727 44
1717246023540 0.10520835220813751 45
1717246036266 0.09581951051950455 46
1717246049066 0.09437721222639084 47
1717246062039 0.08907674998044968 48
1717246074409 0.08421190828084946 49
1717246086875 0.08706337213516235 50
1717246099947 0.11229868233203888 51
1717246112602 0.15633536875247955 52
1717246124944 0.16648581624031067 53
1717246138110 0.12144346535205841 54
1717246150538 0.09088289737701416 55
1717246163074 0.08780138939619064 56
1717246175074 0.07706736773252487 57
1717246187991 0.07597550004720688 58
1717246200559 0.07089462876319885 59
1717246213004 0.08881480246782303 60
1717246226187 0.07421614974737167 61
1717246239057 0.06465508788824081 62
1717246251541 0.06164880841970444 63
1717246263922 0.06270896643400192 64
1717246276295 0.07434941083192825 65
1717246288789 0.11617912352085114 66
1717246301641 0.1000061184167862 67
1717246313897 0.1421656608581543 68
1717246326594 0.12294281274080276 69
1717246338873 0.08904174715280533 70
1717246351784 0.07863344997167587 71
1717246364542 0.06424570828676224 72
1717246377425 0.062004558742046356 73
1717246389745 0.05706217139959335 74
1717246402264 0.05317061021924019 75
1717246414979 0.05210151523351669 76
1717246427934 0.053947221487760544 77
1717246440811 0.052080512046813965 78
1717246453245 0.08954256772994995 79
1717246466096 0.11939286440610886 80
1717246479905 0.07347145676612854 81
1717246492247 0.06589675694704056 82
1717246504781 0.055421750992536545 83
1717246517523 0.05598091334104538 84
1717246530234 0.0504661463201046 85
1717246542841 0.04517947882413864 86
1717246555580 0.04373173788189888 87
1717246568072 0.04151393100619316 88
1717246580762 0.040927451103925705 89
1717246593737 0.04052121937274933 90
1717246606995 0.08624397218227386 91
1717246619346 0.15770195424556732 92
1717246631920 0.12271587550640106 93
1717246644610 0.07732685655355453 94
1717246657459 0.06368311494588852 95
1717246669806 0.05073670670390129 96
1717246682434 0.04471902549266815 97
1717246694974 0.04109887406229973 98
1717246707481 0.03877783566713333 99
