1717245460005 192013.0 1
1717245472933 158669.0 2
1717245485939 131257.0 3
1717245498199 117661.0 4
1717245510989 106368.0 5
1717245523791 99567.0 6
1717245536632 95248.0 7
1717245549439 92148.0 8
1717245562331 90044.0 9
1717245574802 85783.0 10
1717245587614 84239.0 11
1717245600964 83112.0 12
1717245613842 81218.0 13
1717245626536 81887.0 14
1717245639422 80797.0 15
1717245652158 79010.0 16
1717245664884 78550.0 17
1717245677540 77299.0 18
1717245690372 75750.0 19
1717245703499 74724.0 20
1717245716312 73721.0 21
1717245729779 74448.0 22
1717245742494 74129.0 23
1717245755273 72989.0 24
1717245767979 71563.0 25
1717245780799 71175.0 26
1717245793766 72984.0 27
1717245806538 74767.0 28
1717245819075 72741.0 29
1717245832136 70865.0 30
1717245844940 69645.0 31
1717245858235 68458.0 32
1717245870887 69219.0 33
1717245883724 68105.0 34
1717245896188 67855.0 35
1717245908861 67891.0 36
1717245921260 72791.0 37
1717245933620 70850.0 38
1717245946272 67246.0 39
1717245959238 65901.0 40
1717245971974 65164.0 41
1717245985584 64872.0 42
1717245998345 65610.0 43
1717246010996 65715.0 44
1717246023540 64709.0 45
1717246036266 63714.0 46
1717246049066 63676.0 47
1717246062039 63040.0 48
1717246074409 62527.0 49
1717246086875 62633.0 50
1717246099947 64793.0 51
1717246112602 68256.0 52
1717246124944 70839.0 53
1717246138110 66530.0 54
1717246150538 63330.0 55
1717246163074 62732.0 56
1717246175074 61695.0 57
1717246187991 61571.0 58
1717246200559 61015.0 59
1717246213004 62743.0 60
1717246226187 61364.0 61
1717246239057 60261.0 62
1717246251541 60134.0 63
1717246263922 60038.0 64
1717246276295 60698.0 65
1717246288789 64588.0 66
1717246301641 63598.0 67
1717246313897 67156.0 68
1717246326594 65749.0 69
1717246338873 62851.0 70
1717246351784 61884.0 71
1717246364542 60316.0 72
1717246377425 60020.0 73
1717246389745 59684.0 74
1717246402264 59161.0 75
1717246414979 58954.0 76
1717246427934 58986.0 77
1717246440811 58998.0 78
1717246453245 61740.0 79
1717246466096 65095.0 80
1717246479905 61141.0 81
1717246492247 60495.0 82
1717246504781 59497.0 83
1717246517523 59335.0 84
1717246530234 58909.0 85
1717246542841 58348.0 86
1717246555580 58135.0 87
1717246568072 57903.0 88
1717246580762 57785.0 89
1717246593737 57723.0 90
1717246606995 61244.0 91
1717246619346 67968.0 92
1717246631920 66110.0 93
1717246644610 61787.0 94
1717246657459 60189.0 95
1717246669806 58982.0 96
1717246682434 58377.0 97
1717246694974 58004.0 98
1717246707481 57661.0 99
