1717245460005 53430.0 1
1717245472933 53430.0 2
1717245485939 53430.0 3
1717245498199 53430.0 4
1717245510989 53430.0 5
1717245523791 53430.0 6
1717245536632 53430.0 7
1717245549439 53430.0 8
1717245562331 53430.0 9
1717245574802 53430.0 10
1717245587614 53430.0 11
1717245600964 53430.0 12
1717245613842 53430.0 13
1717245626536 53430.0 14
1717245639422 53430.0 15
1717245652158 53430.0 16
1717245664884 53430.0 17
1717245677540 53430.0 18
1717245690372 53430.0 19
1717245703499 53430.0 20
1717245716312 53430.0 21
1717245729779 53430.0 22
1717245742494 53430.0 23
1717245755273 53430.0 24
1717245767979 53430.0 25
1717245780799 53430.0 26
1717245793766 53430.0 27
1717245806538 53430.0 28
1717245819075 53430.0 29
1717245832136 53430.0 30
1717245844940 53430.0 31
1717245858235 53430.0 32
1717245870887 53430.0 33
1717245883724 53430.0 34
1717245896188 53430.0 35
1717245908861 53430.0 36
1717245921260 53430.0 37
1717245933620 53430.0 38
1717245946272 53430.0 39
1717245959238 53430.0 40
1717245971974 53430.0 41
1717245985584 53430.0 42
1717245998345 53430.0 43
1717246010996 53430.0 44
1717246023540 53430.0 45
1717246036266 53430.0 46
1717246049066 53430.0 47
1717246062039 53430.0 48
1717246074409 53430.0 49
1717246086875 53430.0 50
1717246099947 53430.0 51
1717246112602 53430.0 52
1717246124944 53430.0 53
1717246138110 53430.0 54
1717246150538 53430.0 55
1717246163074 53430.0 56
1717246175074 53430.0 57
1717246187991 53430.0 58
1717246200559 53430.0 59
1717246213004 53430.0 60
1717246226187 53430.0 61
1717246239057 53430.0 62
1717246251541 53430.0 63
1717246263922 53430.0 64
1717246276295 53430.0 65
1717246288789 53430.0 66
1717246301641 53430.0 67
1717246313897 53430.0 68
1717246326594 53430.0 69
1717246338873 53430.0 70
1717246351784 53430.0 71
1717246364542 53430.0 72
1717246377425 53430.0 73
1717246389745 53430.0 74
1717246402264 53430.0 75
1717246414979 53430.0 76
1717246427934 53430.0 77
1717246440811 53430.0 78
1717246453245 53430.0 79
1717246466096 53430.0 80
1717246479905 53430.0 81
1717246492247 53430.0 82
1717246504781 53430.0 83
1717246517523 53430.0 84
1717246530234 53430.0 85
1717246542841 53430.0 86
1717246555580 53430.0 87
1717246568072 53430.0 88
1717246580762 53430.0 89
1717246593737 53430.0 90
1717246606995 53430.0 91
1717246619346 53430.0 92
1717246631920 53430.0 93
1717246644610 53430.0 94
1717246657459 53430.0 95
1717246669806 53430.0 96
1717246682434 53430.0 97
1717246694974 53430.0 98
1717246707481 53430.0 99
