1717448282351 0.9453980233321818 1
1717448297019 0.9800958138277911 2
1717448311243 0.9827761506730258 3
1717448325582 0.9838707935752965 4
1717448338720 0.9842498731036562 5
1717448352069 0.9847329236123478 6
1717448364907 0.9851433988014727 7
1717448377888 0.9851719447912214 8
1717448391117 0.9854218357139124 9
1717448404361 0.985393681179392 10
1717448417629 0.9857689394868754 11
1717448430894 0.9857435909188993 12
1717448444205 0.9860987931287425 13
1717448457736 0.9861739705046819 14
1717448471258 0.9864923621198158 15
1717448484722 0.9866376899003862 16
1717448498295 0.9867277292055717 17
1717448511864 0.9871760577024781 18
1717448525324 0.9872790828810923 19
1717448538787 0.9875769510613839 20
1717448552244 0.9875821317944713 21
1717448565996 0.9877175455591765 22
1717448579597 0.9879705907174178 23
1717448593314 0.9880247547159079 24
1717448606928 0.9880659050027728 25
1717448620597 0.9881759063321512 26
1717448634291 0.9884182625237367 27
1717448648110 0.9883312400748696 28
1717448661870 0.9884336079575768 29
1717448675694 0.9885527257110184 30
1717448689516 0.9885771604291912 31
1717448703372 0.9886571594667831 32
1717448717178 0.9887819859301678 33
1717448731024 0.9889134378259055 34
1717448744858 0.9888562158242246 35
1717448758683 0.9889643629700942 36
1717448772462 0.9890654087955446 37
1717448786224 0.9889393107034069 38
1717448800039 0.9890270555088935 39
1717448813819 0.9892204658775691 40
1717448827618 0.9892167450152964 41
1717448841418 0.989248663171951 42
1717448855253 0.9893864082666394 43
1717448869182 0.9893820324839745 44
1717448882909 0.9893554128321788 45
1717448896399 0.9895518692357206 46
1717448910267 0.9894367946148841 47
1717448924145 0.9895279009152906 48
1717448937932 0.9896256948993698 49
1717448952011 0.9896399681184442 50
1717448965601 0.9897321079701098 51
1717448979083 0.9897608755580427 52
1717448992640 0.9897393571827328 53
1717449006199 0.9897719522022299 54
1717449019793 0.9897736103127016 55
1717449033577 0.9898518658283597 56
1717449047454 0.989804247895267 57
1717449061241 0.9899201580921917 58
1717449075028 0.989893439300948 59
1717449088847 0.990115698160352 60
1717449102664 0.9897921906873324 61
1717449116526 0.9898991133452717 62
1717449130343 0.9900331768858053 63
1717449144347 0.9902080051791728 64
1717449158563 0.9901248179885337 65
1717449172605 0.9901156060037991 66
1717449186405 0.9903407477984905 67
1717449200229 0.9903502637391182 68
1717449214029 0.9903819222964919 69
1717449227831 0.9903117444028998 70
1717449241601 0.9902495790567093 71
1717449255378 0.9903211239350301 72
1717449269032 0.9902562398963275 73
1717449282609 0.9902842483553517 74
1717449296228 0.9904628810318524 75
1717449309815 0.9904442180774918 76
1717449323407 0.9903145201851898 77
1717449337057 0.9903700796218504 78
1717449350755 0.990489991998827 79
1717449364419 0.9904726585368178 80
1717449378053 0.9904619619872258 81
1717449391684 0.9905521618838966 82
1717449405190 0.9904610925998626 83
1717449418790 0.9903968976760462 84
1717449432370 0.9906844776318684 85
1717449445964 0.9904299462903063 86
1717449459595 0.9905593265738692 87
1717449473230 0.9906140187597452 88
1717449486871 0.9906304543811072 89
1717449500474 0.9907427745183455 90
1717449514098 0.9905095119433619 91
1717449527747 0.9908741488552102 92
1717449541345 0.9899775414352708 93
1717449555040 0.9907157800835248 94
1717449568603 0.9908720189096024 95
1717449582191 0.9907577768339676 96
1717449595739 0.9904196865036963 97
1717449609332 0.990797525179433 98
1717449622949 0.99086817347897 99
