1717448282351 0.7755999036156004 1
1717448297019 0.9228660592252058 2
1717448311243 0.9302175240288659 3
1717448325582 0.9325107184122792 4
1717448338720 0.9323645694794496 5
1717448352069 0.9333502777271477 6
1717448364907 0.9345065467808984 7
1717448377888 0.9338826842820902 8
1717448391117 0.9344006075848844 9
1717448404361 0.9341626208449051 10
1717448417629 0.9353051818216989 11
1717448430894 0.9348148603600135 12
1717448444205 0.9362505714498206 13
1717448457736 0.9362894367467081 14
1717448471258 0.9374883563482111 15
1717448484722 0.9381946890060021 16
1717448498295 0.938531507456317 17
1717448511864 0.9403611524160468 18
1717448525324 0.940623568514437 19
1717448538787 0.9419433512800555 20
1717448552244 0.9419294930142064 21
1717448565996 0.9424822204828802 22
1717448579597 0.9436692898440747 23
1717448593314 0.9438487960278806 24
1717448606928 0.9440506822882077 25
1717448620597 0.9445209709645431 26
1717448634291 0.945491168492239 27
1717448648110 0.9451410923766249 28
1717448661870 0.9457709734131157 29
1717448675694 0.9460626310249557 30
1717448689516 0.9463643240182612 31
1717448703372 0.946699591542168 32
1717448717178 0.947184963506711 33
1717448731024 0.9476851669635996 34
1717448744858 0.9473477510309257 35
1717448758683 0.9479261101065504 36
1717448772462 0.9483065697959739 37
1717448786224 0.9478274566394174 38
1717448800039 0.9482039033027752 39
1717448813819 0.9488389346935057 40
1717448827618 0.9488592004746633 41
1717448841418 0.9488808470264141 42
1717448855253 0.9495619969158168 43
1717448869182 0.9495539625874434 44
1717448882909 0.9494032060304005 45
1717448896399 0.9502937925961978 46
1717448910267 0.9496472251974623 47
1717448924145 0.9500137170387666 48
1717448937932 0.9505692819917988 49
1717448952011 0.9505790439405163 50
1717448965601 0.9509036729189645 51
1717448979083 0.9512183373124315 52
1717448992640 0.9510236971180365 53
1717449006199 0.9510660367704846 54
1717449019793 0.9512105107629295 55
1717449033577 0.9515754573307367 56
1717449047454 0.951467388968544 57
1717449061241 0.9519827302017708 58
1717449075028 0.9517337749308796 59
1717449088847 0.9526891408537744 60
1717449102664 0.9516040867599606 61
1717449116526 0.9517338887244378 62
1717449130343 0.9524848739255873 63
1717449144347 0.953046593589855 64
1717449158563 0.9526550464959399 65
1717449172605 0.9527714911411078 66
1717449186405 0.9537839825506791 67
1717449200229 0.9537828485798485 68
1717449214029 0.9540362485692027 69
1717449227831 0.9537176145165088 70
1717449241601 0.9533420072997325 71
1717449255378 0.9537732636464239 72
1717449269032 0.9535422732875324 73
1717449282609 0.9534420910800525 74
1717449296228 0.9541523851965573 75
1717449309815 0.9541600178277528 76
1717449323407 0.9535057162542765 77
1717449337057 0.9537926508332697 78
1717449350755 0.9544138981336161 79
1717449364419 0.9544449726977442 80
1717449378053 0.9541857684336693 81
1717449391684 0.9546216447744669 82
1717449405190 0.9542641110372543 83
1717449418790 0.9539132348419611 84
1717449432370 0.9552102267229492 85
1717449445964 0.9540822971696739 86
1717449459595 0.9546141944788464 87
1717449473230 0.9550011849013632 88
1717449486871 0.9551133276784264 89
1717449500474 0.9554069438593229 90
1717449514098 0.9545918873239018 91
1717449527747 0.9561055276437127 92
1717449541345 0.9521527986626205 93
1717449555040 0.9553759907489927 94
1717449568603 0.9560907434757336 95
1717449582191 0.95561161604846 96
1717449595739 0.9541643377730842 97
1717449609332 0.9560192509656622 98
1717449622949 0.9560846853132556 99
