1717519750158 53777.0 1
1717519750594 30262.0 2
1717519751063 25201.0 3
1717519751515 9727.0 4
1717519751971 10.0 5
1717519752451 0.0 6
1717519752922 7.0 7
1717519753398 0.0 8
1717519753867 40.0 9
1717519754323 207.0 10
1717519754795 12.0 11
1717519755267 942.0 12
1717519755751 5181.0 13
1717519756237 6486.0 14
1717519756728 6530.0 15
1717519757202 6316.0 16
1717519757687 6133.0 17
1717519758173 6463.0 18
1717519758665 6627.0 19
1717519759153 6653.0 20
1717519759634 6648.0 21
1717519760125 6582.0 22
1717519760613 6614.0 23
1717519761092 6679.0 24
1717519761569 6756.0 25
1717519762072 6711.0 26
1717519762548 6670.0 27
1717519763048 6717.0 28
1717519763609 6790.0 29
1717519764162 6861.0 30
1717519764673 6947.0 31
1717519765164 7081.0 32
1717519765638 7189.0 33
1717519766105 7294.0 34
1717519766621 7483.0 35
1717519767114 7638.0 36
1717519767618 7758.0 37
1717519768101 8002.0 38
1717519768570 8459.0 39
1717519769059 8921.0 40
1717519769545 9036.0 41
1717519770018 8827.0 42
1717519770529 8769.0 43
1717519771010 8783.0 44
1717519771493 8927.0 45
1717519771974 8921.0 46
1717519772471 8869.0 47
1717519772947 9166.0 48
1717519773442 9575.0 49
1717519773943 9013.0 50
1717519774434 9227.0 51
1717519774933 9589.0 52
1717519775423 9519.0 53
1717519775894 10249.0 54
1717519776398 11098.0 55
1717519776887 11359.0 56
1717519777384 10885.0 57
1717519777910 12277.0 58
1717519778406 12470.0 59
1717519778917 12481.0 60
1717519779427 13609.0 61
1717519779934 13702.0 62
1717519780439 13729.0 63
1717519780972 13427.0 64
1717519781481 13352.0 65
1717519781989 13270.0 66
1717519782491 13361.0 67
1717519783001 13833.0 68
1717519783497 13745.0 69
1717519783988 14104.0 70
1717519784492 13769.0 71
1717519784997 13907.0 72
1717519785606 14090.0 73
1717519786089 14321.0 74
1717519786581 13738.0 75
1717519787070 13781.0 76
1717519787561 14057.0 77
1717519788059 13973.0 78
1717519788526 14199.0 79
1717519789027 14665.0 80
1717519789504 13507.0 81
1717519789979 13827.0 82
1717519790466 14474.0 83
1717519790961 13773.0 84
1717519791451 13541.0 85
1717519791968 13868.0 86
1717519792458 14153.0 87
1717519792961 14106.0 88
1717519793454 13827.0 89
1717519793945 13836.0 90
1717519794441 13975.0 91
1717519794958 14095.0 92
1717519795456 14081.0 93
1717519795956 14075.0 94
1717519796439 14036.0 95
1717519796936 13997.0 96
1717519797571 14025.0 97
1717519798092 14113.0 98
1717519798582 14189.0 99
