1717519750158 0.23238806426525116 1
1717519750594 0.2179984450340271 2
1717519751063 0.2145247757434845 3
1717519751515 0.12202133238315582 4
1717519751971 0.0001575299393152818 5
1717519752451 0.0 6
1717519752922 0.00016788035281933844 7
1717519753398 0.0 8
1717519753867 0.00237235683016479 9
1717519754323 0.008029046468436718 10
1717519754795 0.0018872645450755954 11
1717519755267 0.08602505922317505 12
1717519755751 0.30202803015708923 13
1717519756237 0.3535369634628296 14
1717519756728 0.3655022382736206 15
1717519757202 0.3743748068809509 16
1717519757687 0.37755122780799866 17
1717519758173 0.39305880665779114 18
1717519758665 0.4003194570541382 19
1717519759153 0.40158942341804504 20
1717519759634 0.40097594261169434 21
1717519760125 0.39766719937324524 22
1717519760613 0.3980264663696289 23
1717519761092 0.4003230631351471 24
1717519761569 0.40484997630119324 25
1717519762072 0.4041457772254944 26
1717519762548 0.40196916460990906 27
1717519763048 0.40428170561790466 28
1717519763609 0.4079468846321106 29
1717519764162 0.41037750244140625 30
1717519764673 0.4128129780292511 31
1717519765164 0.41616737842559814 32
1717519765638 0.4183630049228668 33
1717519766105 0.4200350046157837 34
1717519766621 0.4245638847351074 35
1717519767114 0.4283555746078491 36
1717519767618 0.43024763464927673 37
1717519768101 0.43438252806663513 38
1717519768570 0.4432174265384674 39
1717519769059 0.45543989539146423 40
1717519769545 0.45509767532348633 41
1717519770018 0.45725226402282715 42
1717519770529 0.45615994930267334 43
1717519771010 0.4592617154121399 44
1717519771493 0.46165117621421814 45
1717519771974 0.46227407455444336 46
1717519772471 0.4602671265602112 47
1717519772947 0.4695431888103485 48
1717519773442 0.475241094827652 49
1717519773943 0.46536874771118164 50
1717519774434 0.470285564661026 51
1717519774933 0.48140090703964233 52
1717519775423 0.4809976816177368 53
1717519775894 0.496293306350708 54
1717519776398 0.5166797041893005 55
1717519776887 0.5289992690086365 56
1717519777384 0.526807427406311 57
1717519777910 0.5489153265953064 58
1717519778406 0.5669541358947754 59
1717519778917 0.5766550898551941 60
1717519779427 0.6044493317604065 61
1717519779934 0.605384111404419 62
1717519780439 0.608556866645813 63
1717519780972 0.6084775924682617 64
1717519781481 0.6111479997634888 65
1717519781989 0.6132863759994507 66
1717519782491 0.6198662519454956 67
1717519783001 0.625495195388794 68
1717519783497 0.6251945495605469 69
1717519783988 0.633636474609375 70
1717519784492 0.6310482621192932 71
1717519784997 0.6358582377433777 72
1717519785606 0.6322981715202332 73
1717519786089 0.634831428527832 74
1717519786581 0.6344147324562073 75
1717519787070 0.636635422706604 76
1717519787561 0.641040027141571 77
1717519788059 0.6396647691726685 78
1717519788526 0.6388115882873535 79
1717519789027 0.6433769464492798 80
1717519789504 0.6303827166557312 81
1717519789979 0.6365106701850891 82
1717519790466 0.6446240544319153 83
1717519790961 0.6390329003334045 84
1717519791451 0.6403582692146301 85
1717519791968 0.6428257822990417 86
1717519792458 0.6426325440406799 87
1717519792961 0.6420479416847229 88
1717519793454 0.6424087285995483 89
1717519793945 0.6447205543518066 90
1717519794441 0.6452785134315491 91
1717519794958 0.645136296749115 92
1717519795456 0.6446729898452759 93
1717519795956 0.6453758478164673 94
1717519796439 0.6455426812171936 95
1717519796936 0.6467078924179077 96
1717519797571 0.6463186144828796 97
1717519798092 0.6468912363052368 98
1717519798582 0.6468920707702637 99
