1717519750158 57173.0 1
1717519750594 80688.0 2
1717519751063 85749.0 3
1717519751515 101223.0 4
1717519751971 110940.0 5
1717519752451 110950.0 6
1717519752922 110943.0 7
1717519753398 110950.0 8
1717519753867 110910.0 9
1717519754323 110743.0 10
1717519754795 110938.0 11
1717519755267 110008.0 12
1717519755751 105769.0 13
1717519756237 104464.0 14
1717519756728 104420.0 15
1717519757202 104634.0 16
1717519757687 104817.0 17
1717519758173 104487.0 18
1717519758665 104323.0 19
1717519759153 104297.0 20
1717519759634 104302.0 21
1717519760125 104368.0 22
1717519760613 104336.0 23
1717519761092 104271.0 24
1717519761569 104194.0 25
1717519762072 104239.0 26
1717519762548 104280.0 27
1717519763048 104233.0 28
1717519763609 104160.0 29
1717519764162 104089.0 30
1717519764673 104003.0 31
1717519765164 103869.0 32
1717519765638 103761.0 33
1717519766105 103656.0 34
1717519766621 103467.0 35
1717519767114 103312.0 36
1717519767618 103192.0 37
1717519768101 102948.0 38
1717519768570 102491.0 39
1717519769059 102029.0 40
1717519769545 101914.0 41
1717519770018 102123.0 42
1717519770529 102181.0 43
1717519771010 102167.0 44
1717519771493 102023.0 45
1717519771974 102029.0 46
1717519772471 102081.0 47
1717519772947 101784.0 48
1717519773442 101375.0 49
1717519773943 101937.0 50
1717519774434 101723.0 51
1717519774933 101361.0 52
1717519775423 101431.0 53
1717519775894 100701.0 54
1717519776398 99852.0 55
1717519776887 99591.0 56
1717519777384 100065.0 57
1717519777910 98673.0 58
1717519778406 98480.0 59
1717519778917 98469.0 60
1717519779427 97341.0 61
1717519779934 97248.0 62
1717519780439 97221.0 63
1717519780972 97523.0 64
1717519781481 97598.0 65
1717519781989 97680.0 66
1717519782491 97589.0 67
1717519783001 97117.0 68
1717519783497 97205.0 69
1717519783988 96846.0 70
1717519784492 97181.0 71
1717519784997 97043.0 72
1717519785606 96860.0 73
1717519786089 96629.0 74
1717519786581 97212.0 75
1717519787070 97169.0 76
1717519787561 96893.0 77
1717519788059 96977.0 78
1717519788526 96751.0 79
1717519789027 96285.0 80
1717519789504 97443.0 81
1717519789979 97123.0 82
1717519790466 96476.0 83
1717519790961 97177.0 84
1717519791451 97409.0 85
1717519791968 97082.0 86
1717519792458 96797.0 87
1717519792961 96844.0 88
1717519793454 97123.0 89
1717519793945 97114.0 90
1717519794441 96975.0 91
1717519794958 96855.0 92
1717519795456 96869.0 93
1717519795956 96875.0 94
1717519796439 96914.0 95
1717519796936 96953.0 96
1717519797571 96925.0 97
1717519798092 96837.0 98
1717519798582 96761.0 99
