1717441486521 0.8037344982783379 1
1717441514626 0.8225372298793486 2
1717441542883 0.8292603809599821 3
1717441571702 0.8412037425589447 4
1717441600110 0.8604178279762644 5
1717441629511 0.8718393037704021 6
1717441658228 0.877971714520792 7
1717441686505 0.8819676072367032 8
1717441714840 0.8842973883399475 9
1717441743487 0.8860307395479905 10
1717441771943 0.887698026242109 11
1717441800438 0.8891055834818279 12
1717441828558 0.8902342331531542 13
1717441857517 0.890965382395012 14
1717441885913 0.891682230926149 15
1717441914695 0.8925641969624273 16
1717441943793 0.8933433151071377 17
1717441972909 0.8938448293466109 18
1717442001865 0.8948282730486044 19
1717442030560 0.8958207071492756 20
1717442059055 0.8964896168139896 21
1717442088378 0.8971547553379424 22
1717442116828 0.8980166259378786 23
1717442145502 0.8988426279992648 24
1717442174355 0.8994788122217409 25
1717442203221 0.9002988512859043 26
1717442232357 0.901050911115217 27
1717442261454 0.9017621595887769 28
1717442290764 0.9025844487082019 29
1717442319665 0.9034033046578062 30
1717442348676 0.9041445097946745 31
1717442377126 0.9049135361393109 32
1717442405930 0.9057924196983074 33
1717442434593 0.9068409008165735 34
1717442463327 0.9078085145021954 35
1717442492290 0.9088750460818429 36
1717442522282 0.9096110976865458 37
1717442551532 0.9101822192551707 38
1717442580621 0.9107306072701702 39
1717442609192 0.9113430472823993 40
1717442638055 0.9121869382947644 41
1717442667017 0.9127673604417906 42
1717442695879 0.9132349057466557 43
1717442724693 0.9137591109245733 44
1717442753527 0.9143444623279038 45
1717442782842 0.9148482440517277 46
1717442811769 0.915381540859337 47
1717442840897 0.9156555860677927 48
1717442869617 0.9160802078675292 49
1717442898085 0.9165084128736879 50
1717442926903 0.9167866941489666 51
1717442956020 0.9171593775861819 52
1717442984090 0.9174381711721927 53
1717443012820 0.9179287602015179 54
1717443041380 0.9180397656912747 55
1717443070469 0.9183346654614895 56
1717443099556 0.9184636075120682 57
1717443128423 0.9187871478178935 58
1717443157315 0.9190147977072366 59
1717443185902 0.9192074630971796 60
1717443214655 0.9193214142311782 61
1717443243461 0.9196420934104249 62
1717443272616 0.9196391379634015 63
1717443301604 0.9198531472090948 64
1717443330815 0.9199735585067862 65
1717443359767 0.920171722895763 66
1717443389830 0.9202813001832234 67
1717443418240 0.9204123942031631 68
1717443446921 0.9208086132015146 69
1717443475035 0.9208044591655654 70
1717443503212 0.9209879486775163 71
1717443531135 0.9212552082285799 72
1717443559350 0.9212548946447975 73
1717443587455 0.9214057288590741 74
1717443616341 0.921472267472915 75
1717443645163 0.9217121865369844 76
1717443674038 0.921771692845217 77
1717443702335 0.92200064991292 78
1717443731390 0.9221448416077968 79
1717443760765 0.922174138445801 80
1717443789091 0.9224537647560831 81
1717443818975 0.9225255484493364 82
1717443847094 0.92278977216124 83
1717443875404 0.9229352201799651 84
1717443903662 0.9230191729873569 85
1717443932575 0.9231874304657318 86
1717443960799 0.9233463979588045 87
1717443989752 0.9236495497491142 88
1717444018491 0.923713867386797 89
1717444047039 0.9238171579613784 90
1717444075361 0.9240427703436128 91
1717444103708 0.9241306970733959 92
1717444131935 0.9242282308559371 93
1717444160593 0.9245290448030665 94
1717444189521 0.9246618978204497 95
1717444218384 0.9249018809136503 96
1717444247236 0.9250851196596402 97
1717444277133 0.9252162354364709 98
1717444306120 0.9254831419750692 99
