1717441486521 0.48776977497260066 1
1717441514626 0.5427638258079234 2
1717441542883 0.5513283918185837 3
1717441571702 0.5662588372984331 4
1717441600110 0.5919030591614526 5
1717441629511 0.6078746837569289 6
1717441658228 0.6182539714110475 7
1717441686505 0.6256269128731411 8
1717441714840 0.6297074419252755 9
1717441743487 0.632837672944784 10
1717441771943 0.6357434262674598 11
1717441800438 0.6383937341226825 12
1717441828558 0.6403911425515533 13
1717441857517 0.6417282629772973 14
1717441885913 0.6432036353307015 15
1717441914695 0.6446204269086343 16
1717441943793 0.6460556656354103 17
1717441972909 0.6469596668128901 18
1717442001865 0.6488093630580618 19
1717442030560 0.650583593762491 20
1717442059055 0.6518131060751425 21
1717442088378 0.6531996964464877 22
1717442116828 0.6551549138662197 23
1717442145502 0.6569052631069603 24
1717442174355 0.6583224861728753 25
1717442203221 0.6601597919406841 26
1717442232357 0.661624469188679 27
1717442261454 0.663054982802314 28
1717442290764 0.6649523090317876 29
1717442319665 0.6666679643356119 30
1717442348676 0.6684597117983849 31
1717442377126 0.670482519280317 32
1717442405930 0.672540390771142 33
1717442434593 0.6748229083036231 34
1717442463327 0.6771236669841902 35
1717442492290 0.6795570335546511 36
1717442522282 0.6812864181713852 37
1717442551532 0.682683259865154 38
1717442580621 0.6839366736390885 39
1717442609192 0.6855858149436479 40
1717442638055 0.6875506905929396 41
1717442667017 0.6888447133459762 42
1717442695879 0.690113613973587 43
1717442724693 0.6913338639521648 44
1717442753527 0.6929748445648055 45
1717442782842 0.694378383457456 46
1717442811769 0.6955806589068715 47
1717442840897 0.696365901395538 48
1717442869617 0.6975237938058746 49
1717442898085 0.6985594254554064 50
1717442926903 0.6991612336445719 51
1717442956020 0.700240625831287 52
1717442984090 0.7009940973209745 53
1717443012820 0.7023256781344398 54
1717443041380 0.7027243878266911 55
1717443070469 0.7033909331008088 56
1717443099556 0.7038110472149142 57
1717443128423 0.704856080950097 58
1717443157315 0.7054980154018967 59
1717443185902 0.7059725738838192 60
1717443214655 0.706555069047294 61
1717443243461 0.7073716086826088 62
1717443272616 0.7074462681720832 63
1717443301604 0.7080264359213165 64
1717443330815 0.7083663387285969 65
1717443359767 0.7088977452732437 66
1717443389830 0.7092458189365017 67
1717443418240 0.7096544606406304 68
1717443446921 0.7106202824166465 69
1717443475035 0.710887576814365 70
1717443503212 0.7114295598560796 71
1717443531135 0.7120830527791722 72
1717443559350 0.71232952100332 73
1717443587455 0.7127471442225546 74
1717443616341 0.7130159500058145 75
1717443645163 0.7136407389205625 76
1717443674038 0.7137231107656371 77
1717443702335 0.7145446412050962 78
1717443731390 0.7149146111983918 79
1717443760765 0.71515313467544 80
1717443789091 0.7158487359580482 81
1717443818975 0.7161608732729516 82
1717443847094 0.7167182125677836 83
1717443875404 0.7171884630131511 84
1717443903662 0.7175120003822638 85
1717443932575 0.7180254317514748 86
1717443960799 0.718325711696384 87
1717443989752 0.7193000060806207 88
1717444018491 0.7194616203051821 89
1717444047039 0.7197946234948727 90
1717444075361 0.7205202225494343 91
1717444103708 0.7209033963560144 92
1717444131935 0.7211663460132619 93
1717444160593 0.721979675076598 94
1717444189521 0.722454670138847 95
1717444218384 0.7229948749788881 96
1717444247236 0.7234830654366053 97
1717444277133 0.7238334394783427 98
1717444306120 0.7246208114957274 99
