1716237798562 331651.0 1
1716237801651 274445.0 2
1716237804889 266133.0 3
1716237808187 260809.0 4
1716237811418 251722.0 5
1716237814857 248848.0 6
1716237818195 243108.0 7
1716237821542 239183.0 8
1716237824950 236654.0 9
1716237828235 234528.0 10
1716237831597 232429.0 11
1716237834895 230804.0 12
1716237838299 229267.0 13
1716237841522 228075.0 14
1716237844776 227318.0 15
1716237848128 225844.0 16
1716237851396 225303.0 17
1716237854751 224951.0 18
1716237858035 224341.0 19
1716237861252 224356.0 20
1716237864518 223927.0 21
1716237867790 222851.0 22
1716237871083 222581.0 23
1716237874323 221775.0 24
1716237877654 220443.0 25
1716237880848 220373.0 26
1716237884134 220048.0 27
1716237887487 219915.0 28
1716237890810 219138.0 29
1716237894170 218457.0 30
1716237897464 218123.0 31
1716237900714 217260.0 32
1716237903986 216901.0 33
1716237908184 216920.0 34
1716237911557 215725.0 35
1716237914853 216303.0 36
1716237918090 215392.0 37
1716237922016 215446.0 38
1716237925354 214975.0 39
1716237928694 214876.0 40
1716237932016 213649.0 41
1716237935422 214074.0 42
1716237938767 212973.0 43
1716237942075 212465.0 44
1716237945432 212529.0 45
1716237948763 212409.0 46
1716237952154 213255.0 47
1716237955460 212194.0 48
1716237958758 212134.0 49
1716237961988 211102.0 50
1716237965203 210767.0 51
1716237968340 210782.0 52
1716237971346 211132.0 53
1716237974560 210853.0 54
1716237977803 210890.0 55
1716237981062 209024.0 56
1716237984471 209819.0 57
1716237987790 208739.0 58
1716237991091 209028.0 59
1716237994423 208466.0 60
1716237997701 208779.0 61
1716238000900 208326.0 62
1716238004232 207079.0 63
1716238007455 208214.0 64
1716238010990 209044.0 65
1716238015014 207918.0 66
1716238018372 206577.0 67
1716238021666 205903.0 68
1716238024892 206839.0 69
1716238028133 207078.0 70
1716238032073 206348.0 71
1716238035320 206207.0 72
1716238038593 205898.0 73
1716238041827 205784.0 74
1716238045056 205096.0 75
1716238048363 205631.0 76
1716238051625 205372.0 77
1716238054847 205074.0 78
1716238058132 204777.0 79
1716238061430 205640.0 80
1716238064803 205640.0 81
1716238068084 204887.0 82
1716238071423 203952.0 83
1716238074662 204464.0 84
1716238077984 204556.0 85
1716238081375 204517.0 86
1716238084665 203746.0 87
1716238087975 203493.0 88
1716238091375 203778.0 89
1716238094628 204154.0 90
1716238097987 204099.0 91
1716238101259 203878.0 92
1716238104557 203789.0 93
1716238107798 203663.0 94
1716238111185 203696.0 95
1716238114477 202979.0 96
1716238117826 203572.0 97
1716238121134 203079.0 98
1716238125422 202951.0 99
