1716237798562 0.9768849576299442 1
1716237801651 0.9824395687310957 2
1716237804889 0.9841035310236412 3
1716237808187 0.9866633353607919 4
1716237811418 0.9895261088710029 5
1716237814857 0.992825978778317 6
1716237818195 0.9935670469211919 7
1716237821542 0.9937800542884366 8
1716237824950 0.9937493902563125 9
1716237828235 0.9941918019228211 10
1716237831597 0.9942272394103796 11
1716237834895 0.9943565526952315 12
1716237838299 0.9944951837712733 13
1716237841522 0.994444177561756 14
1716237844776 0.9946830928371727 15
1716237848128 0.9947458325100015 16
1716237851396 0.9947861290933235 17
1716237854751 0.9947742929823554 18
1716237858035 0.9949538079562219 19
1716237861252 0.9949712323296703 20
1716237864518 0.9949894837513329 21
1716237867790 0.9951593004687107 22
1716237871083 0.995161104858209 23
1716237874323 0.9952737863881242 24
1716237877654 0.9954275692066159 25
1716237880848 0.9953197446477046 26
1716237884134 0.9951276954348907 27
1716237887487 0.9954479435710589 28
1716237890810 0.995371617314579 29
1716237894170 0.995427665311119 30
1716237897464 0.9956089079586194 31
1716237900714 0.9954877917414007 32
1716237903986 0.995727781576922 33
1716237908184 0.9953736095933632 34
1716237911557 0.9957186159422298 35
1716237914853 0.9957609782985443 36
1716237918090 0.9958640517886931 37
1716237922016 0.995796506994721 38
1716237925354 0.9957814630912498 39
1716237928694 0.995795147354443 40
1716237932016 0.9958204305213167 41
1716237935422 0.9957836275968782 42
1716237938767 0.9958980088213756 43
1716237942075 0.9958782018840887 44
1716237945432 0.9958538797600149 45
1716237948763 0.9959402551738987 46
1716237952154 0.995912712069512 47
1716237955460 0.9958306824722536 48
1716237958758 0.9957816052043478 49
1716237961988 0.995936743282172 50
1716237965203 0.9958405200267338 51
1716237968340 0.9959052664945639 52
1716237971346 0.9959474483619274 53
1716237974560 0.9958453900725885 54
1716237977803 0.9958270457747508 55
1716237981062 0.9958810457581114 56
1716237984471 0.9958659299242257 57
1716237987790 0.9958933247962506 58
1716237991091 0.9959634693419286 59
1716237994423 0.9960589083154137 60
1716237997701 0.9959103963273938 61
1716238000900 0.995960311059412 62
1716238004232 0.9960504314368942 63
1716238007455 0.9959465030391562 64
1716238010990 0.9960469312203756 65
1716238015014 0.9960705273950184 66
1716238018372 0.9960861888991477 67
1716238021666 0.9961310083671268 68
1716238024892 0.9961160517061626 69
1716238028133 0.9960735388129454 70
1716238032073 0.9959963369489407 71
1716238035320 0.9961287333832692 72
1716238038593 0.9960722275185333 73
1716238041827 0.9962132674452482 74
1716238045056 0.9962068659600567 75
1716238048363 0.9962468956588251 76
1716238051625 0.996095414425726 77
1716238054847 0.9961921629122806 78
1716238058132 0.9960318347791741 79
1716238061430 0.9961854035410576 80
1716238064803 0.9962737039280193 81
1716238068084 0.9962278305263178 82
1716238071423 0.9961925586995302 83
1716238074662 0.9961963804133261 84
1716238077984 0.9962764933244005 85
1716238081375 0.9962609804030774 86
1716238084665 0.9962462653567524 87
1716238087975 0.9962409277269225 88
1716238091375 0.9961851284744407 89
1716238094628 0.9961935645407467 90
1716238097987 0.9963040244407708 91
1716238101259 0.9963606666203554 92
1716238104557 0.9962641517853217 93
1716238107798 0.9962167369074993 94
1716238111185 0.9962299798402687 95
1716238114477 0.9960582668021691 96
1716238117826 0.9963488150279084 97
1716238121134 0.9962139874527878 98
1716238125422 0.9964275516808367 99
