1716237798562 0.4920571006898162 1
1716237801651 0.5585005480251779 2
1716237804889 0.5757920331605485 3
1716237808187 0.5936165966501685 4
1716237811418 0.620195607960762 5
1716237814857 0.6375771595540937 6
1716237818195 0.6505933026994581 7
1716237821542 0.6583366907577821 8
1716237824950 0.6625143222665764 9
1716237828235 0.6684297200963545 10
1716237831597 0.6722552596714294 11
1716237834895 0.675752212383901 12
1716237838299 0.6792242065991922 13
1716237841522 0.6810944691965597 14
1716237844776 0.6835944621585633 15
1716237848128 0.6866422373381864 16
1716237851396 0.6878446416532835 17
1716237854751 0.6883942592044019 18
1716237858035 0.6904015111082457 19
1716237861252 0.6903039699099025 20
1716237864518 0.6912760743873536 21
1716237867790 0.6942524576398836 22
1716237871083 0.6945704176932777 23
1716237874323 0.6965873080834282 24
1716237877654 0.6998850598103138 25
1716237880848 0.6995154750544117 26
1716237884134 0.6992424213691348 27
1716237887487 0.7010074002647376 28
1716237890810 0.7020926600343403 29
1716237894170 0.7036813166871688 30
1716237897464 0.7053744229807639 31
1716237900714 0.7063670769143717 32
1716237903986 0.7081839776650103 33
1716237908184 0.7065180204319496 34
1716237911557 0.7105368531796957 35
1716237914853 0.7094876873603041 36
1716237918090 0.711794560782638 37
1716237922016 0.7114211962803492 38
1716237925354 0.7122646823769968 39
1716237928694 0.7125170702255675 40
1716237932016 0.7149914879809212 41
1716237935422 0.713992843215634 42
1716237938767 0.716724031025155 43
1716237942075 0.7177861506375172 44
1716237945432 0.7175127971734776 45
1716237948763 0.7180822613859461 46
1716237952154 0.7163592779013143 47
1716237955460 0.7181418818156056 48
1716237958758 0.7180560756230521 49
1716237961988 0.7207882988155839 50
1716237965203 0.7210874969984412 51
1716237968340 0.7214461171613309 52
1716237971346 0.7207385186880433 53
1716237974560 0.7209160966244393 54
1716237977803 0.7206027006596731 55
1716237981062 0.7247509905941977 56
1716237984471 0.723223748555009 57
1716237987790 0.7254338470150363 58
1716237991091 0.7252328522537173 59
1716237994423 0.7269506459261096 60
1716237997701 0.7254999841443359 61
1716238000900 0.7267215883456304 62
1716238004232 0.729830653060275 63
1716238007455 0.7268232188482345 64
1716238010990 0.725529765059777 65
1716238015014 0.7279458025203318 66
1716238018372 0.7309501816051518 67
1716238021666 0.7327324641454975 68
1716238024892 0.730564311037295 69
1716238028133 0.7299853484278531 70
1716238032073 0.7312783876861685 71
1716238035320 0.7319111848245353 72
1716238038593 0.7322916429491705 73
1716238041827 0.7332237663507595 74
1716238045056 0.734822924647132 75
1716238048363 0.7337878442010821 76
1716238051625 0.7336681109948248 77
1716238054847 0.7345578998519329 78
1716238058132 0.7345962983590366 79
1716238061430 0.733468258363992 80
1716238064803 0.7338938056501211 81
1716238068084 0.7351491129025864 82
1716238071423 0.7372773637631853 83
1716238074662 0.7361447357729443 84
1716238077984 0.7361226593348423 85
1716238081375 0.7362407250152023 86
1716238084665 0.7377943608324689 87
1716238087975 0.7384188660119912 88
1716238091375 0.7375632620486616 89
1716238094628 0.7369143560529454 90
1716238097987 0.7374035908930527 91
1716238101259 0.7382179991298397 92
1716238104557 0.7379617958813799 93
1716238107798 0.7381306848090401 94
1716238111185 0.7380422162049285 95
1716238114477 0.738946685601873 96
1716238117826 0.7386202101204302 97
1716238121134 0.7393338211134489 98
1716238125422 0.7404653471434133 99
