1716237798562 0.7662796340679928 1
1716237801651 0.8267920154888387 2
1716237804889 0.8367859935884453 3
1716237808187 0.8444958837246148 4
1716237811418 0.8568197709295589 5
1716237814857 0.8623360790431546 6
1716237818195 0.8690585698875054 7
1716237821542 0.8733758918777172 8
1716237824950 0.8758524174927721 9
1716237828235 0.878569725516608 10
1716237831597 0.8806864497454016 11
1716237834895 0.8824469055748173 12
1716237838299 0.8841587513114495 13
1716237841522 0.8853203931460215 14
1716237844776 0.8863199372027362 15
1716237848128 0.8878843037273572 16
1716237851396 0.8884043863890576 17
1716237854751 0.8887931141760131 18
1716237858035 0.8895414794009227 19
1716237861252 0.8895617548903496 20
1716237864518 0.8900392935294504 21
1716237867790 0.891333565779214 22
1716237871083 0.8915467045762707 23
1716237874323 0.8924562406858217 24
1716237877654 0.8939169260684543 25
1716237880848 0.893886712272365 26
1716237884134 0.8939979697966717 27
1716237887487 0.8944983930035281 28
1716237890810 0.8951569886902396 29
1716237894170 0.8959595017716026 30
1716237897464 0.8964704433153798 31
1716237900714 0.8971508864970047 32
1716237903986 0.897776026415952 33
1716237908184 0.8973880881264316 34
1716237911557 0.8989696168832362 35
1716237914853 0.8983805948012303 36
1716237918090 0.8994260664994078 37
1716237922016 0.8992977807413286 38
1716237925354 0.899754241094854 39
1716237928694 0.8998815129728055 40
1716237932016 0.9011525861555905 41
1716237935422 0.9006437590809835 42
1716237938767 0.9019268854235752 43
1716237942075 0.9023968082758617 44
1716237945432 0.9023432565295159 45
1716237948763 0.9025112167182316 46
1716237952154 0.9015763868836393 47
1716237955460 0.9025520412115831 48
1716237958758 0.9026739805686494 49
1716237961988 0.9037895772873895 50
1716237965203 0.9041217604107938 51
1716237968340 0.9041940576480749 52
1716237971346 0.9037667719932563 53
1716237974560 0.9040034161069912 54
1716237977803 0.9039592268528367 55
1716237981062 0.9059344873431809 56
1716237984471 0.9050886501500471 57
1716237987790 0.9061839062802338 58
1716237991091 0.9059252455523449 59
1716237994423 0.906711344280527 60
1716237997701 0.9061664558714572 61
1716238000900 0.9067117091599791 62
1716238004232 0.9081289878677621 63
1716238007455 0.9067558889512921 64
1716238010990 0.9059897453932333 65
1716238015014 0.9071576916456456 66
1716238018372 0.9086136569992519 67
1716238021666 0.9093972099450985 68
1716238024892 0.9083803835941419 69
1716238028133 0.9081188435215429 70
1716238032073 0.9089316386505564 71
1716238035320 0.9090326822533527 72
1716238038593 0.9093037660440061 73
1716238041827 0.9095506486370609 74
1716238045056 0.9102550066400608 75
1716238048363 0.9097557794079741 76
1716238051625 0.9098631959871781 77
1716238054847 0.9101960579601791 78
1716238058132 0.9104382028142686 79
1716238061430 0.909631584672872 80
1716238064803 0.909803110343116 81
1716238068084 0.9104601890357608 82
1716238071423 0.9114749145168443 83
1716238074662 0.9109307150414634 84
1716238077984 0.9108408122176151 85
1716238081375 0.9108521907326548 86
1716238084665 0.9116592278674001 87
1716238087975 0.9119248846105151 88
1716238091375 0.9115517177014968 89
1716238094628 0.911208050412284 90
1716238097987 0.911304539300723 91
1716238101259 0.911732306605054 92
1716238104557 0.9115772580308564 93
1716238107798 0.9118052821342348 94
1716238111185 0.9117949556197544 95
1716238114477 0.9124319587076246 96
1716238117826 0.9119781301740301 97
1716238121134 0.9123992231733821 98
1716238125422 0.9125650049919977 99
