1717708883694 0.024283229813664597 1
1717708885586 0.37178136645962734 2
1717708887223 0.5554037267080745 3
1717708888694 0.38122732919254654 4
1717708890136 0.6530086956521739 5
1717708891582 0.5356223602484472 6
1717708893190 0.7728347826086956 7
1717708894590 0.47524968944099377 8
1717708896140 0.7556422360248447 9
1717708897730 0.7078906832298137 10
1717708899523 0.6229565217391304 11
1717708901061 0.5399453416149068 12
1717708902582 0.7193987577639751 13
1717708904115 0.6974459627329193 14
1717708905646 0.614360248447205 15
1717708907259 0.7779180124223602 16
1717708909028 0.7055354037267081 17
1717708910553 0.7811180124223602 18
1717708912135 0.7435478260869566 19
1717708913978 0.7539826086956521 20
1717708915484 0.7023801242236025 21
1717708916889 0.6361987577639752 22
1717708918415 0.7723726708074534 23
1717708919912 0.7098285714285715 24
1717708921463 0.6874385093167702 25
1717708922851 0.6712447204968944 26
1717708924446 0.7135751552795031 27
1717708925854 0.7051329192546584 28
1717708927343 0.7757913043478261 29
1717708928928 0.7124024844720497 30
1717708930361 0.554911801242236 31
1717708931847 0.7177639751552796 32
1717708933401 0.7694310559006211 33
1717708934872 0.6707776397515528 34
1717708936372 0.7533913043478261 35
1717708937808 0.6882981366459627 36
1717708939503 0.6992049689440993 37
1717708940970 0.7288099378881987 38
1717708942510 0.7597863354037266 39
1717708944194 0.7139378881987577 40
1717708945755 0.7166807453416149 41
1717708947633 0.6044223602484472 42
1717708949865 0.702295652173913 43
1717708951546 0.6700869565217391 44
1717708953305 0.5873242236024845 45
1717708954938 0.6731925465838509 46
1717708956481 0.7586186335403726 47
1717708957924 0.6766906832298136 48
1717708959377 0.7228024844720498 49
1717708960959 0.7062608695652174 50
1717708962414 0.6061763975155279 51
1717708963896 0.6308223602484472 52
1717708965475 0.6217192546583851 53
1717708966969 0.7143503105590062 54
1717708968554 0.6479751552795031 55
1717708970049 0.7489788819875776 56
1717708971649 0.6541068322981367 57
1717708973107 0.8142857142857143 58
1717708974570 0.8089788819875776 59
1717708976042 0.783567701863354 60
1717708977698 0.7801590062111801 61
1717708979429 0.4651975155279503 62
1717708980870 0.7004124223602484 63
1717708982280 0.7743900621118013 64
1717708983760 0.8086211180124223 65
1717708985238 0.6911304347826087 66
1717708986872 0.7166459627329193 67
1717708988358 0.6436571428571429 68
1717708989953 0.7890037267080745 69
1717708991422 0.7657093167701863 70
1717708992876 0.6917416149068323 71
1717708994282 0.7694012422360248 72
1717708995952 0.7594583850931678 73
1717708997530 0.6840546583850932 74
1717708999233 0.7717465838509316 75
1717709000805 0.7518459627329193 76
1717709002493 0.5944745341614908 77
1717709004079 0.639776397515528 78
1717709005654 0.731095652173913 79
1717709007107 0.6436422360248447 80
1717709008640 0.6991900621118012 81
1717709010100 0.7004372670807453 82
1717709011455 0.7907677018633541 83
1717709012992 0.674688198757764 84
1717709014630 0.516944099378882 85
1717709016164 0.6611229813664596 86
1717709017819 0.7949018633540372 87
1717709019358 0.7088248447204969 88
1717709020923 0.6609739130434782 89
1717709022456 0.5868571428571429 90
1717709023990 0.7401639751552795 91
1717709025507 0.6919254658385093 92
1717709027206 0.6525763975155279 93
1717709028703 0.6327403726708074 94
1717709030215 0.6563329192546583 95
1717709031658 0.7143304347826087 96
1717709033095 0.7183503105590062 97
1717709034637 0.6500273291925466 98
1717709036459 0.6945242236024844 99
1717709041906 0.6945242236024844 0
