1717708883694 0.9241826628083526 1
1717708885586 0.9828345412826808 2
1717708887223 0.9816964024407443 3
1717708888694 0.9800249547992399 4
1717708890136 0.9831628108983944 5
1717708891582 0.9833472866409132 6
1717708893190 0.9838319563180413 7
1717708894590 0.9808088415085664 8
1717708896140 0.9837549159288759 9
1717708897730 0.9826641325548529 10
1717708899523 0.9819259195897696 11
1717708901061 0.9848771698756873 12
1717708902582 0.9817278379694303 13
1717708904115 0.9830207002202268 14
1717708905646 0.9833541452059238 15
1717708907259 0.9833322434893473 16
1717708909028 0.982809222238407 17
1717708910553 0.9825038230386116 18
1717708912135 0.9823506105833438 19
1717708913978 0.97985318053175 20
1717708915484 0.9828063428305246 21
1717708916889 0.9806936337265008 22
1717708918415 0.9826958536949325 23
1717708919912 0.9817035532246025 24
1717708921463 0.9822544327501688 25
1717708922851 0.9810952049113787 26
1717708924446 0.9822013214105421 27
1717708925854 0.9815730844549446 28
1717708927343 0.9820405849097045 29
1717708928928 0.9809184496857718 30
1717708930361 0.9805766816015391 31
1717708931847 0.9813538599399068 32
1717708933401 0.98035482691842 33
1717708934872 0.9818681024091188 34
1717708936372 0.9813627661851425 35
1717708937808 0.9796988821294222 36
1717708939503 0.9812519325269438 37
1717708940970 0.9811210022094645 38
1717708942510 0.9807469857003062 39
1717708944194 0.9816717144595215 40
1717708945755 0.9810289828478886 41
1717708947633 0.9812124246474112 42
1717708949865 0.9830312943071492 43
1717708951546 0.9787763533285366 44
1717708953305 0.9820599663494802 45
1717708954938 0.9802691594599829 46
1717708956481 0.9802162053123845 47
1717708957924 0.9820711364322123 48
1717708959377 0.9808865670707421 49
1717708960959 0.9806835869831483 50
1717708962414 0.980369013036851 51
1717708963896 0.9797414742264088 52
1717708965475 0.981833420069231 53
1717708966969 0.9813160115903214 54
1717708968554 0.9812550653349542 55
1717708970049 0.9810199024822642 56
1717708971649 0.9808209015361398 57
1717708973107 0.9798423205996452 58
1717708974570 0.9809658736042525 59
1717708976042 0.9801932935230513 60
1717708977698 0.9798884891008254 61
1717708979429 0.9792888401958616 62
1717708980870 0.9803759588980389 63
1717708982280 0.9808191096552047 64
1717708983760 0.9788200630351165 65
1717708985238 0.9800606583291425 66
1717708986872 0.9792083642702787 67
1717708988358 0.9810604623883563 68
1717708989953 0.9800689656603704 69
1717708991422 0.9798953748528784 70
1717708992876 0.9813503275618013 71
1717708994282 0.9796735156717528 72
1717708995952 0.9796630164766308 73
1717708997530 0.9784081525593613 74
1717708999233 0.9810725785618719 75
1717709000805 0.9800147161559324 76
1717709002493 0.9797231906066901 77
1717709004079 0.9794023472557694 78
1717709005654 0.9797315120307601 79
1717709007107 0.9795093962775586 80
1717709008640 0.9803255510327532 81
1717709010100 0.9822110501700244 82
1717709011455 0.9787777869987822 83
1717709012992 0.9809027557059111 84
1717709014630 0.981182751528119 85
1717709016164 0.9786554937871988 86
1717709017819 0.9792881161338234 87
1717709019358 0.980402017867418 88
1717709020923 0.9761983699484773 89
1717709022456 0.9809277272958985 90
1717709023990 0.9795027983719329 91
1717709025507 0.9793924042494783 92
1717709027206 0.9800245821066504 93
1717709028703 0.9809753471401226 94
1717709030215 0.9816242582344954 95
1717709031658 0.9814133866660564 96
1717709033095 0.9808406807701763 97
1717709034637 0.980403620654299 98
1717709036459 0.9809433596785596 99
