1717708883694 0.3751698136329651 1
1717708885586 0.49195799231529236 2
1717708887223 0.5262148976325989 3
1717708888694 0.5299445986747742 4
1717708890136 0.5359987020492554 5
1717708891582 0.537867546081543 6
1717708893190 0.5424400568008423 7
1717708894590 0.5419750809669495 8
1717708896140 0.5428723692893982 9
1717708897730 0.5463773012161255 10
1717708899523 0.5475748181343079 11
1717708901061 0.5437172651290894 12
1717708902582 0.5464859008789062 13
1717708904115 0.5442189574241638 14
1717708905646 0.5464327931404114 15
1717708907259 0.5489484071731567 16
1717708909028 0.5508639812469482 17
1717708910553 0.5528133511543274 18
1717708912135 0.5522504448890686 19
1717708913978 0.556374728679657 20
1717708915484 0.5527486205101013 21
1717708916889 0.5556364059448242 22
1717708918415 0.5515342354774475 23
1717708919912 0.5545545816421509 24
1717708921463 0.5569748282432556 25
1717708922851 0.5580230355262756 26
1717708924446 0.5550265908241272 27
1717708925854 0.557744026184082 28
1717708927343 0.5593659281730652 29
1717708928928 0.558547854423523 30
1717708930361 0.5613884329795837 31
1717708931847 0.5632786154747009 32
1717708933401 0.5625382661819458 33
1717708934872 0.5614856481552124 34
1717708936372 0.5637421011924744 35
1717708937808 0.5656905770301819 36
1717708939503 0.5652839541435242 37
1717708940970 0.5663835406303406 38
1717708942510 0.5667350888252258 39
1717708944194 0.5622426867485046 40
1717708945755 0.5614015460014343 41
1717708947633 0.5619032979011536 42
1717708949865 0.5605922937393188 43
1717708951546 0.5654540061950684 44
1717708953305 0.5609795451164246 45
1717708954938 0.5688692927360535 46
1717708956481 0.5672891139984131 47
1717708957924 0.569238543510437 48
1717708959377 0.5713638663291931 49
1717708960959 0.5726568102836609 50
1717708962414 0.5701881647109985 51
1717708963896 0.5655993223190308 52
1717708965475 0.5665673613548279 53
1717708966969 0.5669252276420593 54
1717708968554 0.570432186126709 55
1717708970049 0.5712528824806213 56
1717708971649 0.5702930688858032 57
1717708973107 0.5744489431381226 58
1717708974570 0.5723182559013367 59
1717708976042 0.5743181109428406 60
1717708977698 0.5711320638656616 61
1717708979429 0.5738170742988586 62
1717708980870 0.572511613368988 63
1717708982280 0.5760390758514404 64
1717708983760 0.5760563015937805 65
1717708985238 0.5799871683120728 66
1717708986872 0.5756075382232666 67
1717708988358 0.576556384563446 68
1717708989953 0.5713627338409424 69
1717708991422 0.5752239227294922 70
1717708992876 0.5765210390090942 71
1717708994282 0.5781762003898621 72
1717708995952 0.5776683688163757 73
1717708997530 0.58066326379776 74
1717708999233 0.5752725005149841 75
1717709000805 0.5771133899688721 76
1717709002493 0.5793218612670898 77
1717709004079 0.5797131061553955 78
1717709005654 0.5772106051445007 79
1717709007107 0.5777029991149902 80
1717709008640 0.5754299759864807 81
1717709010100 0.5773822069168091 82
1717709011455 0.5832480788230896 83
1717709012992 0.5818790197372437 84
1717709014630 0.5825160145759583 85
1717709016164 0.5799497365951538 86
1717709017819 0.5755347013473511 87
1717709019358 0.5802688002586365 88
1717709020923 0.5750410556793213 89
1717709022456 0.5740108489990234 90
1717709023990 0.578947901725769 91
1717709025507 0.5808896422386169 92
1717709027206 0.5836864113807678 93
1717709028703 0.5836117267608643 94
1717709030215 0.5831048488616943 95
1717709031658 0.5796929001808167 96
1717709033095 0.5838623642921448 97
1717709034637 0.5873845815658569 98
1717709036459 0.5856578946113586 99
