1717708883694 0.9930578119218507 1
1717708885586 0.998681784507799 2
1717708887223 0.9986462636474212 3
1717708888694 0.9985243881985305 4
1717708890136 0.9987839416181516 5
1717708891582 0.9987828724270119 6
1717708893190 0.9988275967717624 7
1717708894590 0.9986072556234962 8
1717708896140 0.998821182454238 9
1717708897730 0.9987499824818982 10
1717708899523 0.9986977038473832 11
1717708901061 0.9989116942858509 12
1717708902582 0.99868811381855 13
1717708904115 0.9987815462941368 14
1717708905646 0.9988057453028316 15
1717708907259 0.9987968853446417 16
1717708909028 0.9987566632753158 17
1717708910553 0.9987480992905563 18
1717708912135 0.9987419064944995 19
1717708913978 0.9985668544404284 20
1717708915484 0.9987763880453248 21
1717708916889 0.9986177849814096 22
1717708918415 0.998760665000605 23
1717708919912 0.9986791419293205 24
1717708921463 0.9987379409936781 25
1717708922851 0.9986357613052338 26
1717708924446 0.9987203279437625 27
1717708925854 0.9986749133490737 28
1717708927343 0.9987217204254549 29
1717708928928 0.9986328548773376 30
1717708930361 0.9986247125025471 31
1717708931847 0.9986656830470603 32
1717708933401 0.9986096326052172 33
1717708934872 0.9987111940999698 34
1717708936372 0.9986703129524798 35
1717708937808 0.9985661327072408 36
1717708939503 0.9986666036694434 37
1717708940970 0.9986678460081427 38
1717708942510 0.9986416975293513 39
1717708944194 0.9987089172793169 40
1717708945755 0.9986686987297267 41
1717708947633 0.9986609500838017 42
1717708949865 0.9988009712823239 43
1717708951546 0.99849459560057 44
1717708953305 0.9987229907380231 45
1717708954938 0.9986053070536147 46
1717708956481 0.9985952840952473 47
1717708957924 0.9987398289472255 48
1717708959377 0.9986451488839005 49
1717708960959 0.9986339331802195 50
1717708962414 0.9986092629041952 51
1717708963896 0.9985604887021072 52
1717708965475 0.9987172437628054 53
1717708966969 0.9986634675987818 54
1717708968554 0.9986371040342579 55
1717708970049 0.9986563200299611 56
1717708971649 0.9986332361963671 57
1717708973107 0.9985609269019011 58
1717708974570 0.998663117575855 59
1717708976042 0.9985821783442344 60
1717708977698 0.9985739667591268 61
1717708979429 0.9985244779010957 62
1717708980870 0.9986081936534131 63
1717708982280 0.9986222931270552 64
1717708983760 0.9984960611533559 65
1717708985238 0.998578552506341 66
1717708986872 0.9985261648235373 67
1717708988358 0.998641515257045 68
1717708989953 0.9985680377733182 69
1717708991422 0.9985650764110754 70
1717708992876 0.9986828852402345 71
1717708994282 0.9985510247312421 72
1717708995952 0.9985360932167342 73
1717708997530 0.998448574107442 74
1717708999233 0.9986646322977188 75
1717709000805 0.9985750673523264 76
1717709002493 0.99855357797935 77
1717709004079 0.9985254150785438 78
1717709005654 0.998548435466589 79
1717709007107 0.9985389676134921 80
1717709008640 0.9985895744433169 81
1717709010100 0.9987295015866623 82
1717709011455 0.9984889859908619 83
1717709012992 0.9986522436746889 84
1717709014630 0.9986586944823687 85
1717709016164 0.9984671575120777 86
1717709017819 0.9985118503882581 87
1717709019358 0.9986029873934259 88
1717709020923 0.998262754748416 89
1717709022456 0.9986413766803447 90
1717709023990 0.9985308706292361 91
1717709025507 0.9985081758850193 92
1717709027206 0.9985821502430331 93
1717709028703 0.9986363942517109 94
1717709030215 0.9986810745812663 95
1717709031658 0.9986737807312966 96
1717709033095 0.9986256769765096 97
1717709034637 0.9985892716023401 98
1717709036459 0.9986347193598027 99
