1717444256906 0.09708380621157432 1
1717444262021 0.11877157974292865 2
1717444266590 0.1279489965290411 3
1717444271223 0.1279489965290411 4
1717444276066 0.14043417732335053 5
1717444280589 0.14043417732335053 6
1717444285098 0.14043417732335053 7
1717444289680 0.14043417732335053 8
1717444294349 0.14043417732335053 9
1717444298920 0.14043417732335053 10
1717444303462 0.14043417732335053 11
1717444308123 0.14043417732335053 12
1717444312715 0.14043417732335053 13
1717444317305 0.15228582261057863 14
1717444321889 0.15228582261057863 15
1717444326881 0.15228582261057863 16
1717444331945 0.15228582261057863 17
1717444336616 0.15228582261057863 18
1717444340831 0.15228582261057863 19
1717444345106 0.15228582261057863 20
1717444349438 0.15228582261057863 21
1717444353684 0.15228582261057863 22
1717444357874 0.15228582261057863 23
1717444362086 0.15228582261057863 24
1717444366166 0.15228582261057863 25
1717444370337 0.15228582261057863 26
1717444374528 0.15228582261057863 27
1717444378730 0.15228582261057863 28
1717444383014 0.15228582261057863 29
1717444387575 0.15228582261057863 30
1717444391897 0.15228582261057863 31
1717444396164 0.15228582261057863 32
1717444400397 0.15228582261057863 33
1717444404662 0.15228582261057863 34
1717444408982 0.15228582261057863 35
1717444413235 0.15228582261057863 36
1717444417559 0.15228582261057863 37
1717444421840 0.15228582261057863 38
1717444426062 0.15228582261057863 39
1717444430274 0.15228582261057863 40
1717444434759 0.15228582261057863 41
1717444438981 0.15228582261057863 42
1717444443232 0.15228582261057863 43
1717444447673 0.15228582261057863 44
1717444452059 0.15228582261057863 45
1717444456362 0.15228582261057863 46
1717444460599 0.15228582261057863 47
1717444464830 0.15228582261057863 48
1717444468984 0.15228582261057863 49
1717444473303 0.15228582261057863 50
1717444477682 0.15228582261057863 51
1717444481894 0.15228582261057863 52
1717444486179 0.15228582261057863 53
1717444490416 0.15228582261057863 54
1717444494745 0.15228582261057863 55
1717444498958 0.15228582261057863 56
1717444503258 0.15228582261057863 57
1717444507473 0.15228582261057863 58
1717444511669 0.15228582261057863 59
1717444516381 0.15228582261057863 60
1717444520823 0.15228582261057863 61
1717444525013 0.15228582261057863 62
1717444529323 0.15228582261057863 63
1717444533640 0.15228582261057863 64
1717444537970 0.15228582261057863 65
1717444542116 0.15228582261057863 66
1717444546334 0.15228582261057863 67
1717444550548 0.15228582261057863 68
1717444554768 0.15228582261057863 69
1717444559041 0.15228582261057863 70
1717444563238 0.15228582261057863 71
1717444567360 0.15228582261057863 72
1717444571522 0.15228582261057863 73
1717444575637 0.15228582261057863 74
1717444579919 0.15228582261057863 75
1717444584250 0.15228582261057863 76
1717444588358 0.15228582261057863 77
1717444592613 0.15228582261057863 78
1717444597077 0.15228582261057863 79
1717444601309 0.15228582261057863 80
1717444605590 0.15228582261057863 81
1717444609821 0.15228582261057863 82
1717444614097 0.15228582261057863 83
1717444618303 0.15228582261057863 84
1717444622454 0.15228582261057863 85
1717444626599 0.15228582261057863 86
1717444631021 0.15228582261057863 87
1717444635670 0.15228582261057863 88
1717444640223 0.15228582261057863 89
1717444644929 0.15228582261057863 90
1717444649717 0.15228582261057863 91
1717444654540 0.15228582261057863 92
1717444659367 0.15228582261057863 93
1717444664106 0.15228582261057863 94
1717444668827 0.15228582261057863 95
1717444673548 0.15228582261057863 96
1717444678184 0.15228582261057863 97
1717444682957 0.15228582261057863 98
1717444687653 0.15228582261057863 99
