1717444256906 63036.0 1
1717444262021 77436.0 2
1717444266590 84612.0 3
1717444271223 84612.0 4
1717444276066 92324.0 5
1717444280589 92324.0 6
1717444285098 92324.0 7
1717444289680 92324.0 8
1717444294349 92324.0 9
1717444298920 92324.0 10
1717444303462 92324.0 11
1717444308123 92324.0 12
1717444312715 92324.0 13
1717444317305 99496.0 14
1717444321889 99496.0 15
1717444326881 99496.0 16
1717444331945 99496.0 17
1717444336616 99496.0 18
1717444340831 99496.0 19
1717444345106 99496.0 20
1717444349438 99496.0 21
1717444353684 99496.0 22
1717444357874 99496.0 23
1717444362086 99496.0 24
1717444366166 99496.0 25
1717444370337 99496.0 26
1717444374528 99496.0 27
1717444378730 99496.0 28
1717444383014 99496.0 29
1717444387575 99496.0 30
1717444391897 99496.0 31
1717444396164 99496.0 32
1717444400397 99496.0 33
1717444404662 99496.0 34
1717444408982 99496.0 35
1717444413235 99496.0 36
1717444417559 99496.0 37
1717444421840 99496.0 38
1717444426062 99496.0 39
1717444430274 99496.0 40
1717444434759 99496.0 41
1717444438981 99496.0 42
1717444443232 99496.0 43
1717444447673 99496.0 44
1717444452059 99496.0 45
1717444456362 99496.0 46
1717444460599 99496.0 47
1717444464830 99496.0 48
1717444468984 99496.0 49
1717444473303 99496.0 50
1717444477682 99496.0 51
1717444481894 99496.0 52
1717444486179 99496.0 53
1717444490416 99496.0 54
1717444494745 99496.0 55
1717444498958 99496.0 56
1717444503258 99496.0 57
1717444507473 99496.0 58
1717444511669 99496.0 59
1717444516381 99496.0 60
1717444520823 99496.0 61
1717444525013 99496.0 62
1717444529323 99496.0 63
1717444533640 99496.0 64
1717444537970 99496.0 65
1717444542116 99496.0 66
1717444546334 99496.0 67
1717444550548 99496.0 68
1717444554768 99496.0 69
1717444559041 99496.0 70
1717444563238 99496.0 71
1717444567360 99496.0 72
1717444571522 99496.0 73
1717444575637 99496.0 74
1717444579919 99496.0 75
1717444584250 99496.0 76
1717444588358 99496.0 77
1717444592613 99496.0 78
1717444597077 99496.0 79
1717444601309 99496.0 80
1717444605590 99496.0 81
1717444609821 99496.0 82
1717444614097 99496.0 83
1717444618303 99496.0 84
1717444622454 99496.0 85
1717444626599 99496.0 86
1717444631021 99496.0 87
1717444635670 99496.0 88
1717444640223 99496.0 89
1717444644929 99496.0 90
1717444649717 99496.0 91
1717444654540 99496.0 92
1717444659367 99496.0 93
1717444664106 99496.0 94
1717444668827 99496.0 95
1717444673548 99496.0 96
1717444678184 99496.0 97
1717444682957 99496.0 98
1717444687653 99496.0 99
