1717443993032 0.8493627440579197 1
1717443994693 0.8905162399842874 2
1717443996614 0.9009760671591133 3
1717443998219 0.9232920438085065 4
1717443999907 0.916349334195688 5
1717444001509 0.9296388079685389 6
1717444003114 0.9184088391560022 7
1717444004705 0.9419448488720901 8
1717444006727 0.9443649165666343 9
1717444008795 0.9483305829265101 10
1717444010621 0.9501168569086218 11
1717444012249 0.9590620732334404 12
1717444013927 0.9613296858318927 13
1717444015599 0.9578199181814754 14
1717444017247 0.9618428790025766 15
1717444018854 0.9635529268672656 16
1717444020479 0.9667416210429235 17
1717444022104 0.9743202919211624 18
1717444023750 0.9731007597749103 19
1717444025376 0.9823833862625706 20
1717444026998 0.967905232302786 21
1717444028607 0.9731344938405169 22
1717444030226 0.9811465551842696 23
1717444031910 0.9733013469626418 24
1717444033541 0.9764312639618614 25
1717444035176 0.9767127438624555 26
1717444036803 0.977629933996462 27
1717444038417 0.9735459911523223 28
1717444040048 0.9634668386316544 29
1717444041652 0.9776554004844115 30
1717444043275 0.9754914555146651 31
1717444044861 0.9732327864425007 32
1717444046481 0.9819218594026935 33
1717444048109 0.9817818490003934 34
1717444049762 0.981683168281834 35
1717444051459 0.9847867044080864 36
1717444053102 0.9809457617937113 37
1717444054732 0.9774261007588528 38
1717444056629 0.9772978822916973 39
1717444058214 0.9802160437436915 40
1717444059852 0.9830089068749681 41
1717444061484 0.9828287360309164 42
1717444063113 0.9777476172347539 43
1717444064723 0.974268919428108 44
1717444066362 0.9857190550170244 45
1717444067974 0.9824620365691163 46
1717444069632 0.9810269964493552 47
1717444071349 0.9834222056392654 48
1717444073006 0.9842583531521955 49
1717444074622 0.9859764584297466 50
1717444076249 0.9802964735901252 51
1717444077879 0.984788092965762 52
1717444079512 0.9851070586461617 53
1717444081167 0.9839094423891549 54
1717444082834 0.9843834518957256 55
1717444084485 0.9855685824846778 56
1717444086118 0.9858126950029108 57
1717444087818 0.9834452527069489 58
1717444089457 0.9847281904973263 59
1717444091100 0.984961522182885 60
1717444092751 0.9889508648348075 61
1717444094373 0.9872074921838301 62
1717444096017 0.9896574583960278 63
1717444097632 0.9835031211720162 64
1717444099285 0.973140521359545 65
1717444100899 0.968436460312506 66
1717444102543 0.9796928642469369 67
1717444104168 0.9776590764672276 68
1717444105816 0.985318421427578 69
1717444107484 0.968609915027602 70
1717444109118 0.9700430527069708 71
1717444110743 0.9709480301854655 72
1717444112391 0.9742702186805386 73
1717444114033 0.9742513097105582 74
1717444115978 0.9823235554464619 75
1717444117660 0.9868511356362825 76
1717444119306 0.9794176264205382 77
1717444120947 0.9837673696530975 78
1717444122573 0.9846157417742842 79
1717444124194 0.9858261822610278 80
1717444125818 0.9902076812644546 81
1717444127452 0.984826573301157 82
1717444129075 0.9883283830131953 83
1717444131086 0.9890925762958194 84
1717444133228 0.9863131728739408 85
1717444135306 0.9875013337470174 86
1717444137354 0.9835124376545844 87
1717444139026 0.9881102577210825 88
1717444140705 0.9909698628918641 89
1717444142370 0.989562202736146 90
1717444144008 0.9883748300117815 91
1717444145636 0.9842332618593209 92
1717444147284 0.9871436442104502 93
1717444148948 0.9921917077965176 94
1717444150563 0.9916858476072387 95
1717444152218 0.9926283903371319 96
1717444153953 0.9899248963076779 97
1717444155622 0.9903291341186833 98
1717444157274 0.9892240093372108 99
