1717443993032 0.2152044854083876 1
1717443994693 0.2892944665523425 2
1717443996614 0.3363890662728653 3
1717443998219 0.3742249397385799 4
1717443999907 0.381568499458761 5
1717444001509 0.4220368058467528 6
1717444003114 0.4440948402087078 7
1717444004705 0.46430993800386994 8
1717444006727 0.4833948377223006 9
1717444008795 0.5129969364783332 10
1717444010621 0.5319970434078539 11
1717444012249 0.5475859518467363 12
1717444013927 0.5671304692875717 13
1717444015599 0.5700642070810095 14
1717444017247 0.5698005532174533 15
1717444018854 0.5714219705491221 16
1717444020479 0.6132325393895754 17
1717444022104 0.6119065902091394 18
1717444023750 0.6276456206512444 19
1717444025376 0.62559853161044 20
1717444026998 0.6230164058031417 21
1717444028607 0.6161502253557251 22
1717444030226 0.5946221757159783 23
1717444031910 0.6037913841650749 24
1717444033541 0.6198853314718046 25
1717444035176 0.6108262083317741 26
1717444036803 0.6164125836903684 27
1717444038417 0.5632065592871041 28
1717444040048 0.5811346046237907 29
1717444041652 0.6039786415708204 30
1717444043275 0.6127582719841845 31
1717444044861 0.6289405736602509 32
1717444046481 0.6325538589297883 33
1717444048109 0.6406978633054555 34
1717444049762 0.6476393618279156 35
1717444051459 0.63577678889159 36
1717444053102 0.6521825639713269 37
1717444054732 0.6423558130726296 38
1717444056629 0.6490995053032299 39
1717444058214 0.6624528132792245 40
1717444059852 0.6363626629632029 41
1717444061484 0.6166373127793924 42
1717444063113 0.6261852802420945 43
1717444064723 0.6703014116390811 44
1717444066362 0.6479189018123479 45
1717444067974 0.6493818771007788 46
1717444069632 0.6498960607171123 47
1717444071349 0.6488909617650525 48
1717444073006 0.6649521701725487 49
1717444074622 0.6921692895446299 50
1717444076249 0.6848345810883522 51
1717444077879 0.672385334208684 52
1717444079512 0.6887933754373314 53
1717444081167 0.6802111787334001 54
1717444082834 0.6652990697875716 55
1717444084485 0.7091903419913478 56
1717444086118 0.6650671254681585 57
1717444087818 0.6723898839539321 58
1717444089457 0.6907233100348159 59
1717444091100 0.6835932464408047 60
1717444092751 0.6930668495479831 61
1717444094373 0.7114395456491284 62
1717444096017 0.7024163876286168 63
1717444097632 0.6665367982145882 64
1717444099285 0.6245489154982241 65
1717444100899 0.6274785412476552 66
1717444102543 0.6477779578896021 67
1717444104168 0.6438700856571133 68
1717444105816 0.6683527538960096 69
1717444107484 0.6140906371628344 70
1717444109118 0.5631363950818455 71
1717444110743 0.5892963601482516 72
1717444112391 0.6137438964881295 73
1717444114033 0.6345907403352469 74
1717444115978 0.6214424199338225 75
1717444117660 0.6353283094239791 76
1717444119306 0.669832023756628 77
1717444120947 0.6870148096094849 78
1717444122573 0.7008369662856786 79
1717444124194 0.704563501574299 80
1717444125818 0.7155380676866523 81
1717444127452 0.7057450713141418 82
1717444129075 0.7150223729037118 83
1717444131086 0.7175358790961756 84
1717444133228 0.7012498939942828 85
1717444135306 0.7066713255807165 86
1717444137354 0.7325015270222223 87
1717444139026 0.737387986690531 88
1717444140705 0.7360673979239556 89
1717444142370 0.7425988532512667 90
1717444144008 0.7342453193902972 91
1717444145636 0.7099599038535113 92
1717444147284 0.7404531585364688 93
1717444148948 0.7413178962840783 94
1717444150563 0.7474131189329654 95
1717444152218 0.7121312738778082 96
1717444153953 0.7221714862743307 97
1717444155622 0.7198941185156655 98
1717444157274 0.7051646712890542 99
