1717443993032 0.707949501126401 1
1717443994693 0.5982133396587572 2
1717443996614 0.7503464453360962 3
1717443998219 0.7497608977786664 4
1717443999907 0.7844044208547158 5
1717444001509 0.8057811336041381 6
1717444003114 0.8567854787041618 7
1717444004705 0.827374405916894 8
1717444006727 0.8399748545972898 9
1717444008795 0.8589957290911213 10
1717444010621 0.869310225854048 11
1717444012249 0.8653468188804035 12
1717444013927 0.8783684904319154 13
1717444015599 0.8845082439625046 14
1717444017247 0.8798271377236108 15
1717444018854 0.8792349963175629 16
1717444020479 0.8988966178648627 17
1717444022104 0.8905361702585777 18
1717444023750 0.900447443591929 19
1717444025376 0.89248814052529 20
1717444026998 0.9002023325298775 21
1717444028607 0.8937888599338857 22
1717444030226 0.8768824559897322 23
1717444031910 0.8852901022877978 24
1717444033541 0.8930229353880402 25
1717444035176 0.8854990620231572 26
1717444036803 0.8892972901839398 27
1717444038417 0.8620214066434734 28
1717444040048 0.881439341018743 29
1717444041652 0.8804675325851484 30
1717444043275 0.891999366552566 31
1717444044861 0.900581137767489 32
1717444046481 0.8970276106296253 33
1717444048109 0.9009808588409222 34
1717444049762 0.9019088182902049 35
1717444051459 0.8937933348532646 36
1717444053102 0.9038281865704597 37
1717444054732 0.9014815572470161 38
1717444056629 0.9048048959447865 39
1717444058214 0.9113627954414161 40
1717444059852 0.8946538292939242 41
1717444061484 0.8797962112169263 42
1717444063113 0.8911887837331259 43
1717444064723 0.9180161916231396 44
1717444066362 0.900894461817096 45
1717444067974 0.9019187720075631 46
1717444069632 0.9045473171195031 47
1717444071349 0.9014262518528072 48
1717444073006 0.9078456676319094 49
1717444074622 0.920788639027711 50
1717444076249 0.9215647587383825 51
1717444077879 0.9128638934992156 52
1717444079512 0.9197837131435982 53
1717444081167 0.9163010851746959 54
1717444082834 0.9070374451153986 55
1717444084485 0.9265999518601321 56
1717444086118 0.9060606790141544 57
1717444087818 0.9125115980204026 58
1717444089457 0.9202489976125449 59
1717444091100 0.9179625269073275 60
1717444092751 0.916696509739742 61
1717444094373 0.9244910339709392 62
1717444096017 0.9189934256402704 63
1717444097632 0.9047924406019253 64
1717444099285 0.8925306356970807 65
1717444100899 0.9051361085925897 66
1717444102543 0.9047847336105613 67
1717444104168 0.9019501692559763 68
1717444105816 0.9112847189806572 69
1717444107484 0.8864633888473168 70
1717444109118 0.8609580510437856 71
1717444110743 0.8821192484322395 72
1717444112391 0.8874987411127053 73
1717444114033 0.9029884480051329 74
1717444115978 0.8868907115520045 75
1717444117660 0.8934478769267241 76
1717444119306 0.9150584473119162 77
1717444120947 0.9202721380278308 78
1717444122573 0.925168875751529 79
1717444124194 0.9255588142449845 80
1717444125818 0.9275126661941394 81
1717444127452 0.9247889249315017 82
1717444129075 0.9273697228935108 83
1717444131086 0.926279061427367 84
1717444133228 0.9193631247203603 85
1717444135306 0.9219045048527269 86
1717444137354 0.9370831711756137 87
1717444139026 0.9369506197509565 88
1717444140705 0.9345181881612312 89
1717444142370 0.9374273261914994 90
1717444144008 0.9329543073527045 91
1717444145636 0.9212772582209049 92
1717444147284 0.9353348235214277 93
1717444148948 0.9355052289747956 94
1717444150563 0.9368549270235382 95
1717444152218 0.9254758793511968 96
1717444153953 0.9291302032730903 97
1717444155622 0.9251182570805094 98
1717444157274 0.9204726325004348 99
