1717656131884 1.0627305507659912 1
1717656133232 0.8475567698478699 2
1717656134650 0.7668168544769287 3
1717656136043 0.710128903388977 4
1717656137378 0.6668829917907715 5
1717656138754 0.6307337880134583 6
1717656140030 0.5951406359672546 7
1717656141216 0.5609135031700134 8
1717656142470 0.5337895750999451 9
1717656143715 0.5137154459953308 10
1717656145007 0.5001063942909241 11
1717656146403 0.49105092883110046 12
1717656147850 0.4841151237487793 13
1717656149211 0.4785344898700714 14
1717656150457 0.47241464257240295 15
1717656151870 0.4677794575691223 16
1717656153233 0.46418607234954834 17
1717656154581 0.4609461724758148 18
1717656156021 0.45657071471214294 19
1717656157381 0.4532521367073059 20
1717656158610 0.45018258690834045 21
1717656159901 0.44720613956451416 22
1717656161385 0.4433025121688843 23
1717656162759 0.4400812089443207 24
1717656164201 0.4384020268917084 25
1717656165624 0.43669575452804565 26
1717656166979 0.43434926867485046 27
1717656168436 0.43157899379730225 28
1717656169879 0.4278821349143982 29
1717656171247 0.42490148544311523 30
1717656172614 0.4226544201374054 31
1717656174154 0.42090854048728943 32
1717656175557 0.4195091724395752 33
1717656176946 0.41918274760246277 34
1717656178228 0.4139721393585205 35
1717656179668 0.4104151725769043 36
1717656180993 0.4057616591453552 37
1717656182354 0.4020763337612152 38
1717656183736 0.39911890029907227 39
1717656185254 0.39665281772613525 40
1717656186645 0.3955858051776886 41
1717656188186 0.40104174613952637 42
1717656189504 0.399096816778183 43
1717656191023 0.38975149393081665 44
1717656192308 0.38569992780685425 45
1717656193535 0.3809477686882019 46
1717656194851 0.3781222403049469 47
1717656196122 0.37408095598220825 48
1717656197381 0.3700348734855652 49
1717656198596 0.3661697506904602 50
1717656199906 0.3626040518283844 51
1717656201119 0.3594363033771515 52
1717656202352 0.3567022383213043 53
1717656203552 0.35422563552856445 54
1717656204763 0.35189390182495117 55
1717656206188 0.3496852517127991 56
1717656207492 0.34758278727531433 57
1717656208898 0.34559500217437744 58
1717656210214 0.3437502682209015 59
1717656211650 0.34205740690231323 60
1717656213065 0.34047943353652954 61
1717656214574 0.33898085355758667 62
1717656216100 0.33754345774650574 63
1717656217594 0.33616238832473755 64
1717656219112 0.3348413109779358 65
1717656220412 0.33358296751976013 66
1717656221776 0.3323870897293091 67
1717656223006 0.3312520682811737 68
1717656224267 0.3301742374897003 69
1717656225487 0.3291477859020233 70
1717656226793 0.32816654443740845 71
1717656228061 0.3272225260734558 72
1717656229399 0.32630833983421326 73
1717656230766 0.3254169523715973 74
1717656232163 0.3245411515235901 75
1717656233379 0.3236749470233917 76
1717656234606 0.3228157162666321 77
1717656235894 0.32196468114852905 78
1717656237151 0.3211267292499542 79
1717656238423 0.32030653953552246 80
1717656239777 0.3195064961910248 81
1717656241112 0.31872791051864624 82
1717656242532 0.31797027587890625 83
1717656244098 0.3172290623188019 84
1717656245411 0.3164973258972168 85
1717656246709 0.31576842069625854 86
1717656248052 0.31503909826278687 87
1717656249323 0.3143100142478943 88
1717656250628 0.3135836124420166 89
1717656251999 0.3128642737865448 90
1717656253494 0.31215792894363403 91
1717656255013 0.3114715814590454 92
1717656256521 0.3108132481575012 93
1717656257969 0.3101898729801178 94
1717656259371 0.30960655212402344 95
1717656260689 0.30906781554222107 96
1717656261948 0.3085801303386688 97
1717656263259 0.30813103914260864 98
1717656264434 0.3076297640800476 99
