1717656131884 0.9878289545024512 1
1717656133232 0.9969246373308115 2
1717656134650 0.997876076239818 3
1717656136043 0.9974279456687085 4
1717656137378 0.9978754785919153 5
1717656138754 0.9979556819868513 6
1717656140030 0.9981893354965716 7
1717656141216 0.9982965316213416 8
1717656142470 0.9987929502448799 9
1717656143715 0.9992252849167759 10
1717656145007 0.9992096984028312 11
1717656146403 0.9990847872279585 12
1717656147850 0.9991560461820864 13
1717656149211 0.9993801372109783 14
1717656150457 0.9993622476618814 15
1717656151870 0.9991697704301967 16
1717656153233 0.9991138676595073 17
1717656154581 0.999173449699603 18
1717656156021 0.9992146520947385 19
1717656157381 0.999049479487977 20
1717656158610 0.9989023934249252 21
1717656159901 0.9989414138647285 22
1717656161385 0.9987937061708239 23
1717656162759 0.99874943548799 24
1717656164201 0.9986078951618133 25
1717656165624 0.9983931029693117 26
1717656166979 0.9984512544684699 27
1717656168436 0.9984644015412509 28
1717656169879 0.9984687512223116 29
1717656171247 0.9984827098783403 30
1717656172614 0.998256692797034 31
1717656174154 0.998148279769379 32
1717656175557 0.9981579429365908 33
1717656176946 0.9979731199366644 34
1717656178228 0.9979996552335214 35
1717656179668 0.9978377763816155 36
1717656180993 0.997951732727767 37
1717656182354 0.9978703354075138 38
1717656183736 0.9978341001187259 39
1717656185254 0.9977662629102664 40
1717656186645 0.9976699516037822 41
1717656188186 0.9975495447459782 42
1717656189504 0.9976217538895285 43
1717656191023 0.9978797910149653 44
1717656192308 0.9977933335788931 45
1717656193535 0.9978333741942436 46
1717656194851 0.9978225199759375 47
1717656196122 0.9978818740070728 48
1717656197381 0.9980694491939509 49
1717656198596 0.998213293646183 50
1717656199906 0.9982602924160412 51
1717656201119 0.9983410058023946 52
1717656202352 0.9984135200459799 53
1717656203552 0.9984426355486785 54
1717656204763 0.998499712460612 55
1717656206188 0.9985550984737326 56
1717656207492 0.9985984205757182 57
1717656208898 0.9986413351331723 58
1717656210214 0.9986732111537122 59
1717656211650 0.9987235205651622 60
1717656213065 0.9987848710090403 61
1717656214574 0.9987753139512778 62
1717656216100 0.9987907619505442 63
1717656217594 0.9988485535674159 64
1717656219112 0.9988866182282665 65
1717656220412 0.9989209252388299 66
1717656221776 0.9989486227880696 67
1717656223006 0.9989645851259218 68
1717656224267 0.9989779290756875 69
1717656225487 0.9990084455764203 70
1717656226793 0.9990209656349276 71
1717656228061 0.9990780136043295 72
1717656229399 0.99909170663839 73
1717656230766 0.9991025768682829 74
1717656232163 0.999116967218563 75
1717656233379 0.9991549646027874 76
1717656234606 0.9991445838422229 77
1717656235894 0.9991566350486857 78
1717656237151 0.9991504388063601 79
1717656238423 0.9991669403916272 80
1717656239777 0.9991797941767133 81
1717656241112 0.9991929530013222 82
1717656242532 0.9992276790678961 83
1717656244098 0.9992248533819563 84
1717656245411 0.999216752015154 85
1717656246709 0.9992022242796231 86
1717656248052 0.9991756833601755 87
1717656249323 0.9991691049228084 88
1717656250628 0.9991563740306462 89
1717656251999 0.9991294571194242 90
1717656253494 0.999133541430779 91
1717656255013 0.9991397262977884 92
1717656256521 0.9991747770405726 93
1717656257969 0.9991830417187834 94
1717656259371 0.9992115832976415 95
1717656260689 0.9991667819775395 96
1717656261948 0.9991517019333971 97
1717656263259 0.9991511072494869 98
1717656264434 0.9991638003008265 99
