1717656131884 154485.0 1
1717656133232 135119.0 2
1717656134650 119504.0 3
1717656136043 108599.0 4
1717656137378 103359.0 5
1717656138754 97675.0 6
1717656140030 92584.0 7
1717656141216 88583.0 8
1717656142470 86751.0 9
1717656143715 86768.0 10
1717656145007 86629.0 11
1717656146403 86269.0 12
1717656147850 85998.0 13
1717656149211 86045.0 14
1717656150457 85930.0 15
1717656151870 85164.0 16
1717656153233 84364.0 17
1717656154581 83951.0 18
1717656156021 83822.0 19
1717656157381 83199.0 20
1717656158610 82537.0 21
1717656159901 82174.0 22
1717656161385 81546.0 23
1717656162759 80458.0 24
1717656164201 79324.0 25
1717656165624 78413.0 26
1717656166979 77587.0 27
1717656168436 77009.0 28
1717656169879 76645.0 29
1717656171247 75544.0 30
1717656172614 74409.0 31
1717656174154 73749.0 32
1717656175557 73168.0 33
1717656176946 72431.0 34
1717656178228 71189.0 35
1717656179668 69808.0 36
1717656180993 69158.0 37
1717656182354 68144.0 38
1717656183736 67311.0 39
1717656185254 66590.0 40
1717656186645 66108.0 41
1717656188186 66802.0 42
1717656189504 66081.0 43
1717656191023 64566.0 44
1717656192308 63611.0 45
1717656193535 62765.0 46
1717656194851 61990.0 47
1717656196122 61205.0 48
1717656197381 60477.0 49
1717656198596 59765.0 50
1717656199906 59114.0 51
1717656201119 58679.0 52
1717656202352 58527.0 53
1717656203552 58379.0 54
1717656204763 58311.0 55
1717656206188 58307.0 56
1717656207492 58327.0 57
1717656208898 58360.0 58
1717656210214 58425.0 59
1717656211650 58466.0 60
1717656213065 58481.0 61
1717656214574 58444.0 62
1717656216100 58420.0 63
1717656217594 58449.0 64
1717656219112 58421.0 65
1717656220412 58407.0 66
1717656221776 58395.0 67
1717656223006 58358.0 68
1717656224267 58323.0 69
1717656225487 58280.0 70
1717656226793 58256.0 71
1717656228061 58262.0 72
1717656229399 58239.0 73
1717656230766 58218.0 74
1717656232163 58214.0 75
1717656233379 58213.0 76
1717656234606 58138.0 77
1717656235894 58095.0 78
1717656237151 58014.0 79
1717656238423 57961.0 80
1717656239777 57886.0 81
1717656241112 57796.0 82
1717656242532 57757.0 83
1717656244098 57665.0 84
1717656245411 57587.0 85
1717656246709 57492.0 86
1717656248052 57420.0 87
1717656249323 57356.0 88
1717656250628 57259.0 89
1717656251999 57082.0 90
1717656253494 56998.0 91
1717656255013 56912.0 92
1717656256521 56817.0 93
1717656257969 56722.0 94
1717656259371 56613.0 95
1717656260689 56428.0 96
1717656261948 56203.0 97
1717656263259 56085.0 98
1717656264434 55998.0 99
