1716280408632 748291.0 1
1716280413897 957739.0 2
1716280419243 1039959.0 3
1716280424497 1055353.0 4
1716280429783 1056776.0 5
1716280435118 1057573.0 6
1716280440381 1057618.0 7
1716280445581 1056435.0 8
1716280450861 1056401.0 9
1716280456053 1056298.0 10
1716280507384 1056320.0 11
1716280512676 1056207.0 12
1716280517919 1056011.0 13
1716280523451 1055902.0 14
1716280528767 1056579.0 15
1716280533968 1056466.0 16
1716280539347 1056463.0 17
1716280544567 1056139.0 18
1716280549779 1056494.0 19
1716280555168 1055959.0 20
1716280560624 1055303.0 21
1716280565871 1054294.0 22
1716280571212 1052621.0 23
1716280576465 1050521.0 24
1716280581946 1047494.0 25
1716280587562 1046300.0 26
1716280592763 1045604.0 27
1716280598076 1040792.0 28
1716280603323 1043463.0 29
1716280608596 1035639.0 30
1716280613845 1024953.0 31
1716280619011 1026795.0 32
1716280624300 1026038.0 33
1716280629631 1023097.0 34
1716280634950 1027318.0 35
1716280640127 1021534.0 36
1716280645326 1024508.0 37
1716280650876 1022071.0 38
1716281687314 1019364.0 39
1716281692664 1006986.0 40
1716281698135 1003164.0 41
1716281703589 1000039.0 42
1716281708924 998325.0 43
1716281714329 995621.0 44
1716281719949 992537.0 45
1716281725476 991419.0 46
1716281730789 995946.0 47
1716281736189 991330.0 48
1716281741510 992849.0 49
1716281746963 989389.0 50
1716281752409 981658.0 51
1716281757973 980602.0 52
1716281763269 977395.0 53
1716281768779 983279.0 54
1716281774081 979384.0 55
1716281779442 979634.0 56
1716281784851 980939.0 57
1716281790176 974142.0 58
1716281795564 971620.0 59
1716281800715 968508.0 60
1716281806003 967583.0 61
1716281811237 967569.0 62
1716281816581 970144.0 63
1716281822002 973796.0 64
1716281827233 977428.0 65
1716281832821 967237.0 66
1716281837968 968419.0 67
1716281843389 964538.0 68
1716281848814 963375.0 69
1716281854018 967650.0 70
1716281859256 972253.0 71
1716281864562 965305.0 72
1716281869878 962901.0 73
1716281875437 975422.0 74
1716281880809 966657.0 75
1716281886038 966516.0 76
1716281891304 966333.0 77
1716281896575 963200.0 78
1716281901900 964412.0 79
1716281907373 964016.0 80
1716281912698 967029.0 81
1716281917970 961984.0 82
1716281923198 960796.0 83
1716281928426 964760.0 84
1716281933803 958924.0 85
1716281939058 959817.0 86
1716281944507 956472.0 87
1716281949781 956554.0 88
1716281955063 957853.0 89
1716282623911 956601.0 90
1716282631240 959590.0 91
1716282636500 957217.0 92
1716282641777 955858.0 93
1716282647076 954968.0 94
1716282652427 949910.0 95
1716282657640 953143.0 96
1716282663012 956548.0 97
1716282668296 955745.0 98
1716282673623 949680.0 99
