1716280408632 0.7873229600570404 1
1716280413897 0.8953972081766819 2
1716280419243 0.9296753054211001 3
1716280424497 0.9357232792068271 4
1716280429783 0.9363878142386108 5
1716280435118 0.9365780645427219 6
1716280440381 0.9366168362276471 7
1716280445581 0.9364082537092477 8
1716280450861 0.9364043199230156 9
1716280456053 0.9363161576367636 10
1716280507384 0.9363373209382138 11
1716280512676 0.9363124283547309 12
1716280517919 0.936261253444626 13
1716280523451 0.9362599099938729 14
1716280528767 0.9364233082457969 15
1716280533968 0.9363656387573016 16
1716280539347 0.936406931083083 17
1716280544567 0.936361498333097 18
1716280549779 0.936491909647126 19
1716280555168 0.936720346875177 20
1716280560624 0.9364360080933216 21
1716280565871 0.9364990167538244 22
1716280571212 0.9369780365427801 23
1716280576465 0.9371620805016431 24
1716280581946 0.9371533697628716 25
1716280587562 0.9372174833084614 26
1716280592763 0.9373219856480163 27
1716280598076 0.9369704168778501 28
1716280603323 0.9376935081895466 29
1716280608596 0.9383699750766323 30
1716280613845 0.9375844863655899 31
1716280619011 0.9388628147648478 32
1716280624300 0.9393104918012748 33
1716280629631 0.9402739399696205 34
1716280634950 0.9395447771438279 35
1716280640127 0.9404828386542429 36
1716280645326 0.9367453810359717 37
1716280650876 0.9400805377076731 38
1716281687314 0.940691272616456 39
1716281692664 0.942486110569219 40
1716281698135 0.9438750481237363 41
1716281703589 0.9439523789014291 42
1716281708924 0.9444857313007327 43
1716281714329 0.945088151802282 44
1716281719949 0.9457014689119178 45
1716281725476 0.9454342768368124 46
1716281730789 0.9436619871778907 47
1716281736189 0.9432840637444294 48
1716281741510 0.9438868788392787 49
1716281746963 0.9447572294235695 50
1716281752409 0.9443787211157564 51
1716281757973 0.9461223177324092 52
1716281763269 0.9467445269318865 53
1716281768779 0.9460017271302552 54
1716281774081 0.9432748249811604 55
1716281779442 0.9456432496363443 56
1716281784851 0.9449977741108444 57
1716281790176 0.9458254373136066 58
1716281795564 0.9478939183025247 59
1716281800715 0.947620346042991 60
1716281806003 0.9475154711095163 61
1716281811237 0.9485015989598085 62
1716281816581 0.9457002775067568 63
1716281822002 0.9434048590204659 64
1716281827233 0.9449076401035982 65
1716281832821 0.9457405818635277 66
1716281837968 0.9477406257029275 67
1716281843389 0.9483760745128825 68
1716281848814 0.9466154554963743 69
1716281854018 0.944665787673872 70
1716281859256 0.9430728184630172 71
1716281864562 0.9466928100873397 72
1716281869878 0.9431945937859398 73
1716281875437 0.9407182990325939 74
1716281880809 0.9455244437423468 75
1716281886038 0.9455296960035585 76
1716281891304 0.9468599422528515 77
1716281896575 0.9466287083273102 78
1716281901900 0.9461360812335172 79
1716281907373 0.9458329686592537 80
1716281912698 0.9450896308227317 81
1716281917970 0.9452764770115766 82
1716281923198 0.9448468865732129 83
1716281928426 0.9474730959855143 84
1716281933803 0.9479136970625265 85
1716281939058 0.9479363252077072 86
1716281944507 0.9472727195129034 87
1716281949781 0.9481405495924307 88
1716281955063 0.9474210135662895 89
1716282623911 0.9473398413424821 90
1716282631240 0.9476835469008182 91
1716282636500 0.9480610966627844 92
1716282641777 0.9499321231264078 93
1716282647076 0.9495135052899818 94
1716282652427 0.948716851016406 95
1716282657640 0.9481362668380501 96
1716282663012 0.9485700034518276 97
1716282668296 0.9483479814137127 98
1716282673623 0.9496049276298647 99
