1715018992734 0.9045837267230353 1
1715018992958 0.9482121242739606 2
1715018993175 0.9467059450131594 3
1715018993378 0.9485093062789649 4
1715018993573 0.9482473126584269 5
1715018993768 0.9524111867147054 6
1715018993956 0.9511055008787392 7
1715018994152 0.9534422956010107 8
1715018994347 0.953508510483408 9
1715018994541 0.9534565855271746 10
1715018994738 0.9525390285204948 11
1715018994945 0.9551189449434558 12
1715018995168 0.954521280774753 13
1715018995415 0.9533393037717117 14
1715018995681 0.9523479935858378 15
1715018995912 0.954161726741524 16
1715018996118 0.9567813391784816 17
1715018996347 0.9587896797354725 18
1715018996562 0.9580746111843533 19
1715018996751 0.9578865609746868 20
1715018996948 0.9581798918835448 21
1715018997138 0.9570887460097255 22
1715018997325 0.957634142870452 23
1715018997508 0.9600885274256142 24
1715018997689 0.9610527881255625 25
1715018997878 0.9606308182397237 26
1715018998059 0.9595400372691514 27
1715018998244 0.959491024935358 28
1715018998427 0.9607731608873158 29
1715018998610 0.9617226307289207 30
1715018998794 0.9594018479563194 31
1715018998977 0.9621232550145903 32
1715018999160 0.963330721505591 33
1715018999365 0.961768011168162 34
1715018999549 0.9598002468752398 35
1715018999736 0.9599500826158138 36
1715018999920 0.9620153997456872 37
1715019000142 0.960683180623837 38
1715019000349 0.9605924550362447 39
1715019000551 0.9608934900876714 40
1715019000745 0.9587871538067474 41
1715019000931 0.9617548113255732 42
1715019001118 0.9603561388176066 43
1715019001360 0.9627062113503487 44
1715019001548 0.9636841509280796 45
1715019001747 0.9635319378876647 46
1715019001949 0.96525802833766 47
1715019002157 0.9639646557453074 48
1715019002359 0.9645732048851455 49
1715019002569 0.9645344950120204 50
1715019002755 0.9619747813430395 51
1715019002965 0.9615661754275037 52
1715019003167 0.965677592234447 53
1715019003359 0.965200468510791 54
1715019003547 0.9657250189863509 55
1715019003743 0.9671055953976491 56
1715019003983 0.9659699538336624 57
1715019004182 0.9665711914610312 58
1715019004373 0.9661671792315814 59
1715019004563 0.9671524962486004 60
1715019004751 0.9666652458305679 61
1715019004939 0.9640136965992411 62
1715019005146 0.9620727965573125 63
1715019005344 0.9646665973499129 64
1715019005538 0.9661342957673926 65
1715019005740 0.9652902423489488 66
1715019005932 0.9652503908471728 67
1715019006119 0.9592763041692811 68
1715019006311 0.9577157705928696 69
1715019006501 0.9570768544076476 70
1715019006690 0.9558027205348192 71
1715019006879 0.9600767634990071 72
1715019007068 0.9651679856734425 73
1715019007272 0.965139402106997 74
1715019007486 0.9651012897963389 75
1715019007692 0.965634819645711 76
1715019007887 0.9671036019281581 77
1715019008077 0.9669461041906023 78
1715019008266 0.9663403736167481 79
1715019008452 0.9654733319846875 80
1715019008639 0.9654215570225458 81
1715019008829 0.9659794944450996 82
1715019009033 0.9683578612847179 83
1715019009220 0.96834158589006 84
1715019009413 0.9690928450256701 85
1715019009598 0.9677579461695327 86
1715019009788 0.968530272206828 87
1715019009998 0.9680259675440221 88
1715019010228 0.9667950562044765 89
1715019010435 0.9664504380374406 90
1715019010656 0.9680152106376568 91
1715019010867 0.9675004670688736 92
1715019011091 0.9686684633999878 93
1715019011278 0.9705982941917607 94
1715019011467 0.9711645847783095 95
1715019011657 0.9706606646100064 96
1715019011841 0.9702742441009775 97
1715019012023 0.9696022928909821 98
1715019012221 0.9693533455726622 99
