1716269559362 0.6928661467968206 1
1716269562188 0.7693416475713197 2
1716269565003 0.8038041447706471 3
1716269567755 0.830480243554959 4
1716269570610 0.8487846491977933 5
1716269573318 0.8661968004231567 6
1716269575998 0.8790950849410203 7
1716269578705 0.8914625980721186 8
1716269581847 0.8898956732378008 9
1716269584703 0.8866976845082629 10
1716269587440 0.8838192637375314 11
1716269590216 0.8804249208802218 12
1716269593009 0.8784624316834876 13
1716269595767 0.875768463071947 14
1716269598431 0.8786653048463222 15
1716269601135 0.8755164377408926 16
1716269603831 0.8827484005491544 17
1716269606601 0.8814420237265771 18
1716269609403 0.8864724282528814 19
1716269612398 0.8871762547748835 20
1716269615370 0.8900287109313988 21
1716269618056 0.8901122742870365 22
1716269620665 0.8926502879806417 23
1716269623308 0.892831192597842 24
1716269626051 0.8958941300282124 25
1716269628956 0.896198146717428 26
1716269631799 0.8980998123919616 27
1716269634695 0.8997592722854418 28
1716269637467 0.9011332817685044 29
1716269640143 0.902208318098559 30
1716269642826 0.9040569494022799 31
1716269645391 0.9062597385242123 32
1716269648240 0.9075875476272796 33
1716269650959 0.9083701050587845 34
1716269653535 0.909477189557196 35
1716269656381 0.9104549779194633 36
1716269659134 0.910902617763177 37
1716269661924 0.9115377986576948 38
1716269664866 0.9120471204030702 39
1716269667767 0.9129523095945492 40
1716269670545 0.913628219977218 41
1716269673201 0.9140903084571411 42
1716269675911 0.9145976075195347 43
1716269678811 0.9151171497097942 44
1716269681619 0.9157189885255418 45
1716269684428 0.9164105196463135 46
1716269687142 0.9170583450164997 47
1716269689976 0.9181338929595284 48
1716269787808 0.9188673070602391 49
1716269790454 0.9198512256995865 50
1716269793062 0.9207698507745755 51
1716269795644 0.9216075966872942 52
1716269798406 0.9222708087167308 53
1716269801058 0.9230586963230405 54
1716269803831 0.9241673043086055 55
1716269806587 0.9248029108137066 56
1716269809288 0.9254077084651567 57
1716269812047 0.9264071361888012 58
1716269814758 0.9274345981618236 59
1716269817367 0.9287836297782843 60
1716269820089 0.9305211800983864 61
1716269822705 0.9316125605170681 62
1716269825404 0.9330582319338655 63
1716269828006 0.9337452713585345 64
1716269831034 0.9347120256648941 65
1716270027259 0.9357514790098844 66
1716270029736 0.9371013371545407 67
1716270032318 0.9383216469800569 68
1716270034792 0.9396752385068609 69
1716270037368 0.940208140352099 70
1716270039955 0.9409757040893615 71
1716270042532 0.9421677469305814 72
1716270045119 0.9430421207392078 73
1716270047754 0.9443941396257648 74
1716270050476 0.9451626833293858 75
1716270053206 0.9462024035570956 76
1716270055912 0.9470398558350706 77
1716270058540 0.9483514281697759 78
1716270061210 0.9493263748944872 79
1716270063730 0.9503040442033072 80
1716270066457 0.9508568180990294 81
1716270069184 0.9514620488646889 82
1716270266390 0.9522837964607763 83
1716270269002 0.9530414722798657 84
1716270271513 0.9538046354011297 85
1716270274032 0.9542953478531265 86
1716270276675 0.9548067366256074 87
1716270279359 0.9552865495948799 88
1716270281979 0.9556471432253664 89
1716270284387 0.9559075524002233 90
1716270287115 0.9565321792677738 91
1716270289693 0.9569186020884428 92
1716270292241 0.9572553741923381 93
1716270294727 0.9576565828985579 94
1716270297350 0.9582671796554294 95
1716270299935 0.9585367453724556 96
1716270302477 0.9589293406837092 97
1716270305109 0.9594750648055372 98
1716270307723 0.9596009704655782 99
