1717337382664 146566.0 1
1717337383364 89163.0 2
1717337384086 83110.0 3
1717337384804 79673.0 4
1717337385515 74169.0 5
1717337386221 68500.0 6
1717337387019 64516.0 7
1717337388129 62810.0 8
1717337389129 61613.0 9
1717337390036 60876.0 10
1717337391418 60564.0 11
1717337392161 59872.0 12
1717337392962 58727.0 13
1717337393673 58334.0 14
1717337394397 57824.0 15
1717337395104 57277.0 16
1717337395856 57043.0 17
1717337396577 56841.0 18
1717337397286 56795.0 19
1717337398001 56756.0 20
1717337398718 56611.0 21
1717337399607 56445.0 22
1717337400338 56088.0 23
1717337401047 55820.0 24
1717337401760 55590.0 25
1717337402512 55372.0 26
1717337403263 55226.0 27
1717337403981 55177.0 28
1717337404707 54987.0 29
1717337405514 55018.0 30
1717337406321 54765.0 31
1717337407067 54487.0 32
1717337407819 54355.0 33
1717337408876 54186.0 34
1717337409704 54189.0 35
1717337410563 54155.0 36
1717337411326 54078.0 37
1717337412168 54047.0 38
1717337413050 53990.0 39
1717337413941 54002.0 40
1717337414753 53977.0 41
1717337415566 53963.0 42
1717337416336 53904.0 43
1717337417226 53819.0 44
1717337418043 53796.0 45
1717337418813 53800.0 46
1717337419583 53810.0 47
1717337420391 53642.0 48
1717337421199 53731.0 49
1717337421972 53540.0 50
1717337422742 53556.0 51
1717337423518 53396.0 52
1717337424353 53421.0 53
1717337425124 53426.0 54
1717337425897 53409.0 55
1717337426671 53412.0 56
1717337427449 53365.0 57
1717337428243 53229.0 58
1717337429023 53304.0 59
1717337429880 53287.0 60
1717337430650 53252.0 61
1717337431433 53257.0 62
1717337432213 53191.0 63
1717337432980 53155.0 64
1717337433761 52982.0 65
1717337434535 53090.0 66
1717337435407 53089.0 67
1717337436135 53070.0 68
1717337436844 53048.0 69
1717337437549 52927.0 70
1717337438266 53010.0 71
1717337438983 52954.0 72
1717337439690 52916.0 73
1717337440418 52804.0 74
1717337441139 52847.0 75
1717337441852 52823.0 76
1717337442566 52727.0 77
1717337443352 52735.0 78
1717337444122 52694.0 79
1717337444835 52684.0 80
1717337445562 52726.0 81
1717337446281 52690.0 82
1717337447003 52769.0 83
1717337447723 52631.0 84
1717337448435 52656.0 85
1717337449187 52575.0 86
1717337449901 52586.0 87
1717337450620 52428.0 88
1717337451342 52505.0 89
1717337452147 52497.0 90
1717337452952 52332.0 91
1717337453846 52425.0 92
1717337454651 52328.0 93
1717337455392 52287.0 94
1717337456118 52312.0 95
1717337456837 52297.0 96
1717337457565 52217.0 97
1717337458281 52262.0 98
1717337459009 52228.0 99
