1717337382664 25972.0 1
1717337383364 25972.0 2
1717337384086 25972.0 3
1717337384804 25972.0 4
1717337385515 25972.0 5
1717337386221 25972.0 6
1717337387019 25972.0 7
1717337388129 25972.0 8
1717337389129 25972.0 9
1717337390036 25972.0 10
1717337391418 25972.0 11
1717337392161 25972.0 12
1717337392962 25972.0 13
1717337393673 25972.0 14
1717337394397 25972.0 15
1717337395104 25972.0 16
1717337395856 25972.0 17
1717337396577 25972.0 18
1717337397286 25972.0 19
1717337398001 25972.0 20
1717337398718 25972.0 21
1717337399607 25972.0 22
1717337400338 25972.0 23
1717337401047 25972.0 24
1717337401760 25972.0 25
1717337402512 25972.0 26
1717337403263 25972.0 27
1717337403981 25972.0 28
1717337404707 25972.0 29
1717337405514 25972.0 30
1717337406321 25972.0 31
1717337407067 25972.0 32
1717337407819 25972.0 33
1717337408876 25972.0 34
1717337409704 25972.0 35
1717337410563 25972.0 36
1717337411326 25972.0 37
1717337412168 25972.0 38
1717337413050 25972.0 39
1717337413941 25972.0 40
1717337414753 25972.0 41
1717337415566 25972.0 42
1717337416336 25972.0 43
1717337417226 25972.0 44
1717337418043 25972.0 45
1717337418813 25972.0 46
1717337419583 25972.0 47
1717337420391 25972.0 48
1717337421199 25972.0 49
1717337421972 25972.0 50
1717337422742 25972.0 51
1717337423518 25972.0 52
1717337424353 25972.0 53
1717337425124 25972.0 54
1717337425897 25972.0 55
1717337426671 25972.0 56
1717337427449 25972.0 57
1717337428243 25972.0 58
1717337429023 25972.0 59
1717337429880 25972.0 60
1717337430650 25972.0 61
1717337431433 25972.0 62
1717337432213 25972.0 63
1717337432980 25972.0 64
1717337433761 25972.0 65
1717337434535 25972.0 66
1717337435407 25972.0 67
1717337436135 25972.0 68
1717337436844 25972.0 69
1717337437549 25972.0 70
1717337438266 25972.0 71
1717337438983 25972.0 72
1717337439690 25972.0 73
1717337440418 25972.0 74
1717337441139 25972.0 75
1717337441852 25972.0 76
1717337442566 25972.0 77
1717337443352 25972.0 78
1717337444122 25972.0 79
1717337444835 25972.0 80
1717337445562 25972.0 81
1717337446281 25972.0 82
1717337447003 25972.0 83
1717337447723 25972.0 84
1717337448435 25972.0 85
1717337449187 25972.0 86
1717337449901 25972.0 87
1717337450620 25972.0 88
1717337451342 25972.0 89
1717337452147 25972.0 90
1717337452952 25972.0 91
1717337453846 25972.0 92
1717337454651 25972.0 93
1717337455392 25972.0 94
1717337456118 25972.0 95
1717337456837 25972.0 96
1717337457565 25972.0 97
1717337458281 25972.0 98
1717337459009 25972.0 99
