1717337382664 0.5773925617822854 1
1717337383364 0.7732760837552894 2
1717337384086 0.7933655508548824 3
1717337384804 0.8047710794816426 4
1717337385515 0.8236002915807915 5
1717337386221 0.8421682897344567 6
1717337387019 0.855572681622847 7
1717337388129 0.8616629216842283 8
1717337389129 0.8658075593703126 9
1717337390036 0.8684009350404575 10
1717337391418 0.8696735846442235 11
1717337392161 0.8721845113639175 12
1717337392962 0.8763109167312145 13
1717337393673 0.8779770162848378 14
1717337394397 0.8799348259051307 15
1717337395104 0.8819759433387042 16
1717337395856 0.8830327343871078 17
1717337396577 0.8838981704050954 18
1717337397286 0.8842226013727633 19
1717337398001 0.8846214303730905 20
1717337398718 0.8851820160103314 21
1717337399607 0.8858613371312102 22
1717337400338 0.8871579138697161 23
1717337401047 0.8882026373176916 24
1717337401760 0.889028319955603 25
1717337402512 0.8898650919927563 26
1717337403263 0.8904223851562691 27
1717337403981 0.8907367047525306 28
1717337404707 0.8914095355973918 29
1717337405514 0.8913915754446198 30
1717337406321 0.8923435422700087 31
1717337407067 0.8932853502587823 32
1717337407819 0.8938049214037972 33
1717337408876 0.8944039726308778 34
1717337409704 0.8943992068870364 35
1717337410563 0.8945724334553257 36
1717337411326 0.894895456392446 37
1717337412168 0.8950631458189804 38
1717337413050 0.8952744363390384 39
1717337413941 0.8953888825498006 40
1717337414753 0.8954921341410012 41
1717337415566 0.8956239541810646 42
1717337416336 0.8958788579435512 43
1717337417226 0.8962208059410565 44
1717337418043 0.8963627806958397 45
1717337418813 0.8964091548192065 46
1717337419583 0.8964015712969042 47
1717337420391 0.8970717616869759 48
1717337421199 0.8968264659068859 49
1717337421972 0.8974962599702464 50
1717337422742 0.8975513562347655 51
1717337423518 0.8981296384814504 52
1717337424353 0.8980776055530301 53
1717337425124 0.898066977988593 54
1717337425897 0.8981605776988444 55
1717337426671 0.8981569143025544 56
1717337427449 0.8983924153311361 57
1717337428243 0.8988373737746785 58
1717337429023 0.898623474528702 59
1717337429880 0.8986860164466232 60
1717337430650 0.8988854465097353 61
1717337431433 0.8989098792264798 62
1717337432213 0.899183237746841 63
1717337432980 0.8993000122406781 64
1717337433761 0.8998758548131705 65
1717337434535 0.8996137328437688 66
1717337435407 0.8996601590440167 67
1717337436135 0.8996783081572584 68
1717337436844 0.899753001387199 69
1717337437549 0.9001242135624126 70
1717337438266 0.8999585920246714 71
1717337438983 0.9001324353925824 72
1717337439690 0.9002349689702144 73
1717337440418 0.900720057614109 74
1717337441139 0.9005268276634717 75
1717337441852 0.9006309209897595 76
1717337442566 0.9010344600287801 77
1717337443352 0.9009497901712511 78
1717337444122 0.9010650111398347 79
1717337444835 0.9011499972209014 80
1717337445562 0.9010592616281574 81
1717337446281 0.9011425286840177 82
1717337447003 0.9009750954686725 83
1717337447723 0.9013629243155789 84
1717337448435 0.9013359595394732 85
1717337449187 0.9015782435991594 86
1717337449901 0.9016236675155818 87
1717337450620 0.9021772251399338 88
1717337451342 0.9019128514399438 89
1717337452147 0.9019100490755949 90
1717337452952 0.9025820517469498 91
1717337453846 0.902169611261084 92
1717337454651 0.902634426136692 93
1717337455392 0.9027137147180414 94
1717337456118 0.9026528245423662 95
1717337456837 0.9026934912558146 96
1717337457565 0.9029734513478657 97
1717337458281 0.9028693968988737 98
1717337459009 0.90302603004578 99
