1717337382664 0.9027171552448604 1
1717337383364 0.9015723932649317 2
1717337384086 0.8961083080461761 3
1717337384804 0.8935286989168548 4
1717337385515 0.8907195157886179 5
1717337386221 0.8832139656152912 6
1717337387019 0.8787060532869406 7
1717337388129 0.8794663446143003 8
1717337389129 0.8805946293731115 9
1717337390036 0.8816130719967039 10
1717337391418 0.884063920112941 11
1717337392161 0.8863251524435772 12
1717337392962 0.8899165431170697 13
1717337393673 0.8922337228357983 14
1717337394397 0.8941122833591257 15
1717337395104 0.895835001749175 16
1717337395856 0.8988386088495486 17
1717337396577 0.9009526306314873 18
1717337397286 0.9031641646558973 19
1717337398001 0.9052783429442494 20
1717337398718 0.9061132836815342 21
1717337399607 0.9074390246332857 22
1717337400338 0.908133587990426 23
1717337401047 0.9091437797483904 24
1717337401760 0.9096801141905393 25
1717337402512 0.9104517155691656 26
1717337403263 0.911638585566217 27
1717337403981 0.9130654110213124 28
1717337404707 0.9135839722969461 29
1717337405514 0.914656127125381 30
1717337406321 0.9155395961906111 31
1717337407067 0.9157637535681542 32
1717337407819 0.9166363557927515 33
1717337408876 0.9167096143611645 34
1717337409704 0.9169464364423743 35
1717337410563 0.9173740640202387 36
1717337411326 0.9180247895327661 37
1717337412168 0.9185931699244165 38
1717337413050 0.919361154803916 39
1717337413941 0.9207008092657466 40
1717337414753 0.9206379945154032 41
1717337415566 0.9214293052893776 42
1717337416336 0.9219113411266036 43
1717337417226 0.9221884017573363 44
1717337418043 0.922795251065296 45
1717337418813 0.9230213185011735 46
1717337419583 0.9231819963601867 47
1717337420391 0.9236219535969278 48
1717337421199 0.9238487555092227 49
1717337421972 0.9236714900569166 50
1717337422742 0.9239856096958717 51
1717337423518 0.9239952258816994 52
1717337424353 0.9242080504005273 53
1717337425124 0.9246284525109428 54
1717337425897 0.924490270507764 55
1717337426671 0.9247730709495318 56
1717337427449 0.9254130020401186 57
1717337428243 0.925518842622865 58
1717337429023 0.9254328451505172 59
1717337429880 0.9255456974014599 60
1717337430650 0.9261989559605048 61
1717337431433 0.9265966573723995 62
1717337432213 0.9267546852094107 63
1717337432980 0.9269323420002971 64
1717337433761 0.9269399904108192 65
1717337434535 0.9277780381075602 66
1717337435407 0.9283373746520543 67
1717337436135 0.9277155732342501 68
1717337436844 0.9277905110833397 69
1717337437549 0.9277223738330534 70
1717337438266 0.9288710692771182 71
1717337438983 0.9288619594911148 72
1717337439690 0.9286263311058212 73
1717337440418 0.9296751901483861 74
1717337441139 0.9292292913547193 75
1717337441852 0.929345339097889 76
1717337442566 0.9303985194281036 77
1717337443352 0.9297639995118048 78
1717337444122 0.9297329092185198 79
1717337444835 0.9302022928684907 80
1717337445562 0.9307050327250841 81
1717337446281 0.9299991954633433 82
1717337447003 0.9314415681538208 83
1717337447723 0.9304621507720913 84
1717337448435 0.931069286658877 85
1717337449187 0.9306355895584404 86
1717337449901 0.9309413871154314 87
1717337450620 0.9312559036435274 88
1717337451342 0.9305800067640541 89
1717337452147 0.9309542816842712 90
1717337452952 0.9312184498004749 91
1717337453846 0.9307257659150002 92
1717337454651 0.9312421451637568 93
1717337455392 0.9306508432434233 94
1717337456118 0.9310576644900282 95
1717337456837 0.9309493262650932 96
1717337457565 0.9311357554401044 97
1717337458281 0.9312525608025647 98
1717337459009 0.9317302961273788 99
