1717196132142 183053.0 1
1717196134917 157492.0 2
1717196137715 128945.0 3
1717196140480 94978.0 4
1717196143219 65637.0 5
1717196145882 39048.0 6
1717196148708 24845.0 7
1717196151483 16601.0 8
1717196154274 10796.0 9
1717196157069 6341.0 10
1717196159836 5637.0 11
1717196162573 3797.0 12
1717196165307 1760.0 13
1717196168089 1715.0 14
1717196170919 1147.0 15
1717196173656 746.0 16
1717196176437 501.0 17
1717196179085 471.0 18
1717196181862 276.0 19
1717196184525 183.0 20
1717196187296 233.0 21
1717196190011 150.0 22
1717196192753 174.0 23
1717196195491 180.0 24
1717196198274 157.0 25
1717196200978 218.0 26
1717196203704 169.0 27
1717196206370 94.0 28
1717196209077 99.0 29
1717196211995 126.0 30
1717196214751 82.0 31
1717196217555 185.0 32
1717196220259 169.0 33
1717196222988 132.0 34
1717196225627 145.0 35
1717196228324 120.0 36
1717196231055 157.0 37
1717196233818 145.0 38
1717196236540 107.0 39
1717196239339 146.0 40
1717196242147 161.0 41
1717196244917 90.0 42
1717196247661 93.0 43
1717196250444 38.0 44
1717196253174 22.0 45
1717196255875 43.0 46
1717196258670 78.0 47
1717196261405 59.0 48
1717196264122 89.0 49
1717196266784 70.0 50
1717196269480 60.0 51
1717196272152 75.0 52
1717196275005 119.0 53
1717196277735 57.0 54
1717196280472 54.0 55
1717196283188 31.0 56
1717196285860 38.0 57
1717196288685 54.0 58
1717196291436 13.0 59
1717196294141 38.0 60
1717196296930 16.0 61
1717196299780 28.0 62
1717196302571 64.0 63
1717196305431 41.0 64
1717196308212 33.0 65
1717196310881 21.0 66
1717196313586 21.0 67
1717196316272 20.0 68
1717196319053 23.0 69
1717196321727 12.0 70
1717196324476 13.0 71
1717196327280 22.0 72
1717196330105 13.0 73
1717196332847 16.0 74
1717196335538 15.0 75
1717196338271 0.0 76
1717196340915 9.0 77
1717196343723 5.0 78
1717196346497 2.0 79
1717196349246 6.0 80
1717196351911 16.0 81
1717196354660 18.0 82
1717196357397 10.0 83
1717196360163 3.0 84
1717196362848 10.0 85
1717196365632 8.0 86
1717196368315 15.0 87
1717196371057 11.0 88
1717196373737 9.0 89
1717196376446 16.0 90
1717196379203 21.0 91
1717196382020 31.0 92
1717196384735 26.0 93
1717196387474 44.0 94
1717196390257 28.0 95
1717196393051 23.0 96
1717196395824 33.0 97
1717196398592 22.0 98
1717196401240 20.0 99
