1717196132142 0.5492907259974837 1
1717196134917 0.5338172472179673 2
1717196137715 0.4969511386839526 3
1717196140480 0.3833474803391129 4
1717196143219 0.2672822400677877 5
1717196145882 0.15710297572294218 6
1717196148708 0.09656582719039238 7
1717196151483 0.06102904605434213 8
1717196154274 0.037673549108621765 9
1717196157069 0.02396888758958329 10
1717196159836 0.020323969398976224 11
1717196162573 0.015628276353785532 12
1717196165307 0.0075515367157602325 13
1717196168089 0.005232517221857206 14
1717196170919 0.00441014974749865 15
1717196173656 0.0021104721025593798 16
1717196176437 0.0023274913676367727 17
1717196179085 0.0021489507517002296 18
1717196181862 0.0013340022661775808 19
1717196184525 0.0014292043751727576 20
1717196187296 0.0010715932180783657 21
1717196190011 0.0005322131392515262 22
1717196192753 0.0008533851145682171 23
1717196195491 0.0011620884269826677 24
1717196198274 0.0013518727550035844 25
1717196200978 0.0007690588055402761 26
1717196203704 0.0014305429426495337 27
1717196206370 0.00047631768476016245 28
1717196209077 0.0005102192077448838 29
1717196211995 0.0010517036707553215 30
1717196214751 0.000696680634443482 31
1717196217555 0.0012679757958729283 32
1717196220259 0.0010268992113012432 33
1717196222988 0.0010386562714979769 34
1717196225627 0.0007682136328143721 35
1717196228324 0.0005192327507116887 36
1717196231055 0.00048377629683316585 37
1717196233818 0.00046839289093874946 38
1717196236540 0.0006782781650260563 39
1717196239339 0.00042622822482669644 40
1717196242147 0.0007901620733033482 41
1717196244917 0.0009302851022210185 42
1717196247661 0.0002674675716063755 43
1717196250444 0.0001391302358875631 44
1717196253174 0.0002103589001370871 45
1717196255875 0.0001653543606427531 46
1717196258670 0.0004394537854554274 47
1717196261405 0.0002974099893556539 48
1717196264122 0.0007269017400513104 49
1717196266784 0.0005764890970230566 50
1717196269480 0.00037274350714892895 51
1717196272152 0.0006840356599581042 52
1717196275005 0.0011866697131245 53
1717196277735 0.0005834730803563777 54
1717196280472 0.0006450693649495621 55
1717196283188 0.00034868117359144075 56
1717196285860 0.0 57
1717196288685 0.00012845533079090777 58
1717196291436 3.767471649775835e-05 59
1717196294141 0.00021915156126701513 60
1717196296930 4.321147696828277e-05 61
1717196299780 0.00010741138560687434 62
1717196302571 7.53494329955167e-05 63
1717196305431 0.0002097064296892484 64
1717196308212 4.321147696828277e-05 65
1717196310881 0.00025233613871376343 66
1717196313586 8.175810079900684e-05 67
1717196316272 4.349717268377555e-05 68
1717196319053 0.0001016397355606033 69
1717196321727 4.349717268377555e-05 70
1717196324476 0.00015524150165908005 71
1717196327280 0.0 72
1717196330105 0.0 73
1717196332847 0.0001509085582906499 74
1717196335538 4.793404275716614e-05 75
1717196338271 0.0 76
1717196340915 0.00012561903013335568 77
1717196343723 8.69943453675511e-05 78
1717196346497 4.349717268377555e-05 79
1717196349246 0.0 80
1717196351911 8.074528234221039e-05 81
1717196354660 0.0001016397355606033 82
1717196357397 4.247907905356612e-05 83
1717196360163 8.69943453675511e-05 84
1717196362848 8.601971054174533e-05 85
1717196365632 4.095842719639566e-05 86
1717196368315 0.00017551688300469965 87
1717196371057 8.754036239891579e-05 88
1717196373737 0.00025843327537779145 89
1717196376446 0.00033419115004445956 90
1717196379203 0.0003589630631066909 91
1717196382020 0.000592375802687784 92
1717196384735 0.0007245522661917574 93
1717196387474 0.0014681101065797334 94
1717196390257 0.0004945321227267595 95
1717196393051 0.00039055409715937255 96
1717196395824 0.0005572242080718923 97
1717196398592 0.0003558012328501079 98
1717196401240 0.00042737299482744473 99
