1717196132142 22555.0 1
1717196134917 22555.0 2
1717196137715 22555.0 3
1717196140480 22555.0 4
1717196143219 22555.0 5
1717196145882 22555.0 6
1717196148708 22555.0 7
1717196151483 22555.0 8
1717196154274 22555.0 9
1717196157069 22555.0 10
1717196159836 22555.0 11
1717196162573 22555.0 12
1717196165307 22555.0 13
1717196168089 22555.0 14
1717196170919 22555.0 15
1717196173656 22555.0 16
1717196176437 22555.0 17
1717196179085 22555.0 18
1717196181862 22555.0 19
1717196184525 22555.0 20
1717196187296 22555.0 21
1717196190011 22555.0 22
1717196192753 22555.0 23
1717196195491 22555.0 24
1717196198274 22555.0 25
1717196200978 22555.0 26
1717196203704 22555.0 27
1717196206370 22555.0 28
1717196209077 22555.0 29
1717196211995 22555.0 30
1717196214751 22555.0 31
1717196217555 22555.0 32
1717196220259 22555.0 33
1717196222988 22555.0 34
1717196225627 22555.0 35
1717196228324 22555.0 36
1717196231055 22555.0 37
1717196233818 22555.0 38
1717196236540 22555.0 39
1717196239339 22555.0 40
1717196242147 22555.0 41
1717196244917 22555.0 42
1717196247661 22555.0 43
1717196250444 22555.0 44
1717196253174 22555.0 45
1717196255875 22555.0 46
1717196258670 22555.0 47
1717196261405 22555.0 48
1717196264122 22555.0 49
1717196266784 22555.0 50
1717196269480 22555.0 51
1717196272152 22555.0 52
1717196275005 22555.0 53
1717196277735 22555.0 54
1717196280472 22555.0 55
1717196283188 22555.0 56
1717196285860 22555.0 57
1717196288685 22555.0 58
1717196291436 22555.0 59
1717196294141 22555.0 60
1717196296930 22555.0 61
1717196299780 22555.0 62
1717196302571 22555.0 63
1717196305431 22555.0 64
1717196308212 22555.0 65
1717196310881 22555.0 66
1717196313586 22555.0 67
1717196316272 22555.0 68
1717196319053 22555.0 69
1717196321727 22555.0 70
1717196324476 22555.0 71
1717196327280 22555.0 72
1717196330105 22555.0 73
1717196332847 22555.0 74
1717196335538 22555.0 75
1717196338271 22555.0 76
1717196340915 22555.0 77
1717196343723 22555.0 78
1717196346497 22555.0 79
1717196349246 22555.0 80
1717196351911 22555.0 81
1717196354660 22555.0 82
1717196357397 22555.0 83
1717196360163 22555.0 84
1717196362848 22555.0 85
1717196365632 22555.0 86
1717196368315 22555.0 87
1717196371057 22555.0 88
1717196373737 22555.0 89
1717196376446 22555.0 90
1717196379203 22555.0 91
1717196382020 22555.0 92
1717196384735 22555.0 93
1717196387474 22555.0 94
1717196390257 22555.0 95
1717196393051 22555.0 96
1717196395824 22555.0 97
1717196398592 22555.0 98
1717196401240 22555.0 99
