1717086327068 89462.0 1
1717086328036 89462.0 2
1717086328940 89462.0 3
1717086329762 89462.0 4
1717086330603 89462.0 5
1717086331448 89462.0 6
1717086332298 89462.0 7
1717086333141 89462.0 8
1717086333959 89462.0 9
1717086334765 89462.0 10
1717086335569 89462.0 11
1717086336429 89462.0 12
1717086337323 89462.0 13
1717086338221 89462.0 14
1717086339043 89462.0 15
1717086339870 89462.0 16
1717086340694 89462.0 17
1717086341528 89462.0 18
1717086342336 89462.0 19
1717086343148 89462.0 20
1717086344038 89462.0 21
1717086344928 89462.0 22
1717086345784 89462.0 23
1717086346629 89462.0 24
1717086347469 89462.0 25
1717086348315 89462.0 26
1717086349162 89462.0 27
1717086349989 89462.0 28
1717086350812 89462.0 29
1717086351646 89462.0 30
1717086352492 89462.0 31
1717086353332 89462.0 32
1717086354175 89462.0 33
1717086355004 89462.0 34
1717086355870 89462.0 35
1717086356703 89462.0 36
1717086357534 89462.0 37
1717086358365 89462.0 38
1717086359206 89462.0 39
1717086360027 89462.0 40
1717086360883 89462.0 41
1717086361720 89462.0 42
1717086362558 89462.0 43
1717086363430 89462.0 44
1717086364270 89462.0 45
1717086365123 89462.0 46
1717086365933 89462.0 47
1717086366798 89462.0 48
1717086367639 89462.0 49
1717086368457 89462.0 50
1717086369301 89462.0 51
1717086370168 89462.0 52
1717086370978 89462.0 53
1717086371830 89462.0 54
1717086372623 89462.0 55
1717086373457 89462.0 56
1717086374310 89462.0 57
1717086375142 89462.0 58
1717086375971 89462.0 59
1717086376778 89462.0 60
1717086377656 89462.0 61
1717086378489 89462.0 62
1717086379321 89462.0 63
1717086380171 89462.0 64
1717086381008 89462.0 65
1717086381855 89462.0 66
1717086382724 89462.0 67
1717086383551 89462.0 68
1717086384343 89462.0 69
1717086385220 89462.0 70
1717086386082 89462.0 71
1717086386973 89462.0 72
1717086387823 89462.0 73
1717086388660 89462.0 74
1717086389507 89462.0 75
1717086390456 89462.0 76
1717086391300 89462.0 77
1717086392146 89462.0 78
1717086392971 89462.0 79
1717086393791 89462.0 80
1717086394620 89462.0 81
1717086395483 89462.0 82
1717086396339 89462.0 83
1717086397182 89462.0 84
1717086398015 89462.0 85
1717086398865 89462.0 86
1717086399693 89462.0 87
1717086400546 89462.0 88
1717086401373 89462.0 89
1717086402239 89462.0 90
1717086403106 89462.0 91
1717086403968 89462.0 92
1717086404809 89462.0 93
1717086405640 89462.0 94
1717086406510 89462.0 95
1717086407347 89462.0 96
1717086408224 89462.0 97
1717086409083 89462.0 98
1717086409946 89462.0 99
