1717086327068 0.5866759772971779 1
1717086328036 0.48887479637193315 2
1717086328940 0.44349013472849075 3
1717086329762 0.4177021464787288 4
1717086330603 0.4236411865704661 5
1717086331448 0.42421885660006897 6
1717086332298 0.4164304890385199 7
1717086333141 0.41827068969247133 8
1717086333959 0.4314290378806908 9
1717086334765 0.4525432947397209 10
1717086335569 0.4727606096178979 11
1717086336429 0.4896551974597582 12
1717086337323 0.5000391227643686 13
1717086338221 0.5169419919164856 14
1717086339043 0.5293530683494051 15
1717086339870 0.5386716997602747 16
1717086340694 0.549614335187741 17
1717086341528 0.5634379494003832 18
1717086342336 0.5692028150565547 19
1717086343148 0.5545643062217107 20
1717086344038 0.5592655166191536 21
1717086344928 0.5683896529512449 22
1717086345784 0.5687616161693254 23
1717086346629 0.5777135641501521 24
1717086347469 0.5799257794394984 25
1717086348315 0.5824108621802015 26
1717086349162 0.5860720575765391 27
1717086349989 0.5946025065032443 28
1717086350812 0.5932251411440101 29
1717086351646 0.5978784303046691 30
1717086352492 0.5928486942490347 31
1717086353332 0.5954345506907008 32
1717086354175 0.5966089082652868 33
1717086355004 0.5978736274913774 34
1717086355870 0.5960554692020527 35
1717086356703 0.6017027565091977 36
1717086357534 0.6083093499525355 37
1717086358365 0.6127085123950053 38
1717086359206 0.6090440885255226 39
1717086360027 0.6142070440639388 40
1717086360883 0.6143137196499788 41
1717086361720 0.6124022467516089 42
1717086362558 0.6087254777489348 43
1717086363430 0.6194336697411431 44
1717086364270 0.6139170581437632 45
1717086365123 0.6088810555949628 46
1717086365933 0.6194861032503097 47
1717086366798 0.6138319744427619 48
1717086367639 0.6125478690028301 49
1717086368457 0.6143639092239201 50
1717086369301 0.6147171594353247 51
1717086370168 0.6112997663740707 52
1717086370978 0.611025775890758 53
1717086371830 0.6050935561802611 54
1717086372623 0.6086694467726002 55
1717086373457 0.6088830204947713 56
1717086374310 0.6116199135913478 57
1717086375142 0.61606288696428 58
1717086375971 0.6269256866842217 59
1717086376778 0.6131795842802233 60
1717086377656 0.6185648688054479 61
1717086378489 0.6187149804521443 62
1717086379321 0.6227026136276844 63
1717086380171 0.6229015924399459 64
1717086381008 0.6239910995887192 65
1717086381855 0.6220255179747478 66
1717086382724 0.6285541606533591 67
1717086383551 0.6292055207606828 68
1717086384343 0.6290055246096866 69
1717086385220 0.6260029928489736 70
1717086386082 0.6327622019268043 71
1717086386973 0.6300355663549433 72
1717086387823 0.6302827123423168 73
1717086388660 0.62940612239943 74
1717086389507 0.6319078176279164 75
1717086390456 0.6343294470024899 76
1717086391300 0.6384005139599416 77
1717086392146 0.6383605176957208 78
1717086392971 0.630930603559747 79
1717086393791 0.6324680981328799 80
1717086394620 0.6347569083661823 81
1717086395483 0.6325150270919074 82
1717086396339 0.6307858756058304 83
1717086397182 0.6366706627372961 84
1717086398015 0.6318216412077837 85
1717086398865 0.637830748077446 86
1717086399693 0.6349811058284242 87
1717086400546 0.6348572447475433 88
1717086401373 0.6372883142179995 89
1717086402239 0.6428144759570298 90
1717086403106 0.6431879267173937 91
1717086403968 0.6364318943249208 92
1717086404809 0.6305960198465507 93
1717086405640 0.639719858598337 94
1717086406510 0.6391244196013209 95
1717086407347 0.6412157860601959 96
1717086408224 0.6402924385063171 97
1717086409083 0.63632433079304 98
1717086409946 0.640702928537653 99
