1717437012515 0.3809075653553009 1
1717437015816 0.4592960476875305 2
1717437019132 0.46600472927093506 3
1717437022497 0.4697171747684479 4
1717437025974 0.47415754199028015 5
1717437029394 0.47913700342178345 6
1717437032674 0.48294132947921753 7
1717437036060 0.4859107434749603 8
1717437039417 0.4882071614265442 9
1717437042731 0.4899076223373413 10
1717437046084 0.4907628893852234 11
1717437049464 0.4920380413532257 12
1717437052762 0.4934174120426178 13
1717437056155 0.49514898657798767 14
1717437059568 0.4969407320022583 15
1717437062852 0.49878451228141785 16
1717437066240 0.5006027221679688 17
1717437069635 0.5021824836730957 18
1717437073047 0.5035604238510132 19
1717437076373 0.5048983097076416 20
1717437080055 0.5062517523765564 21
1717437083470 0.5073720812797546 22
1717437086819 0.5090640783309937 23
1717437090129 0.510286808013916 24
1717437093440 0.5114184021949768 25
1717437096780 0.5117278695106506 26
1717437100069 0.5125201344490051 27
1717437103362 0.5133844614028931 28
1717437106705 0.5144736170768738 29
1717437110165 0.5148581862449646 30
1717437113628 0.5158316493034363 31
1717437116945 0.5164560079574585 32
1717437120239 0.5166323781013489 33
1717437123539 0.517236590385437 34
1717437514457 0.5176525712013245 35
1717437517464 0.5184997916221619 36
1717437520325 0.5187934637069702 37
1717437523107 0.5188179016113281 38
1717437525765 0.5197587609291077 39
1717437528415 0.5206053256988525 40
1717437531111 0.5211819410324097 41
1717437533810 0.5219356417655945 42
1717437536525 0.5220184326171875 43
1717437539216 0.5224227905273438 44
1717437541943 0.5229039788246155 45
1717437544646 0.5231467485427856 46
1717437547477 0.5235968232154846 47
1717437550286 0.5237016677856445 48
1717437553028 0.5237100720405579 49
1717437555803 0.5238049030303955 50
1717437558795 0.5243591070175171 51
1717437561381 0.5247104167938232 52
1717437564204 0.52487713098526 53
1717437566735 0.5258453488349915 54
1717437569210 0.5257794857025146 55
1717437571768 0.5260496735572815 56
1717437574400 0.5263691544532776 57
1717437576901 0.5263834595680237 58
1717437579453 0.5265360474586487 59
1717437581972 0.5269615650177002 60
1717437584515 0.5268272161483765 61
1717437586983 0.5266691446304321 62
1717437589418 0.5268077254295349 63
1717437591834 0.5270621180534363 64
1717437594296 0.5276875495910645 65
1717437596739 0.5276009440422058 66
1717437599179 0.5276235938072205 67
1717437601723 0.5279160737991333 68
1717437604178 0.5277818441390991 69
1717437606646 0.5278744101524353 70
1717437609189 0.527993381023407 71
1717437611697 0.5281593799591064 72
1717437614216 0.52838134765625 73
1717437616978 0.5285278558731079 74
1717437619445 0.5288364887237549 75
1717437621978 0.5289450883865356 76
1717437624425 0.5288453698158264 77
1717437626894 0.5290335416793823 78
1717437629479 0.5289339423179626 79
1717437631978 0.5289958119392395 80
1717437634615 0.528978168964386 81
1717437637155 0.5292858481407166 82
1717437639709 0.5290777087211609 83
1717437642368 0.5292515158653259 84
1717437644944 0.5293651819229126 85
1717437647686 0.5295318365097046 86
1717437650309 0.5297507643699646 87
1717437652882 0.5295740962028503 88
1717437655484 0.529721200466156 89
1717437658042 0.5300312042236328 90
1717437660568 0.530004620552063 91
1717437663144 0.5301713347434998 92
1717437665723 0.5302836298942566 93
1717437668362 0.530226469039917 94
1717437671031 0.5301418304443359 95
1717437673610 0.5303220748901367 96
1717437676222 0.5303876399993896 97
1717437678847 0.5303382277488708 98
1717437681474 0.5302823781967163 99
