1717239738562 0.24952110648155212 1
1717239740624 0.31110188364982605 2
1717239742721 0.3012087047100067 3
1717239744804 0.48037102818489075 4
1717239746912 0.494426429271698 5
1717239748988 0.6091259717941284 6
1717239751073 0.6091259717941284 7
1717239753157 0.640623152256012 8
1717239755281 0.640623152256012 9
1717239757377 0.670434832572937 10
1717239759469 0.670434832572937 11
1717239761476 0.670434832572937 12
1717239763541 0.670434832572937 13
1717239765647 0.670434832572937 14
1717239767763 0.670434832572937 15
1717239769835 0.670434832572937 16
1717239771954 0.670434832572937 17
1717239774035 0.670434832572937 18
1717239776182 0.670434832572937 19
1717239778285 0.670434832572937 20
1717239780421 0.670434832572937 21
1717239782553 0.670434832572937 22
1717239784706 0.670434832572937 23
1717239786904 0.670434832572937 24
1717239789011 0.670434832572937 25
1717239791195 0.670434832572937 26
1717239793512 0.670434832572937 27
1717239795832 0.670434832572937 28
1717239797971 0.670434832572937 29
1717239800071 0.670434832572937 30
1717239802191 0.670434832572937 31
1717239804360 0.670434832572937 32
1717239806514 0.670434832572937 33
1717239808648 0.670434832572937 34
1717239810799 0.670434832572937 35
1717239812988 0.670434832572937 36
1717239815167 0.670434832572937 37
1717239817309 0.670434832572937 38
1717239819465 0.670434832572937 39
1717239821706 0.670434832572937 40
1717239823857 0.670434832572937 41
1717239825974 0.670434832572937 42
1717239828142 0.670434832572937 43
1717239830305 0.670434832572937 44
1717239832464 0.670434832572937 45
1717239834601 0.670434832572937 46
1717239836786 0.670434832572937 47
1717239838925 0.670434832572937 48
1717239841085 0.670434832572937 49
1717239843246 0.670434832572937 50
1717239845440 0.670434832572937 51
1717239847612 0.670434832572937 52
1717239850019 0.670434832572937 53
1717239852220 0.670434832572937 54
1717239854374 0.670434832572937 55
1717239856521 0.670434832572937 56
1717239858654 0.670434832572937 57
1717239860806 0.670434832572937 58
1717239862938 0.670434832572937 59
1717239865068 0.670434832572937 60
1717239867198 0.670434832572937 61
1717239869341 0.670434832572937 62
1717239871475 0.670434832572937 63
1717239873592 0.670434832572937 64
1717239875801 0.670434832572937 65
1717239877958 0.670434832572937 66
1717239880112 0.670434832572937 67
1717239882275 0.670434832572937 68
1717239884413 0.670434832572937 69
1717239886538 0.670434832572937 70
1717239888706 0.670434832572937 71
1717239890843 0.670434832572937 72
1717239893010 0.670434832572937 73
1717239895171 0.5949974060058594 74
1717239897321 0.6653387546539307 75
1717239899438 0.670434832572937 76
1717239901566 0.670434832572937 77
1717239903795 0.670434832572937 78
1717239905982 0.670434832572937 79
1717239908151 0.670434832572937 80
1717239910298 0.670434832572937 81
1717239912482 0.670434832572937 82
1717239914636 0.670434832572937 83
1717239916808 0.670434832572937 84
1717239918949 0.670434832572937 85
1717239921082 0.670434832572937 86
1717239923290 0.670434832572937 87
1717239925451 0.670434832572937 88
1717239927600 0.670434832572937 89
1717239929745 0.670434832572937 90
1717239931922 0.670434832572937 91
1717239934077 0.670434832572937 92
1717239936293 0.670434832572937 93
1717239938470 0.670434832572937 94
1717239940733 0.670434832572937 95
1717239942872 0.670434832572937 96
1717239945007 0.670434832572937 97
1717239947148 0.670434832572937 98
1717239949312 0.670434832572937 99
