1717241816250 2.007115125656128 1
1717241818114 1.7254314422607422 2
1717241819890 1.470191240310669 3
1717241821681 1.154852032661438 4
1717241823459 1.2001100778579712 5
1717241825274 1.1152000427246094 6
1717241827072 0.7533686757087708 7
1717241828842 0.5679761171340942 8
1717241830580 0.4237273633480072 9
1717241832360 0.2536446750164032 10
1717241834168 0.1915743499994278 11
1717241835957 0.13360601663589478 12
1717241837760 0.09482159465551376 13
1717241839551 0.0729714184999466 14
1717241841355 0.058777011930942535 15
1717241843151 0.04810286685824394 16
1717241844949 0.04139834642410278 17
1717241846732 0.03554873168468475 18
1717241848540 0.03084592893719673 19
1717241850359 0.02698255516588688 20
1717241852509 0.024132171645760536 21
1717241854687 0.02172751910984516 22
1717241856902 0.01969389244914055 23
1717241859047 0.017795728519558907 24
1717241860866 0.016156528145074844 25
1717241862677 0.014733915217220783 26
1717241864490 0.013442540541291237 27
1717241866294 0.012326200492680073 28
1717241868115 0.011359701864421368 29
1717241869928 0.010580328293144703 30
1717241871743 0.009800409898161888 31
1717241873618 0.009167123585939407 32
1717241875436 0.00855137687176466 33
1717241877252 0.008019158616662025 34
1717241879074 0.007537126541137695 35
1717241880883 0.007092574145644903 36
1717241882706 0.006699577905237675 37
1717241884521 0.006344968918710947 38
1717241886341 0.006016318686306477 39
1717241888143 0.005715432111173868 40
1717241889960 0.005440243985503912 41
1717241891788 0.005184084177017212 42
1717241893605 0.004949043970555067 43
1717241895413 0.004723315127193928 44
1717241897216 0.004512600600719452 45
1717241899049 0.004320833366364241 46
1717241900857 0.0041414350271224976 47
1717241902675 0.0039787557907402515 48
1717241904492 0.0038186609745025635 49
1717241906298 0.0036641540937125683 50
1717241908113 0.003525608452036977 51
1717241910162 0.0033932197839021683 52
1717241912164 0.003271206049248576 53
1717241913887 0.0031556119211018085 54
1717241915607 0.003046330064535141 55
1717241917261 0.002942509949207306 56
1717241918932 0.002844322007149458 57
1717241920790 0.002750915940850973 58
1717241922560 0.0026619802229106426 59
1717241924260 0.00257720029912889 60
1717241925946 0.0024963715113699436 61
1717241927666 0.002419397933408618 62
1717241929395 0.0023461885284632444 63
1717241931084 0.0022764820605516434 64
1717241932745 0.0022099369671195745 65
1717241934420 0.0021456382237374783 66
1717241936091 0.0020845006220042706 67
1717241937758 0.0020268592052161694 68
1717241939460 0.0019710774067789316 69
1717241941142 0.0019178306683897972 70
1717241942817 0.001867246231995523 71
1717241944518 0.0018180496990680695 72
1717241946218 0.0017710389802232385 73
1717241947935 0.0017258705338463187 74
1717241949620 0.0016830218955874443 75
1717241951318 0.0016409580130130053 76
1717241953004 0.0016006333753466606 77
1717241954722 0.0015618614852428436 78
1717241956535 0.001524465624243021 79
1717241958225 0.0014884702395647764 80
1717241959942 0.0014536106027662754 81
1717241961633 0.0014202796155586839 82
1717241963368 0.0013878155732527375 83
1717241965068 0.001356403692625463 84
1717241966770 0.0013260605046525598 85
1717241968458 0.0012967733200639486 86
1717241970147 0.0012683304958045483 87
1717241971820 0.0012411117786541581 88
1717241973507 0.001214452087879181 89
1717241975233 0.0011885903077200055 90
1717241976963 0.0011634884867817163 91
1717241978658 0.0011396723566576838 92
1717241980387 0.0011159663554280996 93
1717241982101 0.0010931013384833932 94
1717241983794 0.0010708541376516223 95
1717241985467 0.0010497425682842731 96
1717241987216 0.0010286227334290743 97
1717241988944 0.0010082190856337547 98
1717241990642 0.000988862244412303 99
