1717229146703 0.3128941113528845 1
1717229147796 0.41040065105075885 2
1717229148862 0.4313574359599373 3
1717229149937 0.4603488474532108 4
1717229151020 0.49152720995320465 5
1717229152178 0.500325231760145 6
1717229153305 0.5089959218042254 7
1717229154456 0.5158045184724644 8
1717229155623 0.5251697018011643 9
1717229156961 0.5328555993049003 10
1717229158165 0.5440675383114412 11
1717229159322 0.5537884136287515 12
1717229160475 0.5607186118344185 13
1717229161620 0.5656523509615401 14
1717229162779 0.5681139976424652 15
1717229163949 0.5705689010339667 16
1717229165092 0.5731228079990214 17
1717229166278 0.5744360561732822 18
1717229167430 0.5756573144011893 19
1717229168566 0.5767372387572364 20
1717229169715 0.5776911679971308 21
1717229170867 0.5798716214993586 22
1717229172060 0.5804996699939335 23
1717229173216 0.5819739206772973 24
1717229174403 0.5832724007310449 25
1717229175572 0.5843168276846422 26
1717229176770 0.5863889473683277 27
1717229177910 0.586668897150872 28
1717229179019 0.5856655511905772 29
1717229180156 0.5850324112617367 30
1717229181310 0.5845129561137881 31
1717229182458 0.5840089808627166 32
1717229183622 0.5847480218981788 33
1717229184782 0.5849057156116373 34
1717229185991 0.5860759788376335 35
1717229187165 0.5866909810397914 36
1717229188276 0.5878441181324566 37
1717229189406 0.5883036422583745 38
1717229190543 0.5892361696792447 39
1717229191684 0.5892457889412023 40
1717229192843 0.5887614124879121 41
1717229193978 0.5897735495430326 42
1717229195123 0.5907364864593686 43
1717229196258 0.5905731246656217 44
1717229197538 0.5917990251281394 45
1717229198911 0.5918752660775826 46
1717229200508 0.5924594937439684 47
1717229201660 0.592973446387015 48
1717229202826 0.5917343456147363 49
1717229203993 0.5934359080925692 50
1717229205171 0.5942680472529719 51
1717229206317 0.5936183713121165 52
1717229207460 0.5950955710678019 53
1717229208597 0.5942557413021609 54
1717229209805 0.5952460275458271 55
1717229210998 0.5937753125150712 56
1717229212186 0.5957214192524543 57
1717229213342 0.5957071165634921 58
1717229214478 0.5960477030087183 59
1717229215607 0.5964196844146739 60
1717229216775 0.5965421787777593 61
1717229217931 0.5965766044996242 62
1717229219058 0.5977895244803337 63
1717229220208 0.5982239871952038 64
1717229221358 0.5980052747872548 65
1717229222515 0.5986347583062088 66
1717229223704 0.5981559537835079 67
1717229224901 0.5991481712353554 68
1717229226114 0.5988954840817825 69
1717229227385 0.5986468775830945 70
1717229228517 0.6000341521279253 71
1717229229666 0.6002512516214704 72
1717229230791 0.6005961374175328 73
1717229231960 0.6004954169242741 74
1717229233100 0.6011149509943565 75
1717229234283 0.6003076108357639 76
1717229235390 0.5991561411895066 77
1717229236503 0.6000580009847479 78
1717229237644 0.6012970786716463 79
1717229238796 0.6016185718095769 80
1717229239962 0.6022769097395204 81
1717229241097 0.6032641869958147 82
1717229242242 0.6032825650728355 83
1717229243376 0.6029223934977417 84
1717229244522 0.6033098884748143 85
1717229245691 0.6042406915911154 86
1717229246835 0.6038788607318535 87
1717229247962 0.6057285198058519 88
1717229249090 0.6047098735402415 89
1717229250261 0.6065412685534055 90
1717229251650 0.604436097729438 91
1717229252831 0.6056851389735189 92
1717229253954 0.6062125311578049 93
1717229255119 0.6062577867274567 94
1717229256254 0.6075010633872988 95
1717229257391 0.606641023399609 96
1717229258542 0.6063962190043746 97
1717229259880 0.6069484789387215 98
1717229261046 0.6071951818470018 99
