1717229146703 194039.0 1
1717229147796 224882.0 2
1717229148862 231369.0 3
1717229149937 239631.0 4
1717229151020 246691.0 5
1717229152178 248212.0 6
1717229153305 249387.0 7
1717229154456 250027.0 8
1717229155623 251438.0 9
1717229156961 252660.0 10
1717229158165 254455.0 11
1717229159322 255873.0 12
1717229160475 257097.0 13
1717229161620 257944.0 14
1717229162779 258321.0 15
1717229163949 258630.0 16
1717229165092 258920.0 17
1717229166278 259092.0 18
1717229167430 259140.0 19
1717229168566 259199.0 20
1717229169715 259300.0 21
1717229170867 259558.0 22
1717229172060 259641.0 23
1717229173216 259830.0 24
1717229174403 259975.0 25
1717229175572 260024.0 26
1717229176770 260255.0 27
1717229177910 260233.0 28
1717229179019 259995.0 29
1717229180156 259742.0 30
1717229181310 259557.0 31
1717229182458 259398.0 32
1717229183622 259424.0 33
1717229184782 259382.0 34
1717229185991 259724.0 35
1717229187165 259790.0 36
1717229188276 259907.0 37
1717229189406 259938.0 38
1717229190543 260055.0 39
1717229191684 260036.0 40
1717229192843 259925.0 41
1717229193978 260037.0 42
1717229195123 260155.0 43
1717229196258 260102.0 44
1717229197538 260295.0 45
1717229198911 260183.0 46
1717229200508 260312.0 47
1717229201660 260393.0 48
1717229202826 260128.0 49
1717229203993 260303.0 50
1717229205171 260380.0 51
1717229206317 260245.0 52
1717229207460 260522.0 53
1717229208597 260343.0 54
1717229209805 260437.0 55
1717229210998 260221.0 56
1717229212186 260491.0 57
1717229213342 260577.0 58
1717229214478 260565.0 59
1717229215607 260702.0 60
1717229216775 260694.0 61
1717229217931 260668.0 62
1717229219058 260750.0 63
1717229220208 260892.0 64
1717229221358 260794.0 65
1717229222515 260926.0 66
1717229223704 260788.0 67
1717229224901 260897.0 68
1717229226114 260886.0 69
1717229227385 260826.0 70
1717229228517 260970.0 71
1717229229666 261029.0 72
1717229230791 261067.0 73
1717229231960 261033.0 74
1717229233100 261112.0 75
1717229234283 260972.0 76
1717229235390 260912.0 77
1717229236503 260943.0 78
1717229237644 261022.0 79
1717229238796 261096.0 80
1717229239962 261178.0 81
1717229241097 261304.0 82
1717229242242 261319.0 83
1717229243376 261293.0 84
1717229244522 261318.0 85
1717229245691 261400.0 86
1717229246835 261349.0 87
1717229247962 261540.0 88
1717229249090 261446.0 89
1717229250261 261623.0 90
1717229251650 261418.0 91
1717229252831 261478.0 92
1717229253954 261644.0 93
1717229255119 261651.0 94
1717229256254 261799.0 95
1717229257391 261667.0 96
1717229258542 261626.0 97
1717229259880 261634.0 98
1717229261046 261633.0 99
