1717229146703 0.6643272220164457 1
1717229147796 0.7749830170160982 2
1717229148862 0.7970818802485982 3
1717229149937 0.8243593892921522 4
1717229151020 0.8479997061347629 5
1717229152178 0.8535446465069882 6
1717229153305 0.8580190516904884 7
1717229154456 0.860917273531417 8
1717229155623 0.8659883007321277 9
1717229156961 0.870253561002277 10
1717229158165 0.8762718243153593 11
1717229159322 0.8812697827508308 12
1717229160475 0.8852187822380415 13
1717229161620 0.888127759975287 14
1717229162779 0.8894332406930737 15
1717229163949 0.890562067629899 16
1717229165092 0.891657924263786 17
1717229166278 0.8922446305899652 18
1717229167430 0.8924836483723979 19
1717229168566 0.8927708061174867 20
1717229169715 0.8930991323662857 21
1717229170867 0.8939728952713575 22
1717229172060 0.8942560095672824 23
1717229173216 0.8949679662952194 24
1717229174403 0.8954381699355078 25
1717229175572 0.8957040211512092 26
1717229176770 0.8966301572777616 27
1717229177910 0.8966095961204464 28
1717229179019 0.8958392787819237 29
1717229180156 0.8952115402555051 30
1717229181310 0.8946678745161732 31
1717229182458 0.8941908369481948 32
1717229183622 0.894433275224798 33
1717229184782 0.8943197335197681 34
1717229185991 0.8952376014493773 35
1717229187165 0.8954934142213806 36
1717229188276 0.8960503166361833 37
1717229189406 0.8962191146132927 38
1717229190543 0.896663166105747 39
1717229191684 0.8965777630500482 40
1717229192843 0.8962268751919561 41
1717229193978 0.8966448187295609 42
1717229195123 0.8971014226156959 43
1717229196258 0.8968839750757076 44
1717229197538 0.8975775432110328 45
1717229198911 0.8973773069401196 46
1717229200508 0.8976038307174254 47
1717229201660 0.897841422418029 48
1717229202826 0.897213574198262 49
1717229203993 0.8977297924891587 50
1717229205171 0.8980895745489652 51
1717229206317 0.8976517402702566 52
1717229207460 0.8985248302779573 53
1717229208597 0.8979598367562864 54
1717229209805 0.898360872849156 55
1717229210998 0.8975282562621408 56
1717229212186 0.898556778753741 57
1717229213342 0.8987494091103927 58
1717229214478 0.8987601150252638 59
1717229215607 0.899095324033548 60
1717229216775 0.8991041586975477 61
1717229217931 0.8990823754477889 62
1717229219058 0.8994308941522315 63
1717229220208 0.8997579489907438 64
1717229221358 0.8995818062442674 65
1717229222515 0.8999485162180861 66
1717229223704 0.8995502987714793 67
1717229224901 0.8999686013319258 68
1717229226114 0.8999006956753136 69
1717229227385 0.8996947689241828 70
1717229228517 0.9002112630917585 71
1717229229666 0.9003803451972996 72
1717229230791 0.9005051636490241 73
1717229231960 0.9003588810883383 74
1717229233100 0.9006593897383985 75
1717229234283 0.900202795114022 76
1717229235390 0.8999448915774224 77
1717229236503 0.9001193055183089 78
1717229237644 0.9003813941691046 79
1717229238796 0.9006923463251503 80
1717229239962 0.9009953001945065 81
1717229241097 0.9013909092035478 82
1717229242242 0.901428356554753 83
1717229243376 0.9013817631938047 84
1717229244522 0.9014245954933103 85
1717229245691 0.9018244751867873 86
1717229246835 0.901584937310084 87
1717229247962 0.9023206298365363 88
1717229249090 0.9019328503365784 89
1717229250261 0.9026465296342607 90
1717229251650 0.9018451354153224 91
1717229252831 0.9021816418874137 92
1717229253954 0.9026302032727302 93
1717229255119 0.9026768116123344 94
1717229256254 0.9031653286008969 95
1717229257391 0.9027575499956205 96
1717229258542 0.9026153320254324 97
1717229259880 0.902693411013787 98
1717229261046 0.9027765797244431 99
