1717229146703 0.85231142709444 1
1717229147796 0.9068817999811498 2
1717229148862 0.8988583842348792 3
1717229149937 0.8878002212485614 4
1717229151020 0.8833970511572444 5
1717229152178 0.8845734966132404 6
1717229153305 0.8879336304662756 7
1717229154456 0.8922997952445508 8
1717229155623 0.8941988277590004 9
1717229156961 0.8944617790936744 10
1717229158165 0.8946950140903991 11
1717229159322 0.8949955311955917 12
1717229160475 0.893255747541891 13
1717229161620 0.891825628957302 14
1717229162779 0.891727021581313 15
1717229163949 0.8922856730174888 16
1717229165092 0.8930206549092902 17
1717229166278 0.8936450130013435 18
1717229167430 0.8949856190635507 19
1717229168566 0.8961733709571367 20
1717229169715 0.8965602285915573 21
1717229170867 0.8972201281365495 22
1717229172060 0.8972291625852135 23
1717229173216 0.8972409695596204 24
1717229174403 0.8979034143730384 25
1717229175572 0.8992368635917168 26
1717229176770 0.899449763077669 27
1717229177910 0.8999961565948413 28
1717229179019 0.9013587355518322 29
1717229180156 0.9030327451306539 30
1717229181310 0.9045003718503802 31
1717229182458 0.905472264240057 32
1717229183622 0.9061503464486749 33
1717229184782 0.9070071676448793 34
1717229185991 0.9052666151431507 35
1717229187165 0.9053998268113332 36
1717229188276 0.9054950657699241 37
1717229189406 0.9056672384506866 38
1717229190543 0.9056939946496836 39
1717229191684 0.9059954363152255 40
1717229192843 0.9065554483260978 41
1717229193978 0.9067102188031271 42
1717229195123 0.9065844973051098 43
1717229196258 0.9069229132211488 44
1717229197538 0.9066638964194804 45
1717229198911 0.9075354461489815 46
1717229200508 0.9070244994081658 47
1717229201660 0.907478986496696 48
1717229202826 0.9080778731652098 49
1717229203993 0.9086057965966121 50
1717229205171 0.9087351515191975 51
1717229206317 0.9091903240141999 52
1717229207460 0.908384739213506 53
1717229208597 0.9092392690720886 54
1717229209805 0.9095341580705834 55
1717229210998 0.9100334901044188 56
1717229212186 0.9099680113040822 57
1717229213342 0.9086441669211223 58
1717229214478 0.9093478041336888 59
1717229215607 0.9084561026446116 60
1717229216775 0.908719381579747 61
1717229217931 0.9093127545722817 62
1717229219058 0.9097864773271227 63
1717229220208 0.9092282569088214 64
1717229221358 0.9098972199701028 65
1717229222515 0.909195741615828 66
1717229223704 0.9101663544992223 67
1717229224901 0.9100996194412622 68
1717229226114 0.9100980178461264 69
1717229227385 0.9103630843687991 70
1717229228517 0.910785690691749 71
1717229229666 0.9106985129353516 72
1717229230791 0.9107627546508995 73
1717229231960 0.9110907704222211 74
1717229233100 0.9109260081162304 75
1717229234283 0.9114725564497518 76
1717229235390 0.9106921168516181 77
1717229236503 0.911274419511958 78
1717229237644 0.9118415560631556 79
1717229238796 0.9120248786334947 80
1717229239962 0.912128027747582 81
1717229241097 0.9121252719964287 82
1717229242242 0.9118588303209824 83
1717229243376 0.9117505694006881 84
1717229244522 0.9121518865828141 85
1717229245691 0.9122426797568541 86
1717229246835 0.9124470949681294 87
1717229247962 0.9129521287080864 88
1717229249090 0.9125509015545885 89
1717229250261 0.9131049045002416 90
1717229251650 0.9124297617073178 91
1717229252831 0.9134925969846683 92
1717229253954 0.9126511488714114 93
1717229255119 0.9124889585548812 94
1717229256254 0.9126187344155403 95
1717229257391 0.9127644510504004 96
1717229258542 0.9130574732453975 97
1717229259880 0.9136128768071979 98
1717229261046 0.9139620302956323 99
