1717090775620 22426.0 1
1717090784863 22426.0 2
1717090793230 22426.0 3
1717090802083 22426.0 4
1717090810996 22426.0 5
1717090819442 22426.0 6
1717090827507 22426.0 7
1717090835560 22426.0 8
1717090843683 22426.0 9
1717090851775 22426.0 10
1717090859802 22426.0 11
1717090868045 22426.0 12
1717090876523 22426.0 13
1717090885501 22426.0 14
1717090894041 22426.0 15
1717090902223 22426.0 16
1717090910384 22426.0 17
1717090918704 22426.0 18
1717090927167 22426.0 19
1717090935410 22426.0 20
1717090943619 22426.0 21
1717090951682 22426.0 22
1717090959898 22426.0 23
1717090968096 22426.0 24
1717090976169 22426.0 25
1717090984327 22426.0 26
1717090992793 22426.0 27
1717091001415 22426.0 28
1717091010315 22426.0 29
1717091019410 22426.0 30
1717091027960 22426.0 31
1717091036406 22426.0 32
1717091045397 22426.0 33
1717091053875 22426.0 34
1717091062333 22426.0 35
1717091070930 22426.0 36
1717091079487 22426.0 37
1717091088082 22426.0 38
1717091096606 22426.0 39
1717091106413 22426.0 40
1717091115660 22426.0 41
1717091124409 22426.0 42
1717091133251 22426.0 43
1717091142018 22426.0 44
1717091150337 22426.0 45
1717091158672 22426.0 46
1717091167265 22426.0 47
1717091175989 22426.0 48
1717091184391 22426.0 49
1717091192829 22426.0 50
1717091201103 22426.0 51
1717091209606 22426.0 52
1717091218045 22426.0 53
1717091226565 22426.0 54
1717091235105 22426.0 55
1717091243604 22426.0 56
1717091252831 22426.0 57
1717091261235 22426.0 58
1717091269437 22426.0 59
1717091277773 22426.0 60
1717091286183 22426.0 61
1717091294636 22426.0 62
1717091303044 22426.0 63
1717091311317 22426.0 64
1717091319613 22426.0 65
1717091327855 22426.0 66
1717091336040 22426.0 67
1717091344205 22426.0 68
1717091352408 22426.0 69
1717091360553 22426.0 70
1717091368645 22426.0 71
1717091377024 22426.0 72
1717091385426 22426.0 73
1717091393625 22426.0 74
1717091401986 22426.0 75
1717091410195 22426.0 76
1717091418535 22426.0 77
1717091426541 22426.0 78
1717091435133 22426.0 79
1717091443484 22426.0 80
1717091451640 22426.0 81
1717091460061 22426.0 82
1717091468250 22426.0 83
1717091476408 22426.0 84
1717091484605 22426.0 85
1717091493024 22426.0 86
1717091501232 22426.0 87
1717091509499 22426.0 88
1717091517713 22426.0 89
1717091525902 22426.0 90
1717091534095 22426.0 91
1717091542243 22426.0 92
1717091552150 22426.0 93
1717091560492 22426.0 94
1717091568605 22426.0 95
1717091576823 22426.0 96
1717091585103 22426.0 97
1717091593244 22426.0 98
1717091601702 22426.0 99
