1717090775620 177547.0 1
1717090784863 158738.0 2
1717090793230 162187.0 3
1717090802083 147975.0 4
1717090810996 146245.0 5
1717090819442 142824.0 6
1717090827507 141442.0 7
1717090835560 139870.0 8
1717090843683 138128.0 9
1717090851775 139259.0 10
1717090859802 142077.0 11
1717090868045 139470.0 12
1717090876523 139257.0 13
1717090885501 140183.0 14
1717090894041 144298.0 15
1717090902223 143775.0 16
1717090910384 142545.0 17
1717090918704 145715.0 18
1717090927167 144726.0 19
1717090935410 144466.0 20
1717090943619 146673.0 21
1717090951682 145871.0 22
1717090959898 144955.0 23
1717090968096 142450.0 24
1717090976169 143188.0 25
1717090984327 142945.0 26
1717090992793 141475.0 27
1717091001415 143375.0 28
1717091010315 143936.0 29
1717091019410 145338.0 30
1717091027960 147194.0 31
1717091036406 146595.0 32
1717091045397 144438.0 33
1717091053875 148480.0 34
1717091062333 148990.0 35
1717091070930 147025.0 36
1717091079487 144176.0 37
1717091088082 144847.0 38
1717091096606 144877.0 39
1717091106413 146791.0 40
1717091115660 145888.0 41
1717091124409 145580.0 42
1717091133251 149058.0 43
1717091142018 147834.0 44
1717091150337 145895.0 45
1717091158672 146527.0 46
1717091167265 145320.0 47
1717091175989 147243.0 48
1717091184391 145360.0 49
1717091192829 141049.0 50
1717091201103 138545.0 51
1717091209606 129665.0 52
1717091218045 128659.0 53
1717091226565 125214.0 54
1717091235105 122943.0 55
1717091243604 122323.0 56
1717091252831 119511.0 57
1717091261235 119271.0 58
1717091269437 116798.0 59
1717091277773 116489.0 60
1717091286183 113794.0 61
1717091294636 112584.0 62
1717091303044 111585.0 63
1717091311317 112255.0 64
1717091319613 110285.0 65
1717091327855 108121.0 66
1717091336040 108790.0 67
1717091344205 106238.0 68
1717091352408 103912.0 69
1717091360553 105305.0 70
1717091368645 102660.0 71
1717091377024 101558.0 72
1717091385426 100193.0 73
1717091393625 102548.0 74
1717091401986 101218.0 75
1717091410195 96495.0 76
1717091418535 97790.0 77
1717091426541 95228.0 78
1717091435133 94851.0 79
1717091443484 94711.0 80
1717091451640 100087.0 81
1717091460061 93980.0 82
1717091468250 95638.0 83
1717091476408 91816.0 84
1717091484605 91996.0 85
1717091493024 89265.0 86
1717091501232 91581.0 87
1717091509499 91162.0 88
1717091517713 92003.0 89
1717091525902 92279.0 90
1717091534095 89540.0 91
1717091542243 89421.0 92
1717091552150 87926.0 93
1717091560492 88257.0 94
1717091568605 88158.0 95
1717091576823 87581.0 96
1717091585103 91409.0 97
1717091593244 88216.0 98
1717091601702 89247.0 99
