1717090775620 174785.0 1
1717090784863 193594.0 2
1717090793230 190145.0 3
1717090802083 204357.0 4
1717090810996 206087.0 5
1717090819442 209508.0 6
1717090827507 210890.0 7
1717090835560 212462.0 8
1717090843683 214204.0 9
1717090851775 213073.0 10
1717090859802 210255.0 11
1717090868045 212862.0 12
1717090876523 213075.0 13
1717090885501 212149.0 14
1717090894041 208034.0 15
1717090902223 208557.0 16
1717090910384 209787.0 17
1717090918704 206617.0 18
1717090927167 207606.0 19
1717090935410 207866.0 20
1717090943619 205659.0 21
1717090951682 206461.0 22
1717090959898 207377.0 23
1717090968096 209882.0 24
1717090976169 209144.0 25
1717090984327 209387.0 26
1717090992793 210857.0 27
1717091001415 208957.0 28
1717091010315 208396.0 29
1717091019410 206994.0 30
1717091027960 205138.0 31
1717091036406 205737.0 32
1717091045397 207894.0 33
1717091053875 203852.0 34
1717091062333 203342.0 35
1717091070930 205307.0 36
1717091079487 208156.0 37
1717091088082 207485.0 38
1717091096606 207455.0 39
1717091106413 205541.0 40
1717091115660 206444.0 41
1717091124409 206752.0 42
1717091133251 203274.0 43
1717091142018 204498.0 44
1717091150337 206437.0 45
1717091158672 205805.0 46
1717091167265 207012.0 47
1717091175989 205089.0 48
1717091184391 206972.0 49
1717091192829 211283.0 50
1717091201103 213787.0 51
1717091209606 222667.0 52
1717091218045 223673.0 53
1717091226565 227118.0 54
1717091235105 229389.0 55
1717091243604 230009.0 56
1717091252831 232821.0 57
1717091261235 233061.0 58
1717091269437 235534.0 59
1717091277773 235843.0 60
1717091286183 238538.0 61
1717091294636 239748.0 62
1717091303044 240747.0 63
1717091311317 240077.0 64
1717091319613 242047.0 65
1717091327855 244211.0 66
1717091336040 243542.0 67
1717091344205 246094.0 68
1717091352408 248420.0 69
1717091360553 247027.0 70
1717091368645 249672.0 71
1717091377024 250774.0 72
1717091385426 252139.0 73
1717091393625 249784.0 74
1717091401986 251114.0 75
1717091410195 255837.0 76
1717091418535 254542.0 77
1717091426541 257104.0 78
1717091435133 257481.0 79
1717091443484 257621.0 80
1717091451640 252245.0 81
1717091460061 258352.0 82
1717091468250 256694.0 83
1717091476408 260516.0 84
1717091484605 260336.0 85
1717091493024 263067.0 86
1717091501232 260751.0 87
1717091509499 261170.0 88
1717091517713 260329.0 89
1717091525902 260053.0 90
1717091534095 262792.0 91
1717091542243 262911.0 92
1717091552150 264406.0 93
1717091560492 264075.0 94
1717091568605 264174.0 95
1717091576823 264751.0 96
1717091585103 260923.0 97
1717091593244 264116.0 98
1717091601702 263085.0 99
