1717090775620 0.9617828428164913 1
1717090784863 0.9698699468877736 2
1717090793230 0.9740325948770215 3
1717090802083 0.973061899702075 4
1717090810996 0.9771825182690206 5
1717090819442 0.9772460190758309 6
1717090827507 0.9780202406516982 7
1717090835560 0.9775449319902157 8
1717090843683 0.9786476193679686 9
1717090851775 0.9785404493209808 10
1717090859802 0.9790930552120687 11
1717090868045 0.9790492067968835 12
1717090876523 0.9796203469446799 13
1717090885501 0.9788279897107582 14
1717090894041 0.9807599268628423 15
1717090902223 0.9806635678925403 16
1717090910384 0.9804574348681003 17
1717090918704 0.9818316080298761 18
1717090927167 0.9818767512180085 19
1717090935410 0.9816767896246785 20
1717090943619 0.9828384988074463 21
1717090951682 0.9824291649209614 22
1717090959898 0.9826234285913802 23
1717090968096 0.982069348070109 24
1717090976169 0.9819940376838127 25
1717090984327 0.9824013253638754 26
1717090992793 0.9819964556022277 27
1717091001415 0.982053345911178 28
1717091010315 0.981959808710006 29
1717091019410 0.9827017394358407 30
1717091027960 0.9832496289845489 31
1717091036406 0.9831336951352384 32
1717091045397 0.9823685159048362 33
1717091053875 0.9836881281670116 34
1717091062333 0.9839448131797134 35
1717091070930 0.9834907734717195 36
1717091079487 0.9825942709291361 37
1717091088082 0.983149457079935 38
1717091096606 0.9827238881867237 39
1717091106413 0.9831702084730288 40
1717091115660 0.9835203053310171 41
1717091124409 0.9832076688729503 42
1717091133251 0.984290604667206 43
1717091142018 0.9843191775350814 44
1717091150337 0.9832576918693307 45
1717091158672 0.9840700540678847 46
1717091167265 0.9833361344404059 47
1717091175989 0.9843830397791541 48
1717091184391 0.9842044575823836 49
1717091192829 0.9839129853737355 50
1717091201103 0.9844318398708239 51
1717091209606 0.9830309322018307 52
1717091218045 0.9833445719327706 53
1717091226565 0.9830750721724164 54
1717091235105 0.9819886161869115 55
1717091243604 0.9825240810790635 56
1717091252831 0.9821660986156221 57
1717091261235 0.9826706355413516 58
1717091269437 0.9829674659664804 59
1717091277773 0.9832947650145766 60
1717091286183 0.9829884743832343 61
1717091294636 0.9834379945346445 62
1717091303044 0.9828720972943822 63
1717091311317 0.9832430378589795 64
1717091319613 0.9833766563691182 65
1717091327855 0.9833935958230545 66
1717091336040 0.9840024533421354 67
1717091344205 0.9844719102794195 68
1717091352408 0.9836481420294318 69
1717091360553 0.9844497567985003 70
1717091368645 0.9842680567081131 71
1717091377024 0.9848183748418426 72
1717091385426 0.9843154522446195 73
1717091393625 0.9847506060441676 74
1717091401986 0.9856443098128977 75
1717091410195 0.9853913809977553 76
1717091418535 0.9861656514389253 77
1717091426541 0.986568678943738 78
1717091435133 0.9870958951037188 79
1717091443484 0.9859839175318315 80
1717091451640 0.9864847858913818 81
1717091460061 0.9867464804534546 82
1717091468250 0.9874191800078816 83
1717091476408 0.9873763829237069 84
1717091484605 0.9886395325266799 85
1717091493024 0.9878259931207752 86
1717091501232 0.9888547050312793 87
1717091509499 0.9881183978668371 88
1717091517713 0.9887523055312032 89
1717091525902 0.988853261502575 90
1717091534095 0.9889132142318838 91
1717091542243 0.989412517634739 92
1717091552150 0.9901341080002098 93
1717091560492 0.9898575497107501 94
1717091568605 0.9898895390645541 95
1717091576823 0.9888638749798202 96
1717091585103 0.9902538331543219 97
1717091593244 0.9900340383660464 98
1717091601702 0.9898770943227916 99
