1709571429963 1.3697162866592407 1
1709571430129 1.2779223918914795 2
1709571430298 1.1717634201049805 3
1709571430467 1.171043038368225 4
1709571430633 1.1247496604919434 5
1709571430799 1.1277812719345093 6
1709571430968 1.1267424821853638 7
1709571431134 1.0972713232040405 8
1709571431302 1.111462116241455 9
1709571431473 1.085846185684204 10
1709571431646 1.0816013813018799 11
1709571431868 1.078931450843811 12
1709571432037 1.0592114925384521 13
1709571432207 1.052378535270691 14
1709571432377 1.0477886199951172 15
1709571432543 1.028302550315857 16
1709571432713 1.018848180770874 17
1709571432882 1.0158814191818237 18
1709571433049 0.9965941309928894 19
1709571433215 0.9861249923706055 20
1709571433412 0.9830628037452698 21
1709571433622 0.982076108455658 22
1709571433819 0.9595339894294739 23
1709571434001 0.9524733424186707 24
1709571434198 0.9592775702476501 25
1709571434371 0.958620548248291 26
1709571434545 0.9309785962104797 27
1709571434717 0.9264425039291382 28
1709571434891 0.9372462034225464 29
1709571435063 0.9399199485778809 30
1709571435239 0.9165988564491272 31
1709571435434 0.9086270928382874 32
1709571435601 0.9103800654411316 33
1709571435770 0.9238985776901245 34
1709571435935 0.9048333764076233 35
1709571436099 0.8941980600357056 36
1709571436265 0.8878294825553894 37
1709571436433 0.9043921232223511 38
1709571436592 0.8944400548934937 39
1709571436758 0.8806725144386292 40
1709571436925 0.8708764314651489 41
1709571437095 0.8781477212905884 42
1709571437259 0.8918749094009399 43
1709571437424 0.8723856806755066 44
1709571437590 0.8586887121200562 45
1709571437757 0.8550192713737488 46
1709571437923 0.861116349697113 47
1709571438091 0.8766843676567078 48
1709571438260 0.8517956137657166 49
1709571438427 0.8458982110023499 50
1709571438596 0.8382141590118408 51
1709571438770 0.8584527373313904 52
1709571438939 0.8624734282493591 53
1709571439110 0.8350783586502075 54
1709571439279 0.8319752216339111 55
1709571439451 0.824678897857666 56
1709571439620 0.8392627835273743 57
1709571439789 0.8511584997177124 58
1709571439956 0.8233077526092529 59
1709571440114 0.8186874985694885 60
1709571440275 0.8155903816223145 61
1709571440435 0.8144325017929077 62
1709571440596 0.8500955700874329 63
1709571440759 0.8311498761177063 64
1709571440924 0.804768979549408 65
1709571441107 0.8000360131263733 66
1709571441290 0.7933697700500488 67
1709571441467 0.8059350252151489 68
1709571441643 0.8206127882003784 69
1709571441823 0.8048286437988281 70
1709571441994 0.7825825214385986 71
1709571442171 0.7840049862861633 72
1709571442361 0.7788121700286865 73
1709571442534 0.7751438021659851 74
1709571442706 0.803820013999939 75
1709571442881 0.8209620714187622 76
1709571443048 0.7956128716468811 77
1709571443215 0.7628424167633057 78
1709571443382 0.7668315172195435 79
1709571443548 0.7680265307426453 80
1709571443721 0.7570285797119141 81
1709571443889 0.7869890928268433 82
1709571444062 0.8228853344917297 83
1709571444237 0.8000649809837341 84
1709571444430 0.7520599961280823 85
1709571444621 0.7539756894111633 86
1709571444804 0.7531780004501343 87
1709571444985 0.743823766708374 88
1709571445167 0.7933431267738342 89
1709571445344 0.8174638748168945 90
1709571445524 0.7636299133300781 91
1709571445711 0.7401434183120728 92
1709571445892 0.7514838576316833 93
1709571446059 0.7353337407112122 94
1709571446223 0.7877619862556458 95
1709571446391 0.8019540905952454 96
1709571446557 0.7406940460205078 97
1709571446721 0.7296960353851318 98
1709571446886 0.7455347776412964 99
1709571447053 0.7256758809089661 100
1709571447220 0.7940361499786377 101
1709571447387 0.7931265234947205 102
1709571447556 0.7144092321395874 103
1709571447726 0.73108971118927 104
1709571447894 0.7276540994644165 105
1709571448060 0.730675220489502 106
1709571448227 0.8091611266136169 107
1709571448396 0.7375150322914124 108
1709571448562 0.7081937193870544 109
1709571448736 0.7141237258911133 110
1709571448904 0.7266440987586975 111
1709571449068 0.7828705310821533 112
1709571449233 0.7367410063743591 113
1709571449403 0.6965029835700989 114
1709571449571 0.7031325697898865 115
1709571449734 0.7016238570213318 116
1709571449903 0.7403860092163086 117
1709571450070 0.7342929840087891 118
1709571450236 0.685356616973877 119
1709571450397 0.6872745752334595 120
1709571450564 0.688098669052124 121
1709571450733 0.6921136975288391 122
1709571450901 0.7278311848640442 123
1709571451069 0.7247253656387329 124
1709571451235 0.6844656467437744 125
1709571451405 0.6742980480194092 126
1709571451573 0.6881388425827026 127
1709571451740 0.6737627983093262 128
1709571451906 0.678801953792572 129
1709571452074 0.7297717332839966 130
1709571452244 0.7276434898376465 131
1709571452426 0.6881396770477295 132
1709571452607 0.6702135801315308 133
1709571452779 0.6954637169837952 134
1709571452957 0.6718876957893372 135
1709571453137 0.6989753842353821 136
1709571453320 0.7538166046142578 137
1709571453517 0.689682126045227 138
1709571453692 0.6535286903381348 139
1709571453865 0.6641062498092651 140
1709571454028 0.6610402464866638 141
1709571454197 0.6819711327552795 142
1709571454366 0.7069828510284424 143
1709571454534 0.6785591840744019 144
1709571454699 0.6468187570571899 145
1709571454912 0.6537302136421204 146
1709571455081 0.6526958346366882 147
1709571455249 0.6419774293899536 148
1709571455418 0.6691572070121765 149
1709571455588 0.7142853140830994 150
1709571455750 0.6936583518981934 151
1709571455918 0.6391229033470154 152
1709571456083 0.6686112284660339 153
1709571456245 0.6625428795814514 154
1709571456411 0.6770568490028381 155
1709571456577 0.752914547920227 156
1709571456742 0.6818516850471497 157
1709571456918 0.6514593362808228 158
1709571457083 0.65107661485672 159
1709571457246 0.6641578674316406 160
1709571457407 0.686802089214325 161
1709571457572 0.6386663317680359 162
1709571457737 0.6462140679359436 163
1709571457900 0.6268690228462219 164
1709571458067 0.6719393134117126 165
1709571458236 0.6751130819320679 166
1709571458399 0.6308488845825195 167
1709571458565 0.6324213147163391 168
1709571458740 0.6241841912269592 169
1709571458908 0.6361498832702637 170
1709571459075 0.6613191962242126 171
1709571459242 0.6327380537986755 172
1709571459406 0.6143317222595215 173
1709571459574 0.617435097694397 174
1709571459740 0.6117304563522339 175
1709571459907 0.6372955441474915 176
1709571460073 0.6530344486236572 177
1709571460243 0.6162122488021851 178
1709571460429 0.6073941588401794 179
1709571460606 0.6293017268180847 180
1709571460786 0.6060504913330078 181
1709571460966 0.6538153290748596 182
1709571461147 0.6834007501602173 183
1709571461324 0.6218778491020203 184
1709571461524 0.6207898259162903 185
1709571461695 0.621393620967865 186
1709571461864 0.6255030035972595 187
1709571462032 0.6481231451034546 188
1709571462201 0.6075124740600586 189
1709571462366 0.6091418862342834 190
1709571462531 0.5968048572540283 191
1709571462700 0.6113475561141968 192
1709571462866 0.639044463634491 193
1709571463033 0.6043962240219116 194
1709571463204 0.5934770703315735 195
1709571463371 0.6007779240608215 196
1709571463539 0.5873361229896545 197
1709571463707 0.6141263842582703 198
1709571463874 0.6414675116539001 199
