1717694865925 0.6704904676875227 1
1717694866249 0.7780958728735023 2
1717694866599 0.778853162579247 3
1717694866931 0.7806536189130777 4
1717694867298 0.7872351417678742 5
1717694867655 0.793975819134096 6
1717694867984 0.80192985512865 7
1717694868505 0.8068510883065191 8
1717694869000 0.8073751555110393 9
1717694869399 0.8214467551085983 10
1717694869871 0.8238906707843677 11
1717694870199 0.8205669453944608 12
1717694870521 0.8324688263581713 13
1717694870870 0.8211748979148628 14
1717694871254 0.8427611321820951 15
1717694871717 0.844029568620358 16
1717694872066 0.8448064514306278 17
1717694872377 0.8440604387552165 18
1717694872724 0.8455909760861937 19
1717694873115 0.8469447839821906 20
1717694873442 0.848167665920253 21
1717694873926 0.8503894911192184 22
1717694874412 0.8513535461464569 23
1717694874934 0.8528181912131035 24
1717694875364 0.8538141689491155 25
1717694875888 0.8567539214933587 26
1717694876270 0.858660187687945 27
1717694876708 0.8615140813611128 28
1717694877065 0.8653146218365322 29
1717694877470 0.8677987315234675 30
1717694877826 0.8701285385238844 31
1717694878284 0.8724613203857053 32
1717694878630 0.8732516794728383 33
1717694879100 0.8742445162656243 34
1717694879417 0.8760349616407215 35
1717694879763 0.8766614605598514 36
1717694880249 0.8785455190408452 37
1717694880782 0.8787680449406002 38
1717694881166 0.8795036422112019 39
1717694881480 0.8816177419056963 40
1717694881799 0.8802248817221866 41
1717694882152 0.8830386533103838 42
1717694882513 0.8842169221673112 43
1717694882841 0.8847033240017967 44
1717694883164 0.8852867495695877 45
1717694883511 0.8860505329434181 46
1717694883870 0.8865608940617378 47
1717694884242 0.8875960190364663 48
1717694884571 0.8878240735172399 49
1717694884991 0.8883368891026311 50
1717694885384 0.8888586141055448 51
1717694885789 0.8894086378713795 52
1717694886217 0.8900374340942487 53
1717694886709 0.8902144643321804 54
1717694887051 0.8905974511915968 55
1717694887513 0.8909509898653045 56
1717694887927 0.8912362906282777 57
1717694888314 0.8918854133824976 58
1717694888735 0.8919313895121255 59
1717694889223 0.89174281211259 60
1717694889704 0.8923270749329942 61
1717694890101 0.8922383421784893 62
1717694890534 0.8927213694261621 63
1717694890965 0.8925037632983599 64
