1717694865925 0.532451836090255 1
1717694866249 0.6612886327766478 2
1717694866599 0.6724966962751541 3
1717694866931 0.6790664678731071 4
1717694867298 0.6946804689102167 5
1717694867655 0.7017955435281881 6
1717694867984 0.7041721853777363 7
1717694868505 0.7130988942088262 8
1717694869000 0.6906385478902866 9
1717694869399 0.7088628547616 10
1717694869871 0.7242734401009089 11
1717694870199 0.7191618800350822 12
1717694870521 0.7227597807183012 13
1717694870870 0.7171687024706898 14
1717694871254 0.7289499785428074 15
1717694871717 0.7331294926570461 16
1717694872066 0.7383263179335099 17
1717694872377 0.7411569137846599 18
1717694872724 0.7437684873305442 19
1717694873115 0.7463513529020569 20
1717694873442 0.7480154344925722 21
1717694873926 0.7521914889436415 22
1717694874412 0.7539853276732374 23
1717694874934 0.7567555577000228 24
1717694875364 0.7576226998305626 25
1717694875888 0.7591117188896812 26
1717694876270 0.7613074110382705 27
1717694876708 0.7627475777376428 28
1717694877065 0.7647528136913945 29
1717694877470 0.7660554207783123 30
1717694877826 0.7675140041716464 31
1717694878284 0.7690934254765873 32
1717694878630 0.7693785532971272 33
1717694879100 0.7702290207256255 34
1717694879417 0.7709334980129696 35
1717694879763 0.7727723563870105 36
1717694880249 0.7734730938423485 37
1717694880782 0.7749630127446359 38
1717694881166 0.776241569281701 39
1717694881480 0.7785872623134246 40
1717694881799 0.7779250383490204 41
1717694882152 0.7825034342178201 42
1717694882513 0.7838581474625358 43
1717694882841 0.7845064887296371 44
1717694883164 0.7861880760411692 45
1717694883511 0.7865422587000335 46
1717694883870 0.7887472525891852 47
1717694884242 0.7891785836132452 48
1717694884571 0.790035695084694 49
1717694884991 0.7904600912406957 50
1717694885384 0.7910560847895038 51
1717694885789 0.791534232883901 52
1717694886217 0.7918874969105604 53
1717694886709 0.7920972546056906 54
1717694887051 0.7926763350064284 55
1717694887513 0.7924486394066367 56
1717694887927 0.7932004964705366 57
1717694888314 0.7925508386429051 58
1717694888735 0.794574413731967 59
1717694889223 0.7947129301104591 60
1717694889704 0.7945573239508267 61
1717694890101 0.7950357657058332 62
1717694890534 0.7955401666748565 63
1717694890965 0.7957648843213887 64
