1717006301544 21709.0 1
1717006302688 21709.0 2
1717006303769 21709.0 3
1717006304891 21709.0 4
1717006305971 21709.0 5
1717006307063 21709.0 6
1717006308120 21709.0 7
1717006309149 21709.0 8
1717006310182 21709.0 9
1717006311240 21709.0 10
1717006312265 21709.0 11
1717006313414 21709.0 12
1717006314528 21709.0 13
1717006315603 21709.0 14
1717006316710 21709.0 15
1717006317800 21709.0 16
1717006318847 21709.0 17
1717006320007 21709.0 18
1717006321048 21709.0 19
1717006322072 21709.0 20
1717006323111 21709.0 21
1717006324156 21709.0 22
1717006325204 21709.0 23
1717006326273 21709.0 24
1717006327363 21709.0 25
1717006328488 21709.0 26
1717006329645 21709.0 27
1717006330867 21709.0 28
1717006332019 21709.0 29
1717006333116 21709.0 30
1717006334176 21709.0 31
1717006335219 21709.0 32
1717006336277 21709.0 33
1717006337308 21709.0 34
1717006338338 21709.0 35
1717006339371 21709.0 36
1717006340430 21709.0 37
1717006341481 21709.0 38
1717006342551 21709.0 39
1717006343689 21709.0 40
1717006344893 21709.0 41
1717006346051 21709.0 42
1717006347256 21709.0 43
1717006348355 21709.0 44
1717006349428 21709.0 45
1717006350545 21709.0 46
1717006351601 21709.0 47
1717006352713 21709.0 48
1717006353828 21709.0 49
1717006354889 21709.0 50
1717006355930 21709.0 51
1717006357022 21709.0 52
1717006358318 21709.0 53
1717006359399 21709.0 54
1717006360445 21709.0 55
1717006361516 21709.0 56
1717006362539 21709.0 57
1717006363616 21709.0 58
1717006364642 21709.0 59
1717006365720 21709.0 60
1717006366794 21709.0 61
1717006367852 21709.0 62
1717006369073 21709.0 63
1717006370167 21709.0 64
1717006371238 21709.0 65
1717006372308 21709.0 66
1717006373487 21709.0 67
1717006374579 21709.0 68
1717006375695 21709.0 69
1717006376786 21709.0 70
1717006377898 21709.0 71
1717006378959 21709.0 72
1717006380038 21709.0 73
1717006381096 21709.0 74
1717006382142 21709.0 75
1717006383236 21709.0 76
1717006384297 21709.0 77
1717006385356 21709.0 78
1717006386427 21709.0 79
1717006387515 21709.0 80
1717006388686 21709.0 81
1717006389753 21709.0 82
1717006390766 21709.0 83
1717006391870 21709.0 84
1717006392935 21709.0 85
1717006394002 21709.0 86
1717006395031 21709.0 87
1717006396124 21709.0 88
1717006397172 21709.0 89
1717006398264 21709.0 90
1717006399336 21709.0 91
1717006400406 21709.0 92
1717006401458 21709.0 93
1717006402593 21709.0 94
1717006403659 21709.0 95
1717006404714 21709.0 96
1717006405782 21709.0 97
1717006406850 21709.0 98
1717006407913 21709.0 99
