1717580180691 0.8427428007125854 1
1717580186191 0.7126643657684326 2
1717580191750 0.6762283444404602 3
1717580197235 0.6539233326911926 4
1717580202816 0.6331980228424072 5
1717580208297 0.6180291175842285 6
1717580213693 0.6065562963485718 7
1717580220345 0.5969368815422058 8
1717580226172 0.590431809425354 9
1717580231764 0.5855473279953003 10
1717580237808 0.5815501809120178 11
1717580243808 0.5784425139427185 12
1717580249267 0.5743764042854309 13
1717580255133 0.5690730810165405 14
1717580261502 0.5645037293434143 15
1717580267209 0.5615718364715576 16
1717580273828 0.5587067604064941 17
1717580280494 0.555883526802063 18
1717580287001 0.5533878803253174 19
1717580293816 0.5517370700836182 20
1717580300039 0.5499909520149231 21
1717580306448 0.5486217737197876 22
1717580312853 0.5473960638046265 23
1717580318712 0.5460714101791382 24
1717580324866 0.5448514819145203 25
1717580330661 0.5441056489944458 26
1717580336796 0.542955219745636 27
1717580343321 0.5421435236930847 28
1717580349137 0.5412172079086304 29
1717580355073 0.5403542518615723 30
