1717580180691 368930.0 1
1717580186191 337214.0 2
1717580191750 321327.0 3
1717580197235 310828.0 4
1717580202816 302898.0 5
1717580208297 296481.0 6
1717580213693 291469.0 7
1717580220345 286221.0 8
1717580226172 283300.0 9
1717580231764 281001.0 10
1717580237808 279577.0 11
1717580243808 278121.0 12
1717580249267 276034.0 13
1717580255133 273067.0 14
1717580261502 270992.0 15
1717580267209 269870.0 16
1717580273828 269017.0 17
1717580280494 268067.0 18
1717580287001 267343.0 19
1717580293816 266526.0 20
1717580300039 265867.0 21
1717580306448 265367.0 22
1717580312853 264871.0 23
1717580318712 264199.0 24
1717580324866 263679.0 25
1717580330661 263192.0 26
1717580336796 262814.0 27
1717580343321 262483.0 28
1717580349137 262070.0 29
1717580355073 261820.0 30
