1717173383672 0.8121313763571751 1
1717173384826 0.8348942141013171 2
1717173386070 0.8433660903439439 3
1717173387180 0.8471881079193426 4
1717173388304 0.8601155822970804 5
1717173389402 0.8822132402471047 6
1717173390693 0.8888673533040071 7
1717173391810 0.8888070364558266 8
1717173393016 0.8894182175511524 9
1717173394126 0.8898346565614826 10
1717173395265 0.8902665909907537 11
1717173396438 0.8905037802603836 12
1717173397574 0.8918116395781023 13
1717173398728 0.8924797663129987 14
1717173399876 0.8929475371884066 15
1717173401113 0.8934624196621491 16
1717173402211 0.8956705124053931 17
1717173403354 0.8974240997524782 18
1717173404493 0.8998693002749916 19
1717173405606 0.9001427713390027 20
1717173406746 0.9025134637384121 21
1717173407863 0.903454366845282 22
1717173408972 0.9025373369335664 23
1717173410125 0.9047523449201783 24
1717173411271 0.9064363767363006 25
1717173412415 0.9049233324304824 26
1717173413539 0.9076958145373526 27
1717173414769 0.9085827241654865 28
1717173416172 0.9088836136561367 29
1717173417815 0.9099180754470587 30
1717173419331 0.9108452664626678 31
1717173420555 0.9109180809916727 32
1717173421813 0.9118979725570309 33
1717173422962 0.9120100174021688 34
1717173424082 0.9123351878176764 35
1717173425346 0.9125819985068491 36
1717173426590 0.9130139712489522 37
1717173427764 0.9136958126721492 38
1717173428961 0.9134710733977623 39
1717173430182 0.9142700272854004 40
1717173431354 0.9137046508837159 41
1717173432463 0.9149070636084726 42
1717173433717 0.9152466953471438 43
1717173434878 0.9157089434400679 44
1717173436150 0.9160375564237232 45
1717173437378 0.9160974303221286 46
1717173438544 0.9160394798315442 47
1717173439672 0.9163260159027704 48
1717173440777 0.9167111700729741 49
1717173441905 0.9167834476997324 50
1717173443042 0.917494846577122 51
1717173444203 0.918062587650679 52
1717173445461 0.9180416085648241 53
1717173446641 0.9182003900456039 54
1717173447820 0.9181495858568786 55
1717173448921 0.9181960536947734 56
1717173450066 0.9185082303011821 57
1717173451194 0.9186230134958093 58
1717173452316 0.9190028480862954 59
1717173453530 0.9192263914628316 60
1717173454817 0.9193374589297816 61
1717173456002 0.919148325815391 62
1717173457161 0.9196942273889427 63
1717173458304 0.9199236712160964 64
1717173459431 0.9197785923111923 65
1717173460565 0.919902024044179 66
1717173461697 0.9205396072713373 67
1717173462833 0.9206787586434431 68
1717173464027 0.9210213105707704 69
1717173465285 0.9208335841220684 70
1717173466470 0.9210399142381633 71
1717173467737 0.9210631456658654 72
1717173468924 0.9214100487712071 73
1717173470145 0.9217239830020645 74
1717173471293 0.922243685975847 75
1717173472490 0.9222450375980447 76
1717173473694 0.9223959337549585 77
1717173474873 0.9225995252786002 78
1717173476120 0.9227658561366838 79
1717173477315 0.9230430386444376 80
1717173478533 0.9231173280250173 81
1717173479746 0.9233518812183976 82
1717173480889 0.9234960166323499 83
1717173482061 0.9238241978388085 84
1717173483233 0.9240911676417544 85
1717173484355 0.9239397492954833 86
1717173485524 0.9244762262073641 87
1717173486873 0.924744154545408 88
1717173488104 0.9251657621317375 89
1717173489270 0.9255890478347061 90
1717173490410 0.9260436225509271 91
1717173491599 0.9265039558303385 92
1717173492738 0.9259833348326825 93
1717173493903 0.9267597389545704 94
1717173495096 0.9275884864613049 95
1717173496304 0.9273128064463709 96
1717173497490 0.9278242519843674 97
1717173498699 0.9279741853857602 98
1717173499890 0.9283259474064067 99
