1717173383672 0.6924517674451812 1
1717173384826 0.7198907619212361 2
1717173386070 0.7318351571831827 3
1717173387180 0.7371821122283162 4
1717173388304 0.7564628464881606 5
1717173389402 0.7909324570981358 6
1717173390693 0.8011195905744817 7
1717173391810 0.8008818560096265 8
1717173393016 0.8017349035197674 9
1717173394126 0.8023055440030781 10
1717173395265 0.8029450219224264 11
1717173396438 0.8033325467887842 12
1717173397574 0.8055397564151913 13
1717173398728 0.8066978792735855 14
1717173399876 0.8075151826838205 15
1717173401113 0.8083906098293715 16
1717173402211 0.8120698740211483 17
1717173403354 0.814995791156311 18
1717173404493 0.8192325954092466 19
1717173405606 0.8197154098228815 20
1717173406746 0.8237844314975498 21
1717173407863 0.8253482269409622 22
1717173408972 0.8238295736359073 23
1717173410125 0.8274675789824819 24
1717173411271 0.8304359877694102 25
1717173412415 0.8279104230535979 26
1717173413539 0.8325542100755738 27
1717173414769 0.8341145499308642 28
1717173416172 0.8345960274914039 29
1717173417815 0.8364408318181932 30
1717173419331 0.8380571242777289 31
1717173420555 0.8381822347630138 32
1717173421813 0.8399070182240653 33
1717173422962 0.8400329550102044 34
1717173424082 0.8406271120675037 35
1717173425346 0.8410327000630919 36
1717173426590 0.8417925864493967 37
1717173427764 0.8429832955063528 38
1717173428961 0.842608881038655 39
1717173430182 0.8439788340731706 40
1717173431354 0.8430451737435581 41
1717173432463 0.8450702540531453 42
1717173433717 0.84571919908126 43
1717173434878 0.8465086398911197 44
1717173436150 0.8470442996900744 45
1717173437378 0.847198046537566 46
1717173438544 0.8470345141282986 47
1717173439672 0.847526371961669 48
1717173440777 0.8481909656046338 49
1717173441905 0.8483728394451763 50
1717173443042 0.8495765697581275 51
1717173444203 0.8506356878741448 52
1717173445461 0.8504780074212529 53
1717173446641 0.8508459284753368 54
1717173447820 0.850788874788004 55
1717173448921 0.8508035196578227 56
1717173450066 0.8513575615885667 57
1717173451194 0.8515571474394916 58
1717173452316 0.8522343575298765 59
1717173453530 0.8526970909801237 60
1717173454817 0.8528328931277582 61
1717173456002 0.8525452806160766 62
1717173457161 0.8534381227723545 63
1717173458304 0.8538260853196599 64
1717173459431 0.8535477137677464 65
1717173460565 0.8538165646271313 66
1717173461697 0.8548917464239811 67
1717173462833 0.8551826728543609 68
1717173464027 0.8557732750335497 69
1717173465285 0.8554427909366328 70
1717173466470 0.8558839893673262 71
1717173467737 0.8558670957780306 72
1717173468924 0.856436572584027 73
1717173470145 0.857015803517673 74
1717173471293 0.8578847922888991 75
1717173472490 0.8578656186054551 76
1717173473694 0.8580690844123466 77
1717173474873 0.858578784656187 78
1717173476120 0.8588346333549548 79
1717173477315 0.8592724824878549 80
1717173478533 0.8593819717460219 81
1717173479746 0.8598619159932465 82
1717173480889 0.8600574339298279 83
1717173482061 0.8606719985006572 84
1717173483233 0.8610596336267036 85
1717173484355 0.8608414669977784 86
1717173485524 0.8617270222465502 87
1717173486873 0.8621080963424672 88
1717173488104 0.8629126455605569 89
1717173489270 0.8635697984538921 90
1717173490410 0.8643587425865159 91
1717173491599 0.8651965324940534 92
1717173492738 0.8643087792260786 93
1717173493903 0.8655631294362091 94
1717173495096 0.8670257930600066 95
1717173496304 0.866484591579444 96
1717173497490 0.8674057373331215 97
1717173498699 0.8676725133491477 98
1717173499890 0.8683555690013357 99
