1717173383672 1.0347193479537964 1
1717173384826 0.8111113905906677 2
1717173386070 0.7479597330093384 3
1717173387180 0.7052679657936096 4
1717173388304 0.6563472747802734 5
1717173389402 0.6022049188613892 6
1717173390693 0.5657266974449158 7
1717173391810 0.549565315246582 8
1717173393016 0.5328913331031799 9
1717173394126 0.5212182998657227 10
1717173395265 0.5123182535171509 11
1717173396438 0.504741370677948 12
1717173397574 0.49894076585769653 13
1717173398728 0.4929516315460205 14
1717173399876 0.4880169928073883 15
1717173401113 0.4820597469806671 16
1717173402211 0.4778178334236145 17
1717173403354 0.4733394384384155 18
1717173404493 0.4691695272922516 19
1717173405606 0.4667999744415283 20
1717173406746 0.4620872735977173 21
1717173407863 0.45945844054222107 22
1717173408972 0.45999273657798767 23
1717173410125 0.45533081889152527 24
1717173411271 0.4537787139415741 25
1717173412415 0.45613011717796326 26
1717173413539 0.45027875900268555 27
1717173414769 0.4490380585193634 28
1717173416172 0.4479127824306488 29
1717173417815 0.44695791602134705 30
1717173419331 0.445663720369339 31
1717173420555 0.44473910331726074 32
1717173421813 0.44369280338287354 33
1717173422962 0.44254064559936523 34
1717173424082 0.44138702750205994 35
1717173425346 0.440420925617218 36
1717173426590 0.4396527409553528 37
1717173427764 0.4392128884792328 38
1717173428961 0.4379514753818512 39
1717173430182 0.43675318360328674 40
1717173431354 0.4369511902332306 41
1717173432463 0.435077965259552 42
1717173433717 0.43487420678138733 43
1717173434878 0.4338313341140747 44
1717173436150 0.43288302421569824 45
1717173437378 0.4319547414779663 46
1717173438544 0.43123501539230347 47
1717173439672 0.4304715692996979 48
1717173440777 0.43058377504348755 49
1717173441905 0.4291270673274994 50
1717173443042 0.4287148416042328 51
1717173444203 0.43157297372817993 52
1717173445461 0.427869975566864 53
1717173446641 0.4276215136051178 54
1717173447820 0.42668280005455017 55
1717173448921 0.4272143244743347 56
1717173450066 0.4247974753379822 57
1717173451194 0.4250095784664154 58
1717173452316 0.42444920539855957 59
1717173453530 0.4244576692581177 60
1717173454817 0.423947811126709 61
1717173456002 0.42381909489631653 62
1717173457161 0.42286962270736694 63
1717173458304 0.42245906591415405 64
1717173459431 0.4226154685020447 65
1717173460565 0.4221611022949219 66
1717173461697 0.4211921989917755 67
1717173462833 0.42157575488090515 68
1717173464027 0.42054393887519836 69
1717173465285 0.42008185386657715 70
1717173466470 0.419921338558197 71
1717173467737 0.42016059160232544 72
1717173468924 0.41849321126937866 73
1717173470145 0.4184103310108185 74
1717173471293 0.4180247485637665 75
1717173472490 0.4171089828014374 76
1717173473694 0.41686028242111206 77
1717173474873 0.4160618185997009 78
1717173476120 0.416267991065979 79
1717173477315 0.4153890907764435 80
1717173478533 0.4148064851760864 81
1717173479746 0.41565990447998047 82
1717173480889 0.4134242832660675 83
1717173482061 0.4131314754486084 84
1717173483233 0.4120352864265442 85
1717173484355 0.4115317761898041 86
1717173485524 0.41039717197418213 87
1717173486873 0.4103289246559143 88
1717173488104 0.40889498591423035 89
1717173489270 0.40939411520957947 90
1717173490410 0.4066121578216553 91
1717173491599 0.4056434631347656 92
1717173492738 0.4062801003456116 93
1717173493903 0.4049471318721771 94
1717173495096 0.4038137197494507 95
1717173496304 0.4044818580150604 96
1717173497490 0.4021260142326355 97
1717173498699 0.40172216296195984 98
1717173499890 0.40460318326950073 99
