1717442891170 0.75418621301651 1
1717442892034 0.2988218665122986 2
1717442892784 0.2706141769886017 3
1717442893563 0.24423182010650635 4
1717442894343 0.23167303204536438 5
1717442895166 0.23279616236686707 6
1717442895959 0.2140941619873047 7
1717442896748 0.21029998362064362 8
1717442897525 0.199066162109375 9
1717442898316 0.19758956134319305 10
1717442899106 0.19400860369205475 11
1717442899915 0.1816735565662384 12
1717442900708 0.1874658167362213 13
1717442901501 0.18014903366565704 14
1717442902290 0.1850520223379135 15
1717442903082 0.1702413558959961 16
1717442903919 0.17046795785427094 17
1717442904725 0.162067249417305 18
1717442905536 0.16734245419502258 19
1717442906360 0.1644570529460907 20
1717442907185 0.15795569121837616 21
1717442907992 0.1586119830608368 22
1717442908773 0.15550778806209564 23
1717442909587 0.1692722737789154 24
1717442910393 0.14837463200092316 25
1717442911242 0.1486806571483612 26
1717442912071 0.1496094912290573 27
1717442912884 0.14881806075572968 28
1717442913696 0.15286776423454285 29
1717442914527 0.14077028632164001 30
1717442915342 0.13868321478366852 31
1717442916268 0.1497892439365387 32
1717442917087 0.15248119831085205 33
1717442917892 0.13785478472709656 34
1717442918686 0.13566412031650543 35
1717442919496 0.13649499416351318 36
1717442920285 0.13383051753044128 37
1717442921099 0.1309935748577118 38
1717442921915 0.14390960335731506 39
1717442922745 0.12951216101646423 40
1717442923558 0.1259184330701828 41
1717442924375 0.1331002563238144 42
1717442925183 0.13040782511234283 43
1717442925992 0.12830379605293274 44
1717442926840 0.12598314881324768 45
1717442927675 0.14191880822181702 46
1717442928496 0.14253000915050507 47
1717442929325 0.13180924952030182 48
1717442930150 0.12544073164463043 49
1717442930983 0.12099341303110123 50
1717442931827 0.12393375486135483 51
1717442932665 0.12776145339012146 52
1717442933553 0.11935504525899887 53
1717442934402 0.11688113957643509 54
1717442935241 0.11806629598140717 55
1717442936087 0.11551978439092636 56
1717442936937 0.12190817296504974 57
1717442937959 0.12327806651592255 58
1717442938733 0.11355714499950409 59
1717442939498 0.11773836612701416 60
1717442940266 0.10881249606609344 61
1717442941045 0.10779927670955658 62
1717442941806 0.1068132147192955 63
1717442942549 0.1085372194647789 64
1717442943405 0.113827183842659 65
1717442944213 0.11515643447637558 66
1717442945020 0.11432275921106339 67
1717442945968 0.10491855442523956 68
1717442946784 0.10674761235713959 69
1717442947599 0.10423343628644943 70
1717442948440 0.10387880355119705 71
1717442949306 0.10452984273433685 72
1717442950119 0.1037454828619957 73
1717442950944 0.10139558464288712 74
1717442951770 0.10863759368658066 75
1717442952587 0.10348377376794815 76
1717442953416 0.11092454940080643 77
1717442954216 0.12180584669113159 78
1717442955033 0.09697509557008743 79
1717442955861 0.09907606989145279 80
1717442956692 0.09754437953233719 81
1717442957515 0.09452150762081146 82
1717442958329 0.09880630671977997 83
1717442959141 0.09524637460708618 84
1717442959957 0.10252004861831665 85
1717442960757 0.10825993865728378 86
1717442961584 0.10016917437314987 87
1717442962432 0.09719450026750565 88
1717442963255 0.09276207536458969 89
1717442964091 0.09807149320840836 90
1717442964936 0.09208613634109497 91
1717442965765 0.09503597021102905 92
1717442966577 0.09196934849023819 93
1717442967390 0.11024117469787598 94
1717442968204 0.09275350719690323 95
1717442969017 0.09420182555913925 96
1717442969836 0.08660829067230225 97
1717442970667 0.08412350714206696 98
1717442971510 0.0886681079864502 99
