1717442891170 0.22761209296876975 1
1717442892034 0.29881627104505215 2
1717442892784 0.3726336642984419 3
1717442893563 0.41353092651323003 4
1717442894343 0.4258408510526634 5
1717442895166 0.4621317734369881 6
1717442895959 0.4847682883154191 7
1717442896748 0.5112097619442733 8
1717442897525 0.5556487619580739 9
1717442898316 0.575003361166283 10
1717442899106 0.580781564401615 11
1717442899915 0.616284631741585 12
1717442900708 0.6226466225223994 13
1717442901501 0.6348816254741337 14
1717442902290 0.6352384913787322 15
1717442903082 0.6618613713449842 16
1717442903919 0.6769627447478888 17
1717442904725 0.6881327434280864 18
1717442905536 0.6891531840062387 19
1717442906360 0.6957003917875183 20
1717442907185 0.7003961213660279 21
1717442907992 0.7024347974131976 22
1717442908773 0.7222938398811432 23
1717442909587 0.6852344366191752 24
1717442910393 0.7255902666285846 25
1717442911242 0.7231450998320562 26
1717442912071 0.7267564168389727 27
1717442912884 0.7214738620721093 28
1717442913696 0.7186486781620103 29
1717442914527 0.7463784281590166 30
1717442915342 0.7522209349619262 31
1717442916268 0.7209997098026736 32
1717442917087 0.7256252135552149 33
1717442917892 0.7559598402423446 34
1717442918686 0.7598729991475569 35
1717442919496 0.7757098136753822 36
1717442920285 0.7569131558731724 37
1717442921099 0.7668566651930562 38
1717442921915 0.7367346008407709 39
1717442922745 0.7818812595970759 40
1717442923558 0.7803674463296677 41
1717442924375 0.7674358842459722 42
1717442925183 0.7691712453632155 43
1717442925992 0.7862239760085113 44
1717442926840 0.781848661103801 45
1717442927675 0.7411179185831431 46
1717442928496 0.7441526823361186 47
1717442929325 0.7745547556795502 48
1717442930150 0.7835056126941955 49
1717442930983 0.7879716821626735 50
1717442931827 0.7833233043443117 51
1717442932665 0.789690584461826 52
1717442933553 0.7910058501279159 53
1717442934402 0.8014090199270483 54
1717442935241 0.8057364308916651 55
1717442936087 0.8026651726795253 56
1717442936937 0.7971679686128478 57
1717442937959 0.7846191921976778 58
1717442938733 0.8056661035959723 59
1717442939498 0.8081417026464388 60
1717442940266 0.8290672011259674 61
1717442941045 0.8334012874515243 62
1717442941806 0.8311319067983302 63
1717442942549 0.8141315808289711 64
1717442943405 0.8175478033476332 65
1717442944213 0.8030138318408799 66
1717442945020 0.8119927617301154 67
1717442945968 0.8340939552519279 68
1717442946784 0.8354262746737386 69
1717442947599 0.8255365538137236 70
1717442948440 0.840486086430443 71
1717442949306 0.8428240697543316 72
1717442950119 0.833327482709773 73
1717442950944 0.8373257095941279 74
1717442951770 0.8216702780291217 75
1717442952587 0.8408667186208334 76
1717442953416 0.8244333059540174 77
1717442954216 0.8106404938731439 78
1717442955033 0.8544890157837336 79
1717442955861 0.8480040421959967 80
1717442956692 0.8525804878327782 81
1717442957515 0.853047485500492 82
1717442958329 0.8444900470739365 83
1717442959141 0.8545297569555498 84
1717442959957 0.8346248470051763 85
1717442960757 0.8188488980620493 86
1717442961584 0.8390507607887266 87
1717442962432 0.8468901672530685 88
1717442963255 0.8590161248870624 89
1717442964091 0.8427555667664149 90
1717442964936 0.8568596424445908 91
1717442965765 0.8490330310160166 92
1717442966577 0.8652031834420372 93
1717442967390 0.8295271262730404 94
1717442968204 0.8529328806557788 95
1717442969017 0.8561885680806355 96
1717442969836 0.8689669902367453 97
1717442970667 0.8780781073712183 98
1717442971510 0.8583169252454212 99
