1717442891170 0.8263390010511366 1
1717442892034 0.9775803943979418 2
1717442892784 0.978485148008051 3
1717442893563 0.9796601948856983 4
1717442894343 0.9802486111179787 5
1717442895166 0.9803317838390145 6
1717442895959 0.9806457163102963 7
1717442896748 0.9784994781717985 8
1717442897525 0.9791912130426088 9
1717442898316 0.9764086234805697 10
1717442899106 0.975407158206334 11
1717442899915 0.9762623557512485 12
1717442900708 0.9741532229028788 13
1717442901501 0.976584472956028 14
1717442902290 0.9737439587712575 15
1717442903082 0.975998337921468 16
1717442903919 0.9743586669654596 17
1717442904725 0.9779718195704475 18
1717442905536 0.9732802121986489 19
1717442906360 0.9739536332596435 20
1717442907185 0.9758880634671465 21
1717442907992 0.9747871900496661 22
1717442908773 0.9748494198851738 23
1717442909587 0.9716299184762941 24
1717442910393 0.9787031367848112 25
1717442911242 0.9784453390801777 26
1717442912071 0.9779887821193899 27
1717442912884 0.9771342285473371 28
1717442913696 0.9762235299599384 29
1717442914527 0.9790477031974909 30
1717442915342 0.9793698651909816 31
1717442916268 0.9745450298705648 32
1717442917087 0.9757087995712774 33
1717442917892 0.9783419988628017 34
1717442918686 0.9791466879776266 35
1717442919496 0.9766357682391391 36
1717442920285 0.9793577204399594 37
1717442921099 0.9794139242302565 38
1717442921915 0.9734106382847937 39
1717442922745 0.979363864716315 40
1717442923558 0.9796915018246811 41
1717442924375 0.9766726753841594 42
1717442925183 0.9786212720133662 43
1717442925992 0.9793493589531636 44
1717442926840 0.9796860706991425 45
1717442927675 0.9737930333980014 46
1717442928496 0.9744871506424941 47
1717442929325 0.9766659617162102 48
1717442930150 0.9779834647402129 49
1717442930983 0.9786336871547913 50
1717442931827 0.9781665230648687 51
1717442932665 0.9752227844311214 52
1717442933553 0.9783387099143251 53
1717442934402 0.9779468008804979 54
1717442935241 0.9765469989632631 55
1717442936087 0.9792428499604984 56
1717442936937 0.9765654466456154 57
1717442937959 0.9770066636844398 58
1717442938733 0.9777134595048059 59
1717442939498 0.9782833106847254 60
1717442940266 0.9805843717769346 61
1717442941045 0.9792417820999575 62
1717442941806 0.9799161393115051 63
1717442942549 0.9815570741512397 64
1717442943405 0.9774426984006022 65
1717442944213 0.9778298802783049 66
1717442945020 0.9781198119243707 67
1717442945968 0.9821250585361729 68
1717442946784 0.978316111203431 69
1717442947599 0.9817456266738789 70
1717442948440 0.9783630506710502 71
1717442949306 0.9807384655532198 72
1717442950119 0.9806082466775129 73
1717442950944 0.9811602320522217 74
1717442951770 0.9790296390131628 75
1717442952587 0.980117161081847 76
1717442953416 0.9784920632098143 77
1717442954216 0.9753937178342008 78
1717442955033 0.9818157581147099 79
1717442955861 0.9805441087595871 80
1717442956692 0.9815691626068369 81
1717442957515 0.9820642257360014 82
1717442958329 0.9818236513148949 83
1717442959141 0.9813241894679959 84
1717442959957 0.980034493496617 85
1717442960757 0.9772245055879234 86
1717442961584 0.9804287155158222 87
1717442962432 0.9823755516209619 88
1717442963255 0.983246063846461 89
1717442964091 0.9814848400955745 90
1717442964936 0.9809024370882005 91
1717442965765 0.9816277854681473 92
1717442966577 0.9822921147743683 93
1717442967390 0.9771130730629006 94
1717442968204 0.9834374670633361 95
1717442969017 0.9803920942503064 96
1717442969836 0.9821875259092648 97
1717442970667 0.9839668224026319 98
1717442971510 0.9829600456599719 99
