1717461391483 0.8663405033342244 1
1717461395513 0.9272319093983845 2
1717461399672 0.9388098061186216 3
1717461403683 0.9469706235468599 4
1717461407724 0.9532941226000002 5
1717461411639 0.956919623012628 6
1717461415639 0.9572505175410905 7
1717461419630 0.9558824221054578 8
1717461423834 0.9558733962188506 9
1717461427828 0.9544663028007122 10
1717461431795 0.9542253669152433 11
1717461435720 0.9540047618488776 12
1717461439827 0.9536031826065144 13
1717461443930 0.9531471909751272 14
1717461447799 0.9525045392488275 15
1717461451915 0.9513924494406285 16
1717461455887 0.9486009689007698 17
1717461460088 0.9483234284102582 18
1717461464144 0.9479961219561943 19
1717461468366 0.9463959978424574 20
1717461472454 0.9490975530071628 21
1717461476539 0.9486330943320441 22
1717461480632 0.9478859183117396 23
1717461484719 0.9434020883210477 24
1717461488914 0.9483146515557268 25
1717461492986 0.9488975769713974 26
1717461496871 0.9477528842591786 27
1717461500855 0.9476533892876083 28
1717461504851 0.9483399615796875 29
1717461508844 0.9488943962045372 30
1717461512745 0.9459251861954187 31
1717461516770 0.9482323644934582 32
1717461520775 0.9484016445784795 33
1717461524757 0.9485811113076382 34
1717461528760 0.9478919728722406 35
1717461535155 0.9469856069478237 36
1717461539190 0.9472466902392731 37
1717461543224 0.9478291210336476 38
1717461547311 0.9485559926326659 39
1717461551375 0.948282693312164 40
1717461555400 0.9476593321173012 41
1717461559392 0.9476708862216137 42
1717461563439 0.9478644026281554 43
1717461567439 0.948469504689353 44
1717461571417 0.9475379912747761 45
1717461575388 0.9482749322937568 46
1717461579336 0.948337683724094 47
1717461583326 0.9504067712535755 48
1717461587271 0.9481571289874114 49
1717461591323 0.9492433921701134 50
1717461595239 0.948373210332664 51
1717461599058 0.9488582101974989 52
1717461602886 0.950708689697404 53
1717461606919 0.9508110513287548 54
1717461610924 0.950171056217942 55
1717461615036 0.9510327016625121 56
1717461618833 0.9521548568778013 57
1717461622868 0.9515600543222547 58
1717461626808 0.9521023095247413 59
1717461630882 0.9505830229590213 60
1717461634808 0.9529179975253601 61
1717461638717 0.9532144105943896 62
1717461642696 0.9536693642468896 63
1717461646620 0.954435328938038 64
1717461650624 0.95461308237797 65
1717461654671 0.9547734130281305 66
1717461658678 0.9549045532333381 67
1717461662540 0.9545652544861605 68
1717461666489 0.9547209168104437 69
1717461670458 0.9549404455511021 70
1717461674489 0.9547055146196578 71
1717461678495 0.9519755311901908 72
1717461682433 0.9537317812750982 73
1717461686375 0.9536301562083386 74
1717461690352 0.9534378007747315 75
1717461694278 0.9528503923796783 76
1717461698114 0.9528636439058636 77
1717461702020 0.9521872186495433 78
1717461705996 0.9521776744754918 79
1717461709948 0.9526475770430789 80
1717461714033 0.9527218694026778 81
1717461718011 0.9526659203028155 82
1717461722083 0.9526033204704595 83
1717461726055 0.952790323278161 84
1717461729911 0.9529434394901114 85
1717461733933 0.9529094285870578 86
1717461737960 0.9531322070024723 87
1717461742045 0.9531692551641916 88
1717461746052 0.9534112275961889 89
1717461750042 0.953529686066834 90
1717461754249 0.9535681510318859 91
1717461758493 0.9539138083296345 92
1717461762386 0.9536866966538778 93
1717461766317 0.9537304044724163 94
1717461770364 0.9537817199349852 95
1717461774305 0.9539600830751067 96
1717461778156 0.954136245617696 97
1717461781982 0.9541485768721214 98
1717461786078 0.9542733244775968 99
