1717257987907 47857.0 1
1717257989586 45429.0 2
1717257991305 45529.0 3
1717257993013 45592.0 4
1717257994711 42668.0 5
1717257996386 42692.0 6
1717257998079 40764.0 7
1717257999746 39840.0 8
1717258001471 38860.0 9
1717258003142 37165.0 10
1717258004876 36872.0 11
1717258006583 35116.0 12
1717258008310 35190.0 13
1717258010021 33282.0 14
1717258011759 33262.0 15
1717258013501 32917.0 16
1717258015165 33096.0 17
1717258016955 32912.0 18
1717258018649 32888.0 19
1717258020393 32889.0 20
1717258022055 32218.0 21
1717258023758 32520.0 22
1717258025482 32646.0 23
1717258027161 32527.0 24
1717258028951 32278.0 25
1717258030665 33203.0 26
1717258032363 32327.0 27
1717258034018 33398.0 28
1717258035869 32815.0 29
1717258037553 32887.0 30
1717258039312 32671.0 31
1717258041032 32548.0 32
1717258042795 33175.0 33
1717258044626 32805.0 34
1717258046376 32812.0 35
1717258048160 32610.0 36
1717258049893 32940.0 37
1717258051754 32850.0 38
1717258053531 32565.0 39
1717258055320 32913.0 40
1717258057074 32986.0 41
1717258058801 32183.0 42
1717258060536 33172.0 43
1717258062255 32560.0 44
1717258063996 32596.0 45
1717258065783 32331.0 46
1717258067573 33346.0 47
1717258069368 32886.0 48
1717258071170 32840.0 49
1717258072946 32728.0 50
1717258074705 32911.0 51
1717258076503 32916.0 52
1717258078275 32299.0 53
1717258079975 32888.0 54
1717258081776 32519.0 55
1717258083492 32670.0 56
1717258085229 33240.0 57
1717258086997 32822.0 58
1717258088771 32811.0 59
1717258090539 32591.0 60
1717258092317 33091.0 61
1717258094095 33321.0 62
1717258095859 32730.0 63
1717258097677 32727.0 64
1717258099460 33103.0 65
1717258101215 32737.0 66
1717258102948 33023.0 67
1717258104704 32946.0 68
1717258106561 32486.0 69
1717258108333 32599.0 70
1717258110382 33028.0 71
1717258112314 32920.0 72
1717258114189 32331.0 73
1717258116193 32973.0 74
1717258118267 32535.0 75
1717258120161 32888.0 76
1717258122065 32560.0 77
1717258123866 32478.0 78
1717258125648 32378.0 79
1717258127404 32562.0 80
1717258129133 32430.0 81
1717258130926 32767.0 82
1717258132566 32337.0 83
1717258134226 32560.0 84
1717258136004 32285.0 85
1717258137691 32350.0 86
1717258139338 32771.0 87
1717258141018 32369.0 88
1717258142675 33011.0 89
1717258144301 32425.0 90
1717258145962 32347.0 91
1717258147639 33107.0 92
1717258149329 32457.0 93
1717258150998 32534.0 94
1717258152841 32389.0 95
1717258154683 32497.0 96
1717258156755 32376.0 97
1717258158536 32111.0 98
1717258160268 32330.0 99
