1717257987907 0.6737699751847093 1
1717257989586 0.7224216758004587 2
1717257991305 0.7414612702275488 3
1717257993013 0.7521856488398792 4
1717257994711 0.7811004082168902 5
1717257996386 0.7878290756470508 6
1717257998079 0.8026608330482123 7
1717257999746 0.8116837283445733 8
1717258001471 0.8206582801095347 9
1717258003142 0.8333046809907891 10
1717258004876 0.8416826266095643 11
1717258006583 0.8553316473539143 12
1717258008310 0.858159455169771 13
1717258010021 0.8696341334635167 14
1717258011759 0.8723889398669719 15
1717258013501 0.8768486821928934 16
1717258015165 0.8781466091477164 17
1717258016955 0.8807326442952355 18
1717258018649 0.8822723779520739 19
1717258020393 0.8838116927091962 20
1717258022055 0.8887877125620605 21
1717258023758 0.8878048446050443 22
1717258025482 0.8883192299951284 23
1717258027161 0.889563490028147 24
1717258028951 0.8900809734136904 25
1717258030665 0.8862612812719664 26
1717258032363 0.8915247364776807 27
1717258034018 0.8868604381139353 28
1717258035869 0.891122432080516 29
1717258037553 0.8917193021212338 30
1717258039312 0.8933328678031519 31
1717258041032 0.894831831739531 32
1717258042795 0.892055575403356 33
1717258044626 0.8944035158196307 34
1717258046376 0.8947000811555096 35
1717258048160 0.8965804037812448 36
1717258049893 0.8961538656976911 37
1717258051754 0.8970485883288078 38
1717258053531 0.8988349037759346 39
1717258055320 0.897275322768099 40
1717258057074 0.8973818381032986 41
1717258058801 0.8999559811068987 42
1717258060536 0.8957887149216675 43
1717258062255 0.8990596138510794 44
1717258063996 0.900199757118576 45
1717258065783 0.9003844656132952 46
1717258067573 0.8962154667116252 47
1717258069368 0.8982495278589222 48
1717258071170 0.8993565437712546 49
1717258072946 0.9003415446203297 50
1717258074705 0.9000727399682479 51
1717258076503 0.9008309467931153 52
1717258078275 0.902776218479216 53
1717258079975 0.8995293270222425 54
1717258081776 0.9014921417008327 55
1717258083492 0.900557511756306 56
1717258085229 0.8990746608142959 57
1717258086997 0.9011317827448418 58
1717258088771 0.9012237243511378 59
1717258090539 0.9014614762383265 60
1717258092317 0.8997607822265576 61
1717258094095 0.8990003789850464 62
1717258095859 0.9011216837614906 63
1717258097677 0.9016736226310864 64
1717258099460 0.9004296523680665 65
1717258101215 0.9018118353984035 66
1717258102948 0.9010795303816949 67
1717258104704 0.9017191015348192 68
1717258106561 0.9034357698932044 69
1717258108333 0.9030180673330485 70
1717258110382 0.9015016149302593 71
1717258112314 0.9026259305085788 72
1717258114189 0.9050292034552923 73
1717258116193 0.9026990174375569 74
1717258118267 0.9046596024030694 75
1717258120161 0.9034969220739149 76
1717258122065 0.9057381917861932 77
1717258123866 0.9061030719016016 78
1717258125648 0.906418675845395 79
1717258127404 0.9054408947202288 80
1717258129133 0.9058591801871134 81
1717258130926 0.9044290148919 82
1717258132566 0.906816317157507 83
1717258134226 0.9052938356226804 84
1717258136004 0.906663726936926 85
1717258137691 0.9058320887788059 86
1717258139338 0.9044672306726831 87
1717258141018 0.9054039828513406 88
1717258142675 0.9020859277714515 89
1717258144301 0.906171515494631 90
1717258145962 0.9056996393002146 91
1717258147639 0.9028347093759002 92
1717258149329 0.9065818070860218 93
1717258150998 0.9063802407996453 94
1717258152841 0.9068986713089913 95
1717258154683 0.907380322983316 96
1717258156755 0.9072718932407243 97
1717258158536 0.909248150554001 98
1717258160268 0.9082717731490992 99
