1717257987907 90810.0 1
1717257989586 90810.0 2
1717257991305 90810.0 3
1717257993013 90810.0 4
1717257994711 90810.0 5
1717257996386 90810.0 6
1717257998079 90810.0 7
1717257999746 90810.0 8
1717258001471 90810.0 9
1717258003142 90810.0 10
1717258004876 90810.0 11
1717258006583 90810.0 12
1717258008310 90810.0 13
1717258010021 90810.0 14
1717258011759 90810.0 15
1717258013501 90810.0 16
1717258015165 90810.0 17
1717258016955 90810.0 18
1717258018649 90810.0 19
1717258020393 90810.0 20
1717258022055 90810.0 21
1717258023758 90810.0 22
1717258025482 90810.0 23
1717258027161 90810.0 24
1717258028951 90810.0 25
1717258030665 90810.0 26
1717258032363 90810.0 27
1717258034018 90810.0 28
1717258035869 90810.0 29
1717258037553 90810.0 30
1717258039312 90810.0 31
1717258041032 90810.0 32
1717258042795 90810.0 33
1717258044626 90810.0 34
1717258046376 90810.0 35
1717258048160 90810.0 36
1717258049893 90810.0 37
1717258051754 90810.0 38
1717258053531 90810.0 39
1717258055320 90810.0 40
1717258057074 90810.0 41
1717258058801 90810.0 42
1717258060536 90810.0 43
1717258062255 90810.0 44
1717258063996 90810.0 45
1717258065783 90810.0 46
1717258067573 90810.0 47
1717258069368 90810.0 48
1717258071170 90810.0 49
1717258072946 90810.0 50
1717258074705 90810.0 51
1717258076503 90810.0 52
1717258078275 90810.0 53
1717258079975 90810.0 54
1717258081776 90810.0 55
1717258083492 90810.0 56
1717258085229 90810.0 57
1717258086997 90810.0 58
1717258088771 90810.0 59
1717258090539 90810.0 60
1717258092317 90810.0 61
1717258094095 90810.0 62
1717258095859 90810.0 63
1717258097677 90810.0 64
1717258099460 90810.0 65
1717258101215 90810.0 66
1717258102948 90810.0 67
1717258104704 90810.0 68
1717258106561 90810.0 69
1717258108333 90810.0 70
1717258110382 90810.0 71
1717258112314 90810.0 72
1717258114189 90810.0 73
1717258116193 90810.0 74
1717258118267 90810.0 75
1717258120161 90810.0 76
1717258122065 90810.0 77
1717258123866 90810.0 78
1717258125648 90810.0 79
1717258127404 90810.0 80
1717258129133 90810.0 81
1717258130926 90810.0 82
1717258132566 90810.0 83
1717258134226 90810.0 84
1717258136004 90810.0 85
1717258137691 90810.0 86
1717258139338 90810.0 87
1717258141018 90810.0 88
1717258142675 90810.0 89
1717258144301 90810.0 90
1717258145962 90810.0 91
1717258147639 90810.0 92
1717258149329 90810.0 93
1717258150998 90810.0 94
1717258152841 90810.0 95
1717258154683 90810.0 96
1717258156755 90810.0 97
1717258158536 90810.0 98
1717258160268 90810.0 99
