1717262299332 0.403236413466923 1
1717262306011 0.4945469692069797 2
1717262312853 0.545454527471235 3
1717262319623 0.5723091375591051 4
1717262326420 0.5924891027449716 5
1717262333326 0.6062235782941383 6
1717262340396 0.6171392554792592 7
1717262347479 0.6258945661108718 8
1717262354825 0.6336011469408692 9
1717262361856 0.6400690344801367 10
1717262368759 0.6470666504143999 11
1717262375602 0.6529160285850236 12
1717262382503 0.6588056895111707 13
1717262389346 0.6635278142865597 14
1717262396254 0.6685643275789557 15
1717262403013 0.6739006385295633 16
1717262409882 0.6802014917068752 17
1717262416647 0.6850947795807353 18
1717262423731 0.6892072043446239 19
1717262430602 0.6923607364944278 20
1717262437464 0.6946411301931558 21
1717262444223 0.6970742639560468 22
1717262451121 0.6991133865247315 23
1717262457857 0.7012890104058385 24
1717262464798 0.7032955500599769 25
1717262471732 0.7049783696507758 26
1717262478685 0.7073357633184576 27
1717262486086 0.7094230053159231 28
1717262493128 0.7115733090337648 29
1717262500044 0.7134815417003929 30
1717262506993 0.7155821968955319 31
1717262514220 0.7173505972120366 32
1717262521076 0.718541094609168 33
1717262527996 0.7204633480595345 34
1717262534883 0.722117129722286 35
1717262541794 0.7234783073786454 36
1717262548691 0.724497332486554 37
1717262555652 0.7259863331062252 38
1717262562715 0.7280105672203115 39
1717262569663 0.7290661372953772 40
1717262576542 0.7303219699640912 41
1717262583585 0.7311072181193277 42
1717262590602 0.7327900737672355 43
1717262597513 0.7337648162799204 44
1717262604381 0.7343989233055469 45
1717262611679 0.7357273465999067 46
1717262618598 0.7361475273957196 47
1717262625512 0.736866496324986 48
1717262632665 0.7381799792639464 49
1717262639624 0.7386984894687824 50
1717262646565 0.7400251470589447 51
1717262653571 0.7403424667698139 52
1717262660637 0.74144575833082 53
1717262667636 0.7423104709111891 54
1717262674573 0.7430879367589853 55
1717262681452 0.7434847450422472 56
1717262688312 0.7443235087558093 57
1717262695209 0.7447696852435725 58
1717262702165 0.7439943900494154 59
1717262709100 0.7461455103695832 60
1717262715945 0.7465876968683149 61
1717262722900 0.7471984416393901 62
1717262729917 0.7476121819815399 63
1717262737196 0.7481447136149575 64
1717262744212 0.7483604068789492 65
1717262751122 0.7492186847719828 66
1717262757999 0.7501248821076519 67
1717262764914 0.7511985500898102 68
1717262771857 0.7511865172294903 69
1717262778933 0.7523283003136523 70
1717262786012 0.7528062611129203 71
1717262792950 0.753425649545286 72
1717262799920 0.7541651449192326 73
1717262806876 0.7546942426458987 74
1717262813811 0.7550251419276608 75
1717262820844 0.7560051661734977 76
1717262827880 0.755438772124642 77
1717262834756 0.7567139347566247 78
1717262841526 0.7570846189093333 79
1717262848425 0.7578792449749836 80
1717262855423 0.7584971605398219 81
1717262862622 0.758297567829397 82
1717262869622 0.7588484512445228 83
1717262877003 0.7595655133063699 84
1717262884293 0.7598131301000718 85
1717262891317 0.7599842519693426 86
1717262898261 0.7599898804950155 87
1717262905192 0.7591564608755547 88
1717262912057 0.7607126890865131 89
1717262918926 0.7607923402928072 90
1717262925880 0.7617450361402646 91
1717262932875 0.7620037719612878 92
1717262939799 0.7618198077253486 93
1717262946720 0.7627164197311268 94
1717262953682 0.761633365116022 95
1717262960489 0.7637790221385043 96
1717262967620 0.7645508882264014 97
1717262974564 0.7646449021021253 98
1717262981711 0.7649552615540322 99
