1717262299332 364242.0 1
1717262306011 315233.0 2
1717262312853 309207.0 3
1717262319623 304104.0 4
1717262326420 297383.0 5
1717262333326 291657.0 6
1717262340396 285363.0 7
1717262347479 279659.0 8
1717262354825 274964.0 9
1717262361856 270752.0 10
1717262368759 265989.0 11
1717262375602 262374.0 12
1717262382503 258198.0 13
1717262389346 255462.0 14
1717262396254 252815.0 15
1717262403013 249788.0 16
1717262409882 247066.0 17
1717262416647 244965.0 18
1717262423731 243218.0 19
1717262430602 241625.0 20
1717262437464 240712.0 21
1717262444223 239690.0 22
1717262451121 238851.0 23
1717262457857 237884.0 24
1717262464798 236985.0 25
1717262471732 236393.0 26
1717262478685 235414.0 27
1717262486086 234703.0 28
1717262493128 233666.0 29
1717262500044 232958.0 30
1717262506993 232149.0 31
1717262514220 231309.0 32
1717262521076 230837.0 33
1717262527996 229924.0 34
1717262534883 229279.0 35
1717262541794 228680.0 36
1717262548691 228012.0 37
1717262555652 227567.0 38
1717262562715 226675.0 39
1717262569663 226206.0 40
1717262576542 225530.0 41
1717262583585 225274.0 42
1717262590602 224630.0 43
1717262597513 223831.0 44
1717262604381 223484.0 45
1717262611679 222956.0 46
1717262618598 222845.0 47
1717262625512 222470.0 48
1717262632665 221900.0 49
1717262639624 221626.0 50
1717262646565 221235.0 51
1717262653571 221075.0 52
1717262660637 220693.0 53
1717262667636 220218.0 54
1717262674573 219734.0 55
1717262681452 219797.0 56
1717262688312 219538.0 57
1717262695209 219348.0 58
1717262702165 219551.0 59
1717262709100 218714.0 60
1717262715945 218622.0 61
1717262722900 218339.0 62
1717262729917 218391.0 63
1717262737196 218178.0 64
1717262744212 218001.0 65
1717262751122 217565.0 66
1717262757999 217486.0 67
1717262764914 217003.0 68
1717262771857 216871.0 69
1717262778933 216535.0 70
1717262786012 216201.0 71
1717262792950 215943.0 72
1717262799920 215776.0 73
1717262806876 215502.0 74
1717262813811 215513.0 75
1717262820844 214849.0 76
1717262827880 215049.0 77
1717262834756 214751.0 78
1717262841526 214510.0 79
1717262848425 214007.0 80
1717262855423 213931.0 81
1717262862622 213942.0 82
1717262869622 213734.0 83
1717262877003 213534.0 84
1717262884293 213351.0 85
1717262891317 213049.0 86
1717262898261 213152.0 87
1717262905192 213449.0 88
1717262912057 212996.0 89
1717262918926 212869.0 90
1717262925880 212528.0 91
1717262932875 212419.0 92
1717262939799 212576.0 93
1717262946720 212161.0 94
1717262953682 212639.0 95
1717262960489 211847.0 96
1717262967620 211583.0 97
1717262974564 211597.0 98
1717262981711 211505.0 99
