1717262299332 0.7584830348684762 1
1717262306011 0.8258285249009193 2
1717262312853 0.8461464928984824 3
1717262319623 0.857375643895078 4
1717262326420 0.8668366331035889 5
1717262333326 0.8735528608849665 6
1717262340396 0.8794207188323296 7
1717262347479 0.8842581566541937 8
1717262354825 0.8883387193888658 9
1717262361856 0.8917660085668973 10
1717262368759 0.8954540537126642 11
1717262375602 0.8983692609266243 12
1717262382503 0.9014321727746333 13
1717262389346 0.9036479898954685 14
1717262396254 0.9059327091946076 15
1717262403013 0.9083824160771042 16
1717262409882 0.9109684156065149 17
1717262416647 0.9129575783205554 18
1717262423731 0.9146038651313007 19
1717262430602 0.915920807680204 20
1717262437464 0.9167942095621351 21
1717262444223 0.9177350753588842 22
1717262451121 0.9185284304129899 23
1717262457857 0.9193722335070575 24
1717262464798 0.9201599536655942 25
1717262471732 0.920778043469144 26
1717262478685 0.9216543754165297 27
1717262486086 0.9223863029186612 28
1717262493128 0.923227543306301 29
1717262500044 0.9239130331658839 30
1717262506993 0.9246703469012519 31
1717262514220 0.9253390756989932 32
1717262521076 0.9257767599785186 33
1717262527996 0.9264927857518211 34
1717262534883 0.9270798971661407 35
1717262541794 0.9275768989939969 36
1717262548691 0.9280034389532054 37
1717262555652 0.9284850667096775 38
1717262562715 0.9292241274971684 39
1717262569663 0.9296013803888343 40
1717262576542 0.9301001652060316 41
1717262583585 0.9303398474734177 42
1717262590602 0.9309406152547484 43
1717262597513 0.9313881057194362 44
1717262604381 0.9316122686188544 45
1717262611679 0.9320723760147499 46
1717262618598 0.9322043979667541 47
1717262625512 0.9324772107211735 48
1717262632665 0.9329543430045322 49
1717262639624 0.9331531485323544 50
1717262646565 0.9335690854776347 51
1717262653571 0.933688729568302 52
1717262660637 0.9340586471097936 53
1717262667636 0.9343820870344833 54
1717262674573 0.9346886800516712 55
1717262681452 0.9347644711188314 56
1717262688312 0.9350401545076261 57
1717262695209 0.9352083760021304 58
1717262702165 0.9349490049271845 59
1717262709100 0.9356867114564551 60
1717262715945 0.9358214459543046 61
1717262722900 0.9360368611639361 62
1717262729917 0.9361279396925741 63
1717262737196 0.9363101734327126 64
1717262744212 0.9363869461332351 65
1717262751122 0.9367129726966258 66
1717262757999 0.9369624985979311 67
1717262764914 0.9373197544651547 68
1717262771857 0.9373322572435802 69
1717262778933 0.9376944556089265 70
1717262786012 0.9378821921634175 71
1717262792950 0.9380782208609566 72
1717262799920 0.9383120832870242 73
1717262806876 0.9384929727847315 74
1717262813811 0.9385642867017108 75
1717262820844 0.9389610114747696 76
1717262827880 0.9387572182337641 77
1717262834756 0.939144502351197 78
1717262841526 0.9392922390595526 79
1717262848425 0.939585905787007 80
1717262855423 0.9397533618581002 81
1717262862622 0.9397033384961404 82
1717262869622 0.9398809410001835 83
1717262877003 0.9400878503389095 84
1717262884293 0.9401962748495172 85
1717262891317 0.940288181077815 86
1717262898261 0.9402779934311388 87
1717262905192 0.940055692104284 88
1717262912057 0.9405035728252465 89
1717262918926 0.940546349148708 90
1717262925880 0.9408530136301607 91
1717262932875 0.9409326895227167 92
1717262939799 0.9408567754975977 93
1717262946720 0.9411718844522039 94
1717262953682 0.9408370431815942 95
1717262960489 0.941494540240645 96
1717262967620 0.941731516533327 97
1717262974564 0.9417590546779536 98
1717262981711 0.941833487591095 99
