1717262299332 0.2858552612093137 1
1717262306011 0.36125640912186013 2
1717262312853 0.400775511588272 3
1717262319623 0.4227735464805086 4
1717262326420 0.4407815523975704 5
1717262333326 0.45395433910423794 6
1717262340396 0.46567099852064403 7
1717262347479 0.4755076397370286 8
1717262354825 0.48416945291868585 9
1717262361856 0.4917116353744731 10
1717262368759 0.5001709899909554 11
1717262375602 0.5071275176520785 12
1717262382503 0.5146600325850377 13
1717262389346 0.5204025540657901 14
1717262396254 0.5263882082174217 15
1717262403013 0.5329583065799525 16
1717262409882 0.540215798493484 17
1717262416647 0.5458313350753232 18
1717262423731 0.5505268852309402 19
1717262430602 0.5543338279379638 20
1717262437464 0.5568651798822867 21
1717262444223 0.559698317732623 22
1717262451121 0.5620207723516845 23
1717262457857 0.5645796193729392 24
1717262464798 0.5669789223723489 25
1717262471732 0.5687710132630465 26
1717262478685 0.5715150591179937 27
1717262486086 0.5738137156202203 28
1717262493128 0.5764970336571713 29
1717262500044 0.5785610237864096 30
1717262506993 0.5810024518780269 31
1717262514220 0.5831741356889883 32
1717262521076 0.5845271173690032 33
1717262527996 0.5869385197067422 34
1717262534883 0.5888150798814628 35
1717262541794 0.5904594978968196 36
1717262548691 0.5919323730450056 37
1717262555652 0.5934777209082599 38
1717262562715 0.5960968052895503 39
1717262569663 0.5974231344752177 40
1717262576542 0.5991264741209471 41
1717262583585 0.5999920022702516 42
1717262590602 0.6020809496416591 43
1717262597513 0.603706063779702 44
1717262604381 0.6045279630098875 45
1717262611679 0.6062068930595821 46
1717262618598 0.6065902035924534 47
1717262625512 0.6075213312135033 48
1717262632665 0.6092363186275611 49
1717262639624 0.6099216236274569 50
1717262646565 0.6114694697480464 51
1717262653571 0.6118583610065298 52
1717262660637 0.6132431577650359 53
1717262667636 0.6144745414942352 54
1717262674573 0.615583215774856 55
1717262681452 0.6158937599920764 56
1717262688312 0.6168456904465364 57
1717262695209 0.617424846231058 58
1717262702165 0.6165535525751283 59
1717262709100 0.6192473941189659 60
1717262715945 0.6197191393803966 61
1717262722900 0.6205688621705292 62
1717262729917 0.6208401002914531 63
1717262737196 0.6214880524707385 64
1717262744212 0.6218183113318898 65
1717262751122 0.6230203684155021 66
1717262757999 0.6238451340599028 67
1717262764914 0.6252108779660224 68
1717262771857 0.6253685340280014 69
1717262778933 0.6266912377136655 70
1717262786012 0.6275296212859899 71
1717262792950 0.6282379285684403 72
1717262799920 0.6290781702418798 73
1717262806876 0.6298593996122669 74
1717262813811 0.6301220091815544 75
1717262820844 0.6316902718702063 76
1717262827880 0.630968927780224 77
1717262834756 0.6323763746630453 78
1717262841526 0.6329884157837996 79
1717262848425 0.6342663437177658 80
1717262855423 0.6348394857122305 81
1717262862622 0.6346119724376226 82
1717262869622 0.635347197784378 83
1717262877003 0.6361402277150551 84
1717262884293 0.6366021528725866 85
1717262891317 0.6370230278362075 86
1717262898261 0.636952766060363 87
1717262905192 0.6359358630265911 88
1717262912057 0.6376585003498424 89
1717262918926 0.6378701195641984 90
1717262925880 0.6391165470798725 91
1717262932875 0.6395142751058499 92
1717262939799 0.639175399945287 93
1717262946720 0.6403977780387248 94
1717262953682 0.6389221336850043 95
1717262960489 0.6416343281359803 96
1717262967620 0.6426264335637494 97
1717262974564 0.642693651912622 98
1717262981711 0.6430265651985615 99
