1717262299332 752941.0 1
1717262306011 752941.0 2
1717262312853 752941.0 3
1717262319623 752941.0 4
1717262326420 752941.0 5
1717262333326 752941.0 6
1717262340396 752941.0 7
1717262347479 752941.0 8
1717262354825 752941.0 9
1717262361856 752941.0 10
1717262368759 752941.0 11
1717262375602 752941.0 12
1717262382503 752941.0 13
1717262389346 752941.0 14
1717262396254 752941.0 15
1717262403013 752941.0 16
1717262409882 752941.0 17
1717262416647 752941.0 18
1717262423731 752941.0 19
1717262430602 752941.0 20
1717262437464 752941.0 21
1717262444223 752941.0 22
1717262451121 752941.0 23
1717262457857 752941.0 24
1717262464798 752941.0 25
1717262471732 752941.0 26
1717262478685 752941.0 27
1717262486086 752941.0 28
1717262493128 752941.0 29
1717262500044 752941.0 30
1717262506993 752941.0 31
1717262514220 752941.0 32
1717262521076 752941.0 33
1717262527996 752941.0 34
1717262534883 752941.0 35
1717262541794 752941.0 36
1717262548691 752941.0 37
1717262555652 752941.0 38
1717262562715 752941.0 39
1717262569663 752941.0 40
1717262576542 752941.0 41
1717262583585 752941.0 42
1717262590602 752941.0 43
1717262597513 752941.0 44
1717262604381 752941.0 45
1717262611679 752941.0 46
1717262618598 752941.0 47
1717262625512 752941.0 48
1717262632665 752941.0 49
1717262639624 752941.0 50
1717262646565 752941.0 51
1717262653571 752941.0 52
1717262660637 752941.0 53
1717262667636 752941.0 54
1717262674573 752941.0 55
1717262681452 752941.0 56
1717262688312 752941.0 57
1717262695209 752941.0 58
1717262702165 752941.0 59
1717262709100 752941.0 60
1717262715945 752941.0 61
1717262722900 752941.0 62
1717262729917 752941.0 63
1717262737196 752941.0 64
1717262744212 752941.0 65
1717262751122 752941.0 66
1717262757999 752941.0 67
1717262764914 752941.0 68
1717262771857 752941.0 69
1717262778933 752941.0 70
1717262786012 752941.0 71
1717262792950 752941.0 72
1717262799920 752941.0 73
1717262806876 752941.0 74
1717262813811 752941.0 75
1717262820844 752941.0 76
1717262827880 752941.0 77
1717262834756 752941.0 78
1717262841526 752941.0 79
1717262848425 752941.0 80
1717262855423 752941.0 81
1717262862622 752941.0 82
1717262869622 752941.0 83
1717262877003 752941.0 84
1717262884293 752941.0 85
1717262891317 752941.0 86
1717262898261 752941.0 87
1717262905192 752941.0 88
1717262912057 752941.0 89
1717262918926 752941.0 90
1717262925880 752941.0 91
1717262932875 752941.0 92
1717262939799 752941.0 93
1717262946720 752941.0 94
1717262953682 752941.0 95
1717262960489 752941.0 96
1717262967620 752941.0 97
1717262974564 752941.0 98
1717262981711 752941.0 99
