1717263018087 0.8398062899902535 1
1717263021734 0.8777152593964667 2
1717263025732 0.8990836190592105 3
1717263029848 0.9048879003169339 4
1717263033907 0.9061839693346071 5
1717263037964 0.9073456372667906 6
1717263041986 0.9087250315439422 7
1717263046050 0.9098303011505797 8
1717263050141 0.9108686902098089 9
1717263054302 0.9119121847187165 10
1717263058418 0.9131251707571915 11
1717263062466 0.9151931498589315 12
1717263066563 0.916308551257724 13
1717263070582 0.9173327869139073 14
1717263074659 0.9178624028600192 15
1717263078654 0.9184461896679681 16
1717263082809 0.9188130793497732 17
1717263086910 0.9188792366979366 18
1717263090970 0.9190516981121263 19
1717263094990 0.9194336739083702 20
1717263099097 0.9197994895918851 21
1717263103101 0.9200216287164281 22
1717263107163 0.9199997393954124 23
1717263111202 0.9203440911090726 24
1717263115241 0.9203377692917729 25
1717263119298 0.9203438072520859 26
1717263123342 0.9204762836183965 27
1717263127376 0.9206944998958562 28
1717263131465 0.9199958012978369 29
1717263135529 0.920343971819149 30
1717263139764 0.9206703312604597 31
1717263143949 0.9205473426284968 32
1717263147937 0.9209364447938686 33
1717263152107 0.9207973271288978 34
1717263156212 0.920102655016486 35
1717263160277 0.9206912343213517 36
1717263164294 0.9208320848680714 37
1717263168324 0.9207326808223877 38
1717263172347 0.9208779315132355 39
1717263176342 0.9207738966516253 40
1717263180320 0.920894403509696 41
1717263184303 0.9211129696483982 42
1717263188357 0.9207080016554053 43
1717263192334 0.9208289716966359 44
1717263196346 0.9211139284383151 45
1717263200375 0.9213992225342301 46
1717263204416 0.9202826086770732 47
1717263208409 0.9209618500409923 48
1717263212483 0.9212049754184783 49
1717263216487 0.9210748725509595 50
1717263220453 0.9209206100503591 51
1717263224486 0.9213850343961121 52
1717263228497 0.9206056157538695 53
1717263232773 0.9213159098263903 54
1717263236766 0.9212536809766374 55
1717263240792 0.9215592825427209 56
1717263244815 0.9202111414833194 57
1717263248830 0.9198415835720545 58
1717263252879 0.9199140664801309 59
1717263256925 0.9198816427723399 60
1717263260971 0.9205014410972078 61
1717263264975 0.9210591937413872 62
1717263268944 0.9209725134759855 63
1717263273135 0.9207797380472973 64
1717263277162 0.9212868053021871 65
1717263281244 0.9221000293639349 66
1717263285304 0.922395378576605 67
1717263289278 0.922534539644136 68
1717263293413 0.9226051406762883 69
1717263297668 0.923003911586596 70
1717263301952 0.9230094589784735 71
1717263306333 0.9235438621475589 72
1717263310672 0.9233406430126416 73
1717263314704 0.9201834587263708 74
1717263318696 0.9205513169318164 75
1717263322807 0.9206570681094053 76
1717263326830 0.9206514648095554 77
1717263330861 0.9209017437685256 78
1717263334865 0.9216457808306777 79
1717263338857 0.9216772806273524 80
1717263342914 0.9220946435969117 81
1717263346969 0.9220288139093079 82
1717263351109 0.922338302420595 83
1717263355171 0.9222283877041079 84
1717263359216 0.9223254860271112 85
1717263363242 0.9223979229779883 86
1717263367258 0.9229879827945583 87
1717263371272 0.922804748923688 88
1717263375333 0.9229128181668537 89
1717263379304 0.9233334989106837 90
1717263383348 0.9225739414336576 91
1717263387353 0.9212731653653463 92
1717263391314 0.9216580097448351 93
1717263395305 0.9216851111322643 94
1717263399284 0.9215740998477896 95
1717263403592 0.92182554067128 96
1717263407607 0.9218159496806672 97
1717263411572 0.9219691812787147 98
1717263415544 0.92186077575165 99
