1717628842210 348864.0 1
1717628845586 349490.0 2
1717628848917 349490.0 3
1717628852495 349490.0 4
1717628856012 349490.0 5
1717628859416 349490.0 6
1717628862729 349490.0 7
1717628866261 349490.0 8
1717628869954 349490.0 9
1717628873582 349490.0 10
1717628877049 349490.0 11
1717628880529 349490.0 12
1717628883874 349490.0 13
1717628887163 349490.0 14
1717628890496 349490.0 15
1717628893804 349490.0 16
1717628897390 349490.0 17
1717628900923 349490.0 18
1717628904416 349490.0 19
1717628907636 349490.0 20
1717628910868 349490.0 21
