1717628842210 0.7878514528274536 1
1717628845586 0.738124668598175 2
1717628848917 0.7247452139854431 3
1717628852495 0.717461884021759 4
1717628856012 0.7127642631530762 5
1717628859416 0.709507167339325 6
1717628862729 0.7072311043739319 7
1717628866261 0.7055454254150391 8
1717628869954 0.7041983604431152 9
1717628873582 0.703091561794281 10
1717628877049 0.7021648287773132 11
1717628880529 0.7013739347457886 12
1717628883874 0.7006931304931641 13
1717628887163 0.700101912021637 14
1717628890496 0.6995832324028015 15
1717628893804 0.699124813079834 16
1717628897390 0.6987156867980957 17
1717628900923 0.6983494758605957 18
1717628904416 0.6980227828025818 19
1717628907636 0.6977282166481018 20
1717628910868 0.697460949420929 21
