1717526755083 0.7791620784862197 1
1717526762401 0.8667133919883866 2
1717526769852 0.8790544344026147 3
1717526777428 0.8978026283951496 4
1717526784792 0.9164292240721499 5
1717526792040 0.9206423784316805 6
1717526799332 0.9392289398682326 7
1717526806697 0.9489385230240718 8
1717526814032 0.9454306988719515 9
1717526821455 0.9504315469230576 10
1717526828857 0.9564767523567721 11
1717526836483 0.9594595499607288 12
1717526843921 0.9613545761058887 13
1717526851355 0.966281006326745 14
1717526858788 0.9702916720523391 15
1717526866301 0.9721407006432511 16
1717526873936 0.9750236981484157 17
1717526881541 0.9755263792742123 18
1717526889271 0.9766017529954624 19
1717526896731 0.9782056409276801 20
1717526904180 0.979741651326535 21
1717526911569 0.9802143939571323 22
1717526918700 0.981733014064879 23
1717526926207 0.9828915045673218 24
1717526933709 0.9845958496214957 25
1717526941028 0.9857605058596252 26
1717526948007 0.9869847327526695 27
1717526955267 0.9879872860439072 28
1717526962630 0.989144837730668 29
1717526970009 0.9893341614559082 30
1717526977283 0.9903209913544956 31
1717526984620 0.9905421317517981 32
1717526992017 0.9911546374471372 33
1717526999257 0.9923905255270719 34
1717527006579 0.9923312741300311 35
1717527013973 0.9928779730955575 36
1717527021414 0.9925385772561383 37
1717527028710 0.9925860690250341 38
1717527035961 0.9931088549423915 39
1717527043077 0.992863628936478 40
1717527050378 0.9931417462363623 41
1717527057775 0.9932788999436947 42
1717527065072 0.9930115086429334 43
1717527073327 0.9932640656258145 44
1717527080924 0.9933817704210144 45
1717527088226 0.9932381569510911 46
1717527095485 0.9937059167285934 47
1717527102656 0.9937297148291094 48
1717527110392 0.9938901640253798 49
1717527117623 0.9942771381046958 50
1717527124897 0.9944107373794374 51
1717527132177 0.9943482460959346 52
1717527139568 0.9943225448112767 53
1717527146641 0.9944174103020378 54
1717527154123 0.9948159870973232 55
1717527161264 0.9942983946306743 56
1717527168633 0.994499382937956 57
1717527175880 0.9945811592945243 58
1717527183082 0.9945467122365601 59
1717527190324 0.9949955621542533 60
1717527198354 0.9953097763038671 61
1717527205826 0.9957112724468697 62
1717527213273 0.995390503668588 63
1717527220653 0.9935201254362611 64
1717527228105 0.9886389630445848 65
1717527235401 0.9947324171135605 66
1717527242797 0.9952581868401611 67
1717527250039 0.99626542271535 68
1717527257637 0.9957912411295557 69
1717527265038 0.9961277231770297 70
1717527272221 0.9956401042480522 71
1717527279346 0.9962279407257398 72
1717527286668 0.9962801260084531 73
1717527293867 0.9951633457197665 74
1717527301182 0.9923721123890876 75
1717527308684 0.9965371276183081 76
1717527316106 0.9966176792817435 77
1717527323778 0.9968086651227293 78
1717527331199 0.997083417972142 79
1717527338428 0.9967896837121873 80
1717527345950 0.996859934360298 81
1717527353110 0.9972109493072586 82
1717527360274 0.9952918740534432 83
1717527367494 0.9971813659166431 84
1717527374768 0.9970062823025173 85
1717527382033 0.9972159574002848 86
1717527389434 0.9952255824890276 87
1717527396758 0.9965321647898876 88
1717527404156 0.9974064806127543 89
1717527411656 0.9867300468767742 90
1717527419074 0.996928847126409 91
1717527426303 0.9965576293479831 92
1717527433829 0.9970991712896339 93
1717527440946 0.9970842230700238 94
1717527449062 0.9971773807687158 95
1717527456210 0.9959671704857643 96
1717527463708 0.9971064838365625 97
1717527471544 0.9976562936247029 98
1717527478947 0.9966455579705032 99
