1717526755083 0.6306390866015495 1
1717526762401 0.630691669246595 2
1717526769852 0.6582418633742432 3
1717526777428 0.6906864315334242 4
1717526784792 0.7127771814904348 5
1717526792040 0.7313014040326311 6
1717526799332 0.7527470339417541 7
1717526806697 0.7759115488754575 8
1717526814032 0.798561045265641 9
1717526821455 0.8164292072860663 10
1717526828857 0.8330724843029819 11
1717526836483 0.8476390534995002 12
1717526843921 0.8613991643201905 13
1717526851355 0.8732679725474973 14
1717526858788 0.8842211662995808 15
1717526866301 0.892755024513796 16
1717526873936 0.89991719091365 17
1717526881541 0.9053102074487337 18
1717526889271 0.9104198847577067 19
1717526896731 0.9153459399410783 20
1717526904180 0.9189514399118784 21
1717526911569 0.9218573982064955 22
1717526918700 0.9245596692540224 23
1717526926207 0.926736859468616 24
1717526933709 0.9274813556020222 25
1717526941028 0.9285785128260227 26
1717526948007 0.9300022112691569 27
1717526955267 0.9321508308675304 28
1717526962630 0.933762486261792 29
1717526970009 0.9355914566955832 30
1717526977283 0.9372964768894896 31
1717526984620 0.9388182836379171 32
1717526992017 0.9407276517923421 33
1717526999257 0.9430810633871859 34
1717527006579 0.9445051271575196 35
1717527013973 0.9459711735316105 36
1717527021414 0.9474488152392063 37
1717527028710 0.9487539106187858 38
1717527035961 0.9499865202842168 39
1717527043077 0.9515715638904115 40
1717527050378 0.9529967702741066 41
1717527057775 0.9532455254933698 42
1717527065072 0.9543758113861859 43
1717527073327 0.9552622604178235 44
1717527080924 0.9563946420488778 45
1717527088226 0.9573929491138387 46
1717527095485 0.9572266138528736 47
1717527102656 0.9584470393773988 48
1717527110392 0.959164337854624 49
1717527117623 0.9589085577407286 50
1717527124897 0.9596459622870895 51
1717527132177 0.9595963012811909 52
1717527139568 0.9600189940894787 53
1717527146641 0.9607193469956602 54
1717527154123 0.9598936595199397 55
1717527161264 0.9610582390259373 56
1717527168633 0.9613203844768593 57
1717527175880 0.9615951775162247 58
1717527183082 0.9615306621523304 59
1717527190324 0.9622263357718595 60
1717527198354 0.9624896565968759 61
1717527205826 0.9629034719804072 62
1717527213273 0.96254747476129 63
1717527220653 0.9612607233323573 64
1717527228105 0.9599264143923327 65
1717527235401 0.9605818162041516 66
1717527242797 0.9617702738126382 67
1717527250039 0.9628078868902229 68
1717527257637 0.9625694473045591 69
1717527265038 0.9635631275914291 70
1717527272221 0.9629848433134139 71
1717527279346 0.9634380845891609 72
1717527286668 0.9640258380106024 73
1717527293867 0.9616640435665816 74
1717527301182 0.9586910944485789 75
1717527308684 0.9646245606208199 76
1717527316106 0.9643965291075789 77
1717527323778 0.9650554380098637 78
1717527331199 0.9657162730340837 79
1717527338428 0.9655936683258229 80
1717527345950 0.9654254593553974 81
1717527353110 0.9657163723444567 82
1717527360274 0.9628071442069635 83
1717527367494 0.9653630071845638 84
1717527374768 0.9660678574578099 85
1717527382033 0.9652569437481048 86
1717527389434 0.9641916737342203 87
1717527396758 0.9655546255523534 88
1717527404156 0.966141778874783 89
1717527411656 0.9612817403099955 90
1717527419074 0.9653715293892594 91
1717527426303 0.9654568485443988 92
1717527433829 0.9655536474305207 93
1717527440946 0.9663274142294256 94
1717527449062 0.9663112339189035 95
1717527456210 0.9658826824051389 96
1717527463708 0.9659041849170544 97
1717527471544 0.9664278312367353 98
1717527478947 0.9658576220970728 99
