1709665345456 0.18324385583400726 1
1709665345549 0.17624244093894958 2
1709665345635 0.17598991096019745 3
1709665345721 0.1737171858549118 4
1709665345811 0.1737171858549118 5
1709665345904 0.20060794055461884 6
1709665346299 0.22254343330860138 7
1709665346420 0.2571110129356384 8
1709665346508 0.27104511857032776 9
1709665346595 0.27104511857032776 10
1709665346681 0.27104511857032776 11
1709665346753 0.27104511857032776 12
1709665346887 0.30727192759513855 13
1709665346968 0.3275422155857086 14
