1717618335730 0.9469966670019602 1
1717618374797 0.9360341624413634 2
1717618417029 0.9106305095914471 3
1717618466337 0.9160145469066183 4
1717618514503 0.9159915898157266 5
1717618564722 0.9167849935312032 6
1717618610852 0.9166585835137516 7
1717618658524 0.9178834830973912 8
1717618704623 0.9184388448939733 9
1717618751835 0.9216228886251953 10
1717618792390 0.9238511733527006 11
1717618827695 0.9280979362246555 12
1717618859615 0.9311972154899362 13
1717618890178 0.9311723805018834 14
1717618921688 0.9327002710076664 15
1717618952920 0.9360074235180819 16
