1716233342903 971693.0 1
1716233345791 965679.0 2
1716233348675 958986.0 3
1716233351600 958182.0 4
1716233354389 953228.0 5
1716233357215 954435.0 6
1716233360065 954672.0 7
1716233362837 953660.0 8
1716233365688 953766.0 9
1716233368563 953961.0 10
1716233371443 954027.0 11
1716233374311 953756.0 12
1716233377173 952984.0 13
1716233380069 951326.0 14
1716233382973 951029.0 15
1716233385893 950496.0 16
1716233388665 948148.0 17
1716233391603 947272.0 18
1716233394540 947340.0 19
1716233397568 945312.0 20
1716233400551 944400.0 21
1716233403664 944266.0 22
1716233406664 942812.0 23
1716233409694 942750.0 24
1716233412799 941888.0 25
1716233415859 941364.0 26
1716233418988 942194.0 27
1716233422077 940779.0 28
1716233425324 941807.0 29
1716233428343 942309.0 30
1716233431530 942006.0 31
1716233434638 940358.0 32
1716233437845 941103.0 33
1716233440989 939851.0 34
1716233444144 940003.0 35
1716233447292 940010.0 36
1716233450363 939834.0 37
1716233453407 939623.0 38
1716233456597 939997.0 39
1716233459715 939689.0 40
1716233462770 939077.0 41
1716233465935 939148.0 42
1716233468981 939035.0 43
1716233472110 939280.0 44
1716233475084 939202.0 45
1716233478126 938706.0 46
1716233481199 938589.0 47
1716233484395 938386.0 48
1716233487498 938582.0 49
1716233490618 938394.0 50
1716233493896 938176.0 51
1716233496902 938869.0 52
1716233499973 937990.0 53
1716233503134 938077.0 54
1716233506296 938743.0 55
1716233509459 936972.0 56
1716233512636 937363.0 57
1716233515784 937963.0 58
1716233518923 938104.0 59
1716233522118 938211.0 60
1716233525337 937154.0 61
1716233528485 937173.0 62
1716233531567 937483.0 63
1716233534750 937538.0 64
1716233537862 937079.0 65
1716233541042 936632.0 66
1716233544200 936586.0 67
1716233547318 937115.0 68
1716233550429 936612.0 69
1716233553595 937522.0 70
1716233556767 936779.0 71
1716233559810 937197.0 72
1716233562974 937159.0 73
1716233566128 936680.0 74
1716233569211 936848.0 75
1716233572380 936169.0 76
1716233575443 935874.0 77
1716233578566 936875.0 78
1716233581712 936685.0 79
1716233584837 935710.0 80
1716233588096 936402.0 81
1716233591288 935302.0 82
1716233594485 936420.0 83
1716233597551 936026.0 84
1716233600553 935192.0 85
1716233603726 935123.0 86
1716233606873 935852.0 87
1716233609936 936116.0 88
1716233613044 936286.0 89
1716233616270 936028.0 90
1716233619444 935385.0 91
1716233622538 935281.0 92
1716233625723 935119.0 93
1716233628933 934694.0 94
1716233632012 935806.0 95
1716233635120 935327.0 96
1716233638176 936002.0 97
1716233641345 935726.0 98
1716233644476 934899.0 99
