1716233342903 0.91114576838561 1
1716233345791 0.9276297277907551 2
1716233348675 0.9318521732215177 3
1716233351600 0.933992623408267 4
1716233354389 0.9379424587537514 5
1716233357215 0.9378798711692496 6
1716233360065 0.9394396589291935 7
1716233362837 0.9413683489555441 8
1716233365688 0.9416894428126387 9
1716233368563 0.9424955722705485 10
1716233371443 0.9435243456395491 11
1716233374311 0.9441530434325833 12
1716233377173 0.9455076513024093 13
1716233380069 0.9466820410857937 14
1716233382973 0.9475563016576541 15
1716233385893 0.948924801817878 16
1716233388665 0.9497242705427209 17
1716233391603 0.9503384403909726 18
1716233394540 0.9508423808976166 19
1716233397568 0.9517405917142157 20
1716233400551 0.9531689226021223 21
1716233403664 0.9541063280549285 22
1716233406664 0.9547657867040982 23
1716233409694 0.9549219910065887 24
1716233412799 0.9555549587651141 25
1716233415859 0.9565197439786539 26
1716233418988 0.9558553327243723 27
1716233422077 0.9563809006467822 28
1716233425324 0.956528534646534 29
1716233428343 0.9569186092662588 30
1716233431530 0.9573213513725843 31
1716233434638 0.9577664460251267 32
1716233437845 0.9569154079458366 33
1716233440989 0.9585234258079427 34
1716233444144 0.9581420431442714 35
1716233447292 0.9587890409678317 36
1716233450363 0.9596383621766813 37
1716233453407 0.9596844124174854 38
1716233456597 0.9595798568654138 39
1716233459715 0.9601236883429107 40
1716233462770 0.9600320609903081 41
1716233465935 0.9603863497467368 42
1716233468981 0.9609173964667682 43
1716233472110 0.9603837606474122 44
1716233475084 0.9608670437665078 45
1716233478126 0.961077182794592 46
1716233481199 0.9611184614313212 47
1716233484395 0.9618207410997902 48
1716233487498 0.9613628025683266 49
1716233490618 0.961727976101717 50
1716233493896 0.9621074097831049 51
1716233496902 0.9617188360398324 52
1716233499973 0.9627687226284678 53
1716233503134 0.9623683610279844 54
1716233506296 0.9628223167543032 55
1716233509459 0.9637956016277816 56
1716233512636 0.9634695479168496 57
1716233515784 0.9628452486129202 58
1716233518923 0.9632816172344533 59
1716233522118 0.9630564200837133 60
1716233525337 0.963691555567196 61
1716233528485 0.9643235771662761 62
1716233531567 0.9638295881445 63
1716233534750 0.9641662857589564 64
1716233537862 0.9644058089955789 65
1716233541042 0.9645320722724267 66
1716233544200 0.9647471451273046 67
1716233547318 0.9650625323754594 68
1716233550429 0.9653389716621035 69
1716233553595 0.9644763550332641 70
1716233556767 0.965365061497134 71
1716233559810 0.9653480716653934 72
1716233562974 0.9655255942109603 73
1716233566128 0.9656359155687319 74
1716233569211 0.96582776677293 75
1716233572380 0.9660473615431514 76
1716233575443 0.9659968399995185 77
1716233578566 0.9659315686150788 78
1716233581712 0.9660529565161017 79
1716233584837 0.9661239414889005 80
1716233588096 0.9660841687588103 81
1716233591288 0.9666395239537192 82
1716233594485 0.9668171532316071 83
1716233597551 0.9665650805646717 84
1716233600553 0.9668562121769028 85
1716233603726 0.9670749498425891 86
1716233606873 0.9668868541355699 87
1716233609936 0.9667138634216749 88
1716233613044 0.9669417096534408 89
1716233616270 0.96703170283455 90
1716233619444 0.9675167232658259 91
1716233622538 0.9675924756249193 92
1716233625723 0.967653109440781 93
1716233628933 0.9680220027253174 94
1716233632012 0.966666117734921 95
1716233635120 0.9675025538155145 96
1716233638176 0.967079855055991 97
1716233641345 0.9678083104532771 98
1716233644476 0.9678791268231066 99
