1717524009156 57576.0 1
1717524010533 66531.0 2
1717524011774 70901.0 3
1717524012998 75768.0 4
1717524014209 78016.0 5
1717524015465 81196.0 6
1717524016696 81575.0 7
1717524017938 81988.0 8
1717524019175 82239.0 9
1717524020401 81561.0 10
1717524021654 80962.0 11
1717524022985 81161.0 12
1717524024255 81619.0 13
1717524025485 81011.0 14
1717524026724 80782.0 15
1717524027981 80510.0 16
1717524029235 80827.0 17
1717524030469 80394.0 18
1717524031710 80110.0 19
1717524032941 79931.0 20
1717524034212 79696.0 21
1717524035488 79436.0 22
1717524036743 80035.0 23
1717524037983 79622.0 24
1717524039290 79705.0 25
1717524040546 79029.0 26
1717524041807 79116.0 27
1717524043063 79983.0 28
1717524044314 79560.0 29
1717524045603 78601.0 30
1717524046855 79520.0 31
1717524048111 79497.0 32
1717524049338 79663.0 33
1717524050584 79031.0 34
1717524051831 78568.0 35
1717524053091 79283.0 36
1717524054359 78585.0 37
1717524055603 79379.0 38
1717524056895 78589.0 39
1717524058182 78525.0 40
1717524059455 79129.0 41
1717524060720 78797.0 42
1717524061981 79051.0 43
1717524063234 78572.0 44
1717524064492 78787.0 45
1717524065758 79175.0 46
1717524067036 79094.0 47
1717524068302 78821.0 48
1717524069550 78814.0 49
1717524070846 78468.0 50
1717524072125 78734.0 51
1717524073417 78159.0 52
1717524074698 78548.0 53
1717524076075 78979.0 54
1717524077312 78687.0 55
1717524078567 78881.0 56
1717524079862 78338.0 57
1717524081407 78982.0 58
1717524082911 78755.0 59
1717524084424 78608.0 60
1717524085958 78625.0 61
1717524087457 78826.0 62
1717524088781 78053.0 63
1717524090036 78888.0 64
1717524091305 78461.0 65
1717524092551 78793.0 66
1717524093813 78703.0 67
1717524095071 78759.0 68
1717524096323 78239.0 69
1717524097587 78668.0 70
1717524098858 78451.0 71
1717524100098 78338.0 72
1717524101375 78552.0 73
1717524102628 78602.0 74
1717524103893 78188.0 75
1717524105248 78477.0 76
1717524106598 78652.0 77
1717524107872 78226.0 78
1717524109137 78653.0 79
1717524110432 78409.0 80
1717524111699 78604.0 81
1717524112980 78097.0 82
1717524114247 78742.0 83
1717524115498 78454.0 84
1717524116768 78491.0 85
1717524118038 78497.0 86
1717524119317 78511.0 87
1717524120602 78177.0 88
1717524121856 78693.0 89
1717524123102 78489.0 90
1717524124376 78544.0 91
1717524125643 78206.0 92
1717524126877 78638.0 93
1717524128163 78425.0 94
1717524129444 78509.0 95
1717524130727 78281.0 96
1717524131990 78547.0 97
1717524133250 78572.0 98
1717524134506 78304.0 99
