1717524009156 0.5332261845421541 1
1717524010533 0.6450816914325682 2
1717524011774 0.707225862857845 3
1717524012998 0.7727448678804131 4
1717524014209 0.8038777140829834 5
1717524015465 0.8380073644356687 6
1717524016696 0.8448215177066773 7
1717524017938 0.8528334031690719 8
1717524019175 0.8566709994787766 9
1717524020401 0.8522139935369374 10
1717524021654 0.8440193885458162 11
1717524022985 0.8521835108806505 12
1717524024255 0.8569143680705457 13
1717524025485 0.8532576898442544 14
1717524026724 0.8502351666384605 15
1717524027981 0.8480096277787746 16
1717524029235 0.8520342211520777 17
1717524030469 0.8492863161758007 18
1717524031710 0.8479894791515865 19
1717524032941 0.8452997697379045 20
1717524034212 0.8425642430592858 21
1717524035488 0.8387177646949208 22
1717524036743 0.8486239001641976 23
1717524037983 0.8456505485564219 24
1717524039290 0.8473532276857142 25
1717524040546 0.8393129067684092 26
1717524041807 0.8406488630950196 27
1717524043063 0.8511126908797656 28
1717524044314 0.846742803487443 29
1717524045603 0.8356286807186917 30
1717524046855 0.8464769944041246 31
1717524048111 0.8475176241497216 32
1717524049338 0.8497104628454812 33
1717524050584 0.8416175615950892 34
1717524051831 0.837541642146092 35
1717524053091 0.8449417465393732 36
1717524054359 0.8388085129107454 37
1717524055603 0.846952887499086 38
1717524056895 0.8392825113826688 39
1717524058182 0.8390498391846231 40
1717524059455 0.8464487613786079 41
1717524060720 0.8429044121298391 42
1717524061981 0.8464260387681617 43
1717524063234 0.8351589643228706 44
1717524064492 0.8417797804436664 45
1717524065758 0.8479094181189187 46
1717524067036 0.8468048208204276 47
1717524068302 0.8445919074840255 48
1717524069550 0.8433988925108055 49
1717524070846 0.8403467979473157 50
1717524072125 0.8440339577177625 51
1717524073417 0.8302429121813367 52
1717524074698 0.8419284855579522 53
1717524076075 0.8463812829145216 54
1717524077312 0.8433768008516306 55
1717524078567 0.8456594209113437 56
1717524079862 0.8395036269666237 57
1717524081407 0.8470211527241598 58
1717524082911 0.8447064085220006 59
1717524084424 0.8418318040915286 60
1717524085958 0.8427004268641731 61
1717524087457 0.8460921060389363 62
1717524088781 0.8350806580079976 63
1717524090036 0.8466363798454388 64
1717524091305 0.8414448402434871 65
1717524092551 0.846909515250606 66
1717524093813 0.844397720573875 67
1717524095071 0.8463186173391555 68
1717524096323 0.8391143637633075 69
1717524097587 0.8457847202814069 70
1717524098858 0.8428395737426546 71
1717524100098 0.840869784427235 72
1717524101375 0.8442840240169361 73
1717524102628 0.8446150550639282 74
1717524103893 0.8402860037599048 75
1717524105248 0.8432597184520472 76
1717524106598 0.8461056135273666 77
1717524107872 0.8407963924729667 78
1717524109137 0.8456989918251161 79
1717524110432 0.8432502505152502 80
1717524111699 0.8454886151435983 81
1717524112980 0.8391317783733502 82
1717524114247 0.8470168778885973 83
1717524115498 0.8434172849723857 84
1717524116768 0.8442943567434664 85
1717524118038 0.8450642395772898 86
1717524119317 0.845949342618002 87
1717524120602 0.837519741104656 88
1717524121856 0.8476870874206448 89
1717524123102 0.8452715771002969 90
1717524124376 0.8461051715296838 91
1717524125643 0.842247369758585 92
1717524126877 0.8472630892094356 93
1717524128163 0.8446238641804614 94
1717524129444 0.8457326727795433 95
1717524130727 0.8428078079125544 96
1717524131990 0.8468317337341851 97
1717524133250 0.8469458966761287 98
1717524134506 0.8418517739925365 99
