1717524009156 0.30137336254119873 1
1717524010533 0.3752049505710602 2
1717524011774 0.4431011974811554 3
1717524012998 0.5193109512329102 4
1717524014209 0.563493549823761 5
1717524015465 0.5950608849525452 6
1717524016696 0.6081679463386536 7
1717524017938 0.6243340969085693 8
1717524019175 0.6311140060424805 9
1717524020401 0.6351117491722107 10
1717524021654 0.62074214220047 11
1717524022985 0.6442323923110962 12
1717524024255 0.649506151676178 13
1717524025485 0.6514953374862671 14
1717524026724 0.6467202305793762 15
1717524027981 0.6484451293945312 16
1717524029235 0.6532255411148071 17
1717524030469 0.653863251209259 18
1717524031710 0.6581218838691711 19
1717524032941 0.652704119682312 20
1717524034212 0.653628945350647 21
1717524035488 0.6455830931663513 22
1717524036743 0.6640300750732422 23
1717524037983 0.6624266505241394 24
1717524039290 0.6657029986381531 25
1717524040546 0.6556367874145508 26
1717524041807 0.6605027914047241 27
1717524043063 0.6729913949966431 28
1717524044314 0.6690006852149963 29
1717524045603 0.6581341028213501 30
1717524046855 0.6695005893707275 31
1717524048111 0.6737318634986877 32
1717524049338 0.6762714982032776 33
1717524050584 0.6674255728721619 34
1717524051831 0.6628339886665344 35
1717524053091 0.6697203516960144 36
1717524054359 0.6672717332839966 37
1717524055603 0.6740173697471619 38
1717524056895 0.6673672199249268 39
1717524058182 0.6679189205169678 40
1717524059455 0.6785029768943787 41
1717524060720 0.6746432185173035 42
1717524061981 0.6809684634208679 43
1717524063234 0.6553015112876892 44
1717524064492 0.6715943217277527 45
1717524065758 0.6831225156784058 46
1717524067036 0.6806480288505554 47
1717524068302 0.6800658106803894 48
1717524069550 0.6759670376777649 49
1717524070846 0.6748310327529907 50
1717524072125 0.680342435836792 51
1717524073417 0.6496511101722717 52
1717524074698 0.6767253875732422 53
1717524076075 0.6813091039657593 54
1717524077312 0.6788302063941956 55
1717524078567 0.6811771988868713 56
1717524079862 0.675575852394104 57
1717524081407 0.68377685546875 58
1717524082911 0.6812487840652466 59
1717524084424 0.676913857460022 60
1717524085958 0.6792290806770325 61
1717524087457 0.6841242909431458 62
1717524088781 0.6695104241371155 63
1717524090036 0.6844192147254944 64
1717524091305 0.6781991124153137 65
1717524092551 0.6879510879516602 66
1717524093813 0.6822832822799683 67
1717524095071 0.6862609386444092 68
1717524096323 0.6758579611778259 69
1717524097587 0.6869217157363892 70
1717524098858 0.6824174523353577 71
1717524100098 0.6790561676025391 72
1717524101375 0.6850095391273499 73
1717524102628 0.6853488683700562 74
1717524103893 0.6813247799873352 75
1717524105248 0.6835275888442993 76
1717524106598 0.6885854601860046 77
1717524107872 0.6827507615089417 78
1717524109137 0.6871146559715271 79
1717524110432 0.6851766109466553 80
1717524111699 0.6873409748077393 81
1717524112980 0.6802313923835754 82
1717524114247 0.6895281672477722 83
1717524115498 0.6857589483261108 84
1717524116768 0.6884176135063171 85
1717524118038 0.6901341676712036 86
1717524119317 0.6916989684104919 87
1717524120602 0.6727899312973022 88
1717524121856 0.6928004026412964 89
1717524123102 0.6900509595870972 90
1717524124376 0.6911441683769226 91
1717524125643 0.6870481371879578 92
1717524126877 0.6927616596221924 93
1717524128163 0.6887413263320923 94
1717524129444 0.6907827258110046 95
1717524130727 0.6873093247413635 96
1717524131990 0.6934449076652527 97
1717524133250 0.6930205821990967 98
1717524134506 0.6832479238510132 99
