1717173509744 0.06374248953944002 1
1717173511497 0.0639712331954474 2
1717173513295 0.0639712331954474 3
1717173514966 0.0639712331954474 4
1717173516683 0.0639712331954474 5
1717173518388 0.0639712331954474 6
1717173520218 0.0639712331954474 7
1717173521881 0.0639712331954474 8
1717173523535 0.0639712331954474 9
1717173525224 0.0639712331954474 10
1717173527172 0.0639712331954474 11
1717173528934 0.0639712331954474 12
1717173530764 0.0639712331954474 13
1717173532588 0.0639712331954474 14
1717173534336 0.0639712331954474 15
1717173536105 0.0639712331954474 16
1717173537922 0.0639712331954474 17
1717173539766 0.0639712331954474 18
1717173541452 0.0639712331954474 19
1717173543189 0.0639712331954474 20
1717173545480 0.0639712331954474 21
1717173547694 0.0639712331954474 22
1717173549712 0.0639712331954474 23
1717173551768 0.0639712331954474 24
1717173553653 0.0639712331954474 25
1717173555387 0.0639712331954474 26
1717173557169 0.0639712331954474 27
1717173559037 0.0639712331954474 28
1717173560973 0.0639712331954474 29
1717173562967 0.0639712331954474 30
1717173564904 0.0639712331954474 31
1717173566851 0.0639712331954474 32
1717173568783 0.0639712331954474 33
1717173570658 0.0639712331954474 34
1717173572646 0.0639712331954474 35
1717173574440 0.0639712331954474 36
1717173576288 0.0639712331954474 37
1717173578188 0.0639712331954474 38
1717173580075 0.0639712331954474 39
1717173581951 0.0639712331954474 40
1717173583736 0.0639712331954474 41
1717173585555 0.0639712331954474 42
1717173587360 0.0639712331954474 43
1717173589257 0.0639712331954474 44
1717173591093 0.0639712331954474 45
1717173592946 0.0639712331954474 46
1717173594785 0.0639712331954474 47
1717173596740 0.0639712331954474 48
1717173598745 0.0639712331954474 49
1717173600666 0.0639712331954474 50
1717173602635 0.0639712331954474 51
1717173604637 0.0639712331954474 52
1717173606574 0.0639712331954474 53
1717173608361 0.0639712331954474 54
1717173610166 0.0639712331954474 55
1717173611985 0.0639712331954474 56
1717173613687 0.0639712331954474 57
1717173615498 0.0639712331954474 58
1717173617341 0.0639712331954474 59
1717173619187 0.0639712331954474 60
1717173621080 0.0639712331954474 61
1717173623027 0.0639712331954474 62
1717173624844 0.0639712331954474 63
1717173626847 0.0639712331954474 64
1717173628874 0.0639712331954474 65
1717173630839 0.0639712331954474 66
1717173632753 0.0639712331954474 67
1717173634644 0.0639712331954474 68
1717173636888 0.0639712331954474 69
1717173638979 0.0639712331954474 70
1717173640870 0.0639712331954474 71
1717173642931 0.0639712331954474 72
1717173645397 0.0639712331954474 73
1717173647232 0.0639712331954474 74
1717173649109 0.0639712331954474 75
1717173651092 0.0639712331954474 76
1717173652920 0.0639712331954474 77
1717173654899 0.0639712331954474 78
1717173657498 0.0639712331954474 79
1717173659424 0.0639712331954474 80
1717173661896 0.0639712331954474 81
1717173664482 0.0639712331954474 82
1717173667307 0.0639712331954474 83
1717173669320 0.0639712331954474 84
1717173671085 0.0639712331954474 85
1717173672921 0.0639712331954474 86
1717173674702 0.0639712331954474 87
1717173676699 0.0639712331954474 88
1717173678567 0.0639712331954474 89
1717173680435 0.0639712331954474 90
1717173682647 0.0639712331954474 91
1717173684411 0.0639712331954474 92
1717173686103 0.0639712331954474 93
1717173688210 0.0639712331954474 94
1717173689919 0.0639712331954474 95
1717173691726 0.0639712331954474 96
1717173693586 0.0639712331954474 97
1717173695415 0.0639712331954474 98
1717173697252 0.0639712331954474 99
