1717173509744 0.9942795556292489 1
1717173511497 1.0 2
1717173513295 1.0 3
1717173514966 1.0 4
1717173516683 1.0 5
1717173518388 1.0 6
1717173520218 1.0 7
1717173521881 1.0 8
1717173523535 1.0 9
1717173525224 1.0 10
1717173527172 1.0 11
1717173528934 1.0 12
1717173530764 1.0 13
1717173532588 1.0 14
1717173534336 1.0 15
1717173536105 1.0 16
1717173537922 1.0 17
1717173539766 1.0 18
1717173541452 1.0 19
1717173543189 1.0 20
1717173545480 1.0 21
1717173547694 1.0 22
1717173549712 1.0 23
1717173551768 1.0 24
1717173553653 1.0 25
1717173555387 1.0 26
1717173557169 1.0 27
1717173559037 1.0 28
1717173560973 1.0 29
1717173562967 1.0 30
1717173564904 1.0 31
1717173566851 1.0 32
1717173568783 1.0 33
1717173570658 1.0 34
1717173572646 1.0 35
1717173574440 1.0 36
1717173576288 1.0 37
1717173578188 1.0 38
1717173580075 1.0 39
1717173581951 1.0 40
1717173583736 1.0 41
1717173585555 1.0 42
1717173587360 1.0 43
1717173589257 1.0 44
1717173591093 1.0 45
1717173592946 1.0 46
1717173594785 1.0 47
1717173596740 1.0 48
1717173598745 1.0 49
1717173600666 1.0 50
1717173602635 1.0 51
1717173604637 1.0 52
1717173606574 1.0 53
1717173608361 1.0 54
1717173610166 1.0 55
1717173611985 1.0 56
1717173613687 1.0 57
1717173615498 1.0 58
1717173617341 1.0 59
1717173619187 1.0 60
1717173621080 1.0 61
1717173623027 1.0 62
1717173624844 1.0 63
1717173626847 1.0 64
1717173628874 1.0 65
1717173630839 1.0 66
1717173632753 1.0 67
1717173634644 1.0 68
1717173636888 1.0 69
1717173638979 1.0 70
1717173640870 1.0 71
1717173642931 1.0 72
1717173645397 1.0 73
1717173647232 1.0 74
1717173649109 1.0 75
1717173651092 1.0 76
1717173652920 1.0 77
1717173654899 1.0 78
1717173657498 1.0 79
1717173659424 1.0 80
1717173661896 1.0 81
1717173664482 1.0 82
1717173667307 1.0 83
1717173669320 1.0 84
1717173671085 1.0 85
1717173672921 1.0 86
1717173674702 1.0 87
1717173676699 1.0 88
1717173678567 1.0 89
1717173680435 1.0 90
1717173682647 1.0 91
1717173684411 1.0 92
1717173686103 1.0 93
1717173688210 1.0 94
1717173689919 1.0 95
1717173691726 1.0 96
1717173693586 1.0 97
1717173695415 1.0 98
1717173697252 1.0 99
