1709658087726 0.2332868288930381 1
1709658087877 0.2332868288930381 2
1709658088007 0.15055955616576538 3
1709658088141 0.20646911423359682 4
1709658088269 0.20646911423359682 5
1709658088396 0.20646911423359682 6
1709658088524 0.20646911423359682 7
1709658088650 0.20646911423359682 8
1709658088781 0.20646911423359682 9
1709658088913 0.20646911423359682 10
1709658089040 0.20646911423359682 11
1709658089166 0.20646911423359682 12
1709658089294 0.20646911423359682 13
1709658089416 0.20646911423359682 14
