1717631937565 0.9997550707998469 1
1717631938180 1.0 2
1717631938784 1.0 3
1717631939375 1.0 4
1717631939978 0.9999720528139711 5
1717631940646 0.9997754958185467 6
1717631941298 0.9976293732522077 7
1717631941920 0.995577081955373 8
1717631942573 0.9937563417599893 9
1717631943196 0.9918906782503397 10
1717631943756 0.9916602807695404 11
1717631944325 0.99078384264138 12
1717631944915 0.9902682589510461 13
1717631945524 0.988904486519327 14
1717631946130 0.9884942505730441 15
1717631946798 0.9879608817475822 16
