1717631937565 0.9569905382748582 1
1717631938180 0.9571024370269504 2
1717631938784 0.9571024370269504 3
1717631939375 0.9571024370269504 4
1717631939978 0.9570941961456396 5
1717631940646 0.9571064367725008 6
1717631941298 0.9572265936489116 7
1717631941920 0.9571511723025263 8
1717631942573 0.9573661152325896 9
1717631943196 0.9574682903460564 10
1717631943756 0.9575550613414231 11
1717631944325 0.9580595681826185 12
1717631944915 0.9568829165284316 13
1717631945524 0.9565219728472201 14
1717631946130 0.9565100337775974 15
1717631946798 0.9567337977192876 16
