1717631937565 0.3121107518672943 1
1717631938180 0.28024715185165405 2
1717631938784 0.25374189019203186 3
1717631939375 0.24219034612178802 4
1717631939978 0.24178065359592438 5
1717631940646 0.23996171355247498 6
1717631941298 0.23957960307598114 7
1717631941920 0.23801973462104797 8
1717631942573 0.23746521770954132 9
1717631943196 0.23657070100307465 10
1717631943756 0.23533929884433746 11
1717631944325 0.23228731751441956 12
1717631944915 0.23057256639003754 13
1717631945524 0.22842207551002502 14
1717631946130 0.22672009468078613 15
1717631946798 0.22505170106887817 16
