1717570781361 228288.0 1
1717570782906 251998.0 2
1717570784455 254833.0 3
1717570786069 255137.0 4
1717570787587 254182.0 5
1717570789144 254050.0 6
1717570790701 252315.0 7
1717570792291 252149.0 8
1717570793865 248837.0 9
1717570795423 246944.0 10
1717570796958 247261.0 11
1717570798474 248009.0 12
1717570799970 248122.0 13
1717570801512 248083.0 14
1717570803037 248220.0 15
1717570804574 248463.0 16
1717570806124 248770.0 17
1717570807643 248788.0 18
1717570809237 248824.0 19
1717570810801 248817.0 20
1717570812329 249214.0 21
1717570813921 249454.0 22
1717570815450 249536.0 23
1717570817006 249773.0 24
1717570818567 249853.0 25
1717570820160 249926.0 26
1717570821686 249961.0 27
1717570823202 250052.0 28
1717570824836 250090.0 29
1717570826459 250172.0 30
1717570828035 250349.0 31
1717570829568 250393.0 32
1717570831269 250542.0 33
1717570832904 250638.0 34
1717570834501 250710.0 35
1717570836124 250963.0 36
1717570837718 251025.0 37
1717570839270 251149.0 38
1717570840824 251178.0 39
1717570842414 251328.0 40
1717570843936 251442.0 41
1717570845506 251490.0 42
1717570847122 251468.0 43
1717570848670 251734.0 44
1717570850267 251800.0 45
1717570851790 251894.0 46
1717570853284 251940.0 47
1717570854945 251991.0 48
1717570856508 252040.0 49
1717570858075 252111.0 50
1717570859659 252207.0 51
1717570861232 252294.0 52
1717570862778 252367.0 53
1717570864300 252464.0 54
1717570865840 252595.0 55
1717570867404 252718.0 56
1717570868937 252837.0 57
1717570870444 252919.0 58
1717570871939 252943.0 59
1717570873508 253017.0 60
1717570875093 253013.0 61
1717570876650 253073.0 62
1717570878242 253100.0 63
1717570879800 253148.0 64
1717570881365 253211.0 65
1717570882916 253332.0 66
1717570884472 253378.0 67
1717570886046 253530.0 68
1717570887595 253727.0 69
1717570889136 253830.0 70
1717570890659 253923.0 71
1717570892183 254073.0 72
1717570893691 254304.0 73
1717570895242 254414.0 74
1717570896757 254436.0 75
1717570898335 254589.0 76
1717570899921 254669.0 77
1717570901462 254827.0 78
1717570902977 254935.0 79
1717570904541 255050.0 80
1717570906110 255172.0 81
1717570907642 255273.0 82
1717570909163 255408.0 83
1717570910702 255543.0 84
1717570912226 255740.0 85
1717570913783 255925.0 86
1717570915355 256031.0 87
1717570916910 256259.0 88
1717570918447 256472.0 89
1717570920050 256649.0 90
1717570921601 256760.0 91
1717570923213 256881.0 92
1717570924832 257034.0 93
1717570926364 257141.0 94
1717570927927 257321.0 95
1717570929472 257442.0 96
1717570930952 257618.0 97
1717570932471 257770.0 98
1717570933984 257930.0 99
