1717570781361 1.2913455963134766 1
1717570782906 1.1579538583755493 2
1717570784455 1.1363667249679565 3
1717570786069 1.1280924081802368 4
1717570787587 1.119864583015442 5
1717570789144 1.107986569404602 6
1717570790701 1.0884140729904175 7
1717570792291 1.0593692064285278 8
1717570793865 1.0223966836929321 9
1717570795423 0.9796275496482849 10
1717570796958 0.9335728883743286 11
1717570798474 0.8900356292724609 12
1717570799970 0.8518987894058228 13
1717570801512 0.8191701173782349 14
1717570803037 0.7927363514900208 15
1717570804574 0.7706683278083801 16
1717570806124 0.7518942952156067 17
1717570807643 0.7360034584999084 18
1717570809237 0.7227426767349243 19
1717570810801 0.7118576765060425 20
1717570812329 0.7030302882194519 21
1717570813921 0.6958986520767212 22
1717570815450 0.6901028156280518 23
1717570817006 0.6853227019309998 24
1717570818567 0.6812964677810669 25
1717570820160 0.677822470664978 26
1717570821686 0.6747493743896484 27
1717570823202 0.6719644069671631 28
1717570824836 0.6693850159645081 29
1717570826459 0.6669566631317139 30
1717570828035 0.6646533608436584 31
1717570829568 0.6624660491943359 32
1717570831269 0.6603814363479614 33
1717570832904 0.6583794951438904 34
1717570834501 0.6564434766769409 35
1717570836124 0.6545619964599609 36
1717570837718 0.6527265310287476 37
1717570839270 0.6509298086166382 38
1717570840824 0.6491652131080627 39
1717570842414 0.6474267244338989 40
1717570843936 0.6457089185714722 41
1717570845506 0.6440069675445557 42
1717570847122 0.6423162817955017 43
1717570848670 0.6406328678131104 44
1717570850267 0.6389527916908264 45
1717570851790 0.6372719407081604 46
1717570853284 0.6355868577957153 47
1717570854945 0.6338939666748047 48
1717570856508 0.6321896910667419 49
1717570858075 0.6304705142974854 50
1717570859659 0.6287332773208618 51
1717570861232 0.6269745230674744 52
1717570862778 0.6251913905143738 53
1717570864300 0.6233808994293213 54
1717570865840 0.6215409636497498 55
1717570867404 0.6196702718734741 56
1717570868937 0.6177692413330078 57
1717570870444 0.6158387064933777 58
1717570871939 0.6138806939125061 59
1717570873508 0.6118981242179871 60
1717570875093 0.609894335269928 61
1717570876650 0.607872486114502 62
1717570878242 0.6058358550071716 63
1717570879800 0.6037873029708862 64
1717570881365 0.6017295122146606 65
1717570882916 0.599665105342865 66
1717570884472 0.5975967049598694 67
1717570886046 0.595527172088623 68
1717570887595 0.5934590697288513 69
1717570889136 0.5913950800895691 70
1717570890659 0.5893381834030151 71
1717570892183 0.5872906446456909 72
1717570893691 0.5852550268173218 73
1717570895242 0.5832334160804749 74
1717570896757 0.5812281966209412 75
1717570898335 0.5792414546012878 76
1717570899921 0.5772761106491089 77
1717570901462 0.5753349661827087 78
1717570902977 0.5734215974807739 79
1717570904541 0.5715392827987671 80
1717570906110 0.5696917772293091 81
1717570907642 0.5678820013999939 82
1717570909163 0.5661115646362305 83
1717570910702 0.5643817186355591 84
1717570912226 0.5626924633979797 85
1717570913783 0.5610431432723999 86
1717570915355 0.5594329833984375 87
1717570916910 0.5578610301017761 88
1717570918447 0.5563266277313232 89
1717570920050 0.5548287034034729 90
1717570921601 0.5533663630485535 91
1717570923213 0.5519385933876038 92
1717570924832 0.5505444407463074 93
1717570926364 0.5491827726364136 94
1717570927927 0.547852635383606 95
1717570929472 0.5465531349182129 96
1717570930952 0.5452836155891418 97
1717570932471 0.5440431833267212 98
1717570933984 0.542831301689148 99
