1717570781361 287363.0 1
1717570782906 287363.0 2
1717570784455 287363.0 3
1717570786069 287363.0 4
1717570787587 287363.0 5
1717570789144 287363.0 6
1717570790701 287363.0 7
1717570792291 287363.0 8
1717570793865 287363.0 9
1717570795423 287363.0 10
1717570796958 287363.0 11
1717570798474 287363.0 12
1717570799970 287363.0 13
1717570801512 287363.0 14
1717570803037 287363.0 15
1717570804574 287363.0 16
1717570806124 287363.0 17
1717570807643 287363.0 18
1717570809237 287363.0 19
1717570810801 287363.0 20
1717570812329 287363.0 21
1717570813921 287363.0 22
1717570815450 287363.0 23
1717570817006 287363.0 24
1717570818567 287363.0 25
1717570820160 287363.0 26
1717570821686 287363.0 27
1717570823202 287363.0 28
1717570824836 287363.0 29
1717570826459 287363.0 30
1717570828035 287363.0 31
1717570829568 287363.0 32
1717570831269 287363.0 33
1717570832904 287363.0 34
1717570834501 287363.0 35
1717570836124 287363.0 36
1717570837718 287363.0 37
1717570839270 287363.0 38
1717570840824 287363.0 39
1717570842414 287363.0 40
1717570843936 287363.0 41
1717570845506 287363.0 42
1717570847122 287363.0 43
1717570848670 287363.0 44
1717570850267 287363.0 45
1717570851790 287363.0 46
1717570853284 287363.0 47
1717570854945 287363.0 48
1717570856508 287363.0 49
1717570858075 287363.0 50
1717570859659 287363.0 51
1717570861232 287363.0 52
1717570862778 287363.0 53
1717570864300 287363.0 54
1717570865840 287363.0 55
1717570867404 287363.0 56
1717570868937 287363.0 57
1717570870444 287363.0 58
1717570871939 287363.0 59
1717570873508 287363.0 60
1717570875093 287363.0 61
1717570876650 287363.0 62
1717570878242 287363.0 63
1717570879800 287363.0 64
1717570881365 287363.0 65
1717570882916 287363.0 66
1717570884472 287363.0 67
1717570886046 287363.0 68
1717570887595 287363.0 69
1717570889136 287363.0 70
1717570890659 287363.0 71
1717570892183 287363.0 72
1717570893691 287363.0 73
1717570895242 287363.0 74
1717570896757 287363.0 75
1717570898335 287363.0 76
1717570899921 287363.0 77
1717570901462 287363.0 78
1717570902977 287363.0 79
1717570904541 287363.0 80
1717570906110 287363.0 81
1717570907642 287363.0 82
1717570909163 287363.0 83
1717570910702 287363.0 84
1717570912226 287363.0 85
1717570913783 287363.0 86
1717570915355 287363.0 87
1717570916910 287363.0 88
1717570918447 287363.0 89
1717570920050 287363.0 90
1717570921601 287363.0 91
1717570923213 287363.0 92
1717570924832 287363.0 93
1717570926364 287363.0 94
1717570927927 287363.0 95
1717570929472 287363.0 96
1717570930952 287363.0 97
1717570932471 287363.0 98
1717570933984 287363.0 99
