1717450256474 0.4393143355846405 1
1717450278819 0.6885550022125244 2
1717450300780 0.762528121471405 3
1717450322942 0.7830514907836914 4
1717450345520 0.7825914621353149 5
1717450368048 0.7963069677352905 6
1717450390644 0.7957277297973633 7
1717450413558 0.8020157814025879 8
1717450435721 0.8076345324516296 9
1717450458570 0.8120538592338562 10
1717450481008 0.8148913979530334 11
1717450503477 0.8193120360374451 12
1717450526176 0.8213537335395813 13
1717450549401 0.8203281760215759 14
1717450572562 0.8296929597854614 15
1717450595005 0.8304173350334167 16
1717450617409 0.8336946368217468 17
1717450640657 0.8072742819786072 18
1717450663095 0.8376388549804688 19
1717450685837 0.8398062586784363 20
1717450708263 0.839252769947052 21
1717450730970 0.8417502045631409 22
1717450753790 0.8403027057647705 23
1717450777181 0.840260922908783 24
1717450799614 0.8435967564582825 25
1717450822213 0.8430094718933105 26
1717450844663 0.8443150520324707 27
1717450866978 0.8431279063224792 28
1717450889653 0.8425085544586182 29
1717450912106 0.8457516431808472 30
1717450934948 0.8404251337051392 31
1717450957713 0.847559928894043 32
1717450981972 0.8490409851074219 33
1717451003676 0.847670316696167 34
1717451025992 0.850103497505188 35
1717451048631 0.8464495539665222 36
1717451070896 0.8516612648963928 37
1717451093395 0.8508250117301941 38
1717451116348 0.8509379625320435 39
1717451139487 0.8534256219863892 40
1717451163040 0.8512383699417114 41
1717451186576 0.8539065718650818 42
1717451209362 0.8488084673881531 43
1717451231903 0.8537769913673401 44
1717451254884 0.8500712513923645 45
1717451277775 0.8525105118751526 46
1717451300567 0.8560769557952881 47
1717451323553 0.8564361333847046 48
1717451346787 0.854594886302948 49
1717451369301 0.8559778928756714 50
1717451392440 0.8579055666923523 51
1717451415484 0.8560133576393127 52
1717451438352 0.8414387702941895 53
1717451461161 0.858420729637146 54
1717451484076 0.8583865165710449 55
1717451507476 0.8596749901771545 56
1717451531255 0.8561686873435974 57
1717451554722 0.8600420951843262 58
1717451578470 0.8589915633201599 59
1717451601574 0.8591063022613525 60
1717451624753 0.8602659702301025 61
1717451647867 0.8601976037025452 62
1717451670549 0.8537728786468506 63
1717451693292 0.8622835874557495 64
1717451716247 0.862073540687561 65
1717451739009 0.8601511716842651 66
1717451762153 0.8621246218681335 67
1717451785131 0.8620538711547852 68
1717451808191 0.8627517819404602 69
1717451830930 0.8595401048660278 70
1717451854193 0.8609312772750854 71
1717451877459 0.8616632223129272 72
1717451900687 0.8626861572265625 73
1717451923617 0.8632104396820068 74
1717451946809 0.863224446773529 75
1717451969873 0.8617368936538696 76
1717451992568 0.8637538552284241 77
1717452015727 0.8618361353874207 78
1717452038400 0.8611140847206116 79
1717452061249 0.8498964309692383 80
1717452084089 0.6938170194625854 81
1717452107061 0.8316659927368164 82
1717452129812 0.8391682505607605 83
1717452152588 0.8452842831611633 84
1717452175215 0.84560626745224 85
1717452199163 0.8497866988182068 86
1717452221447 0.852524995803833 87
1717452243670 0.8509452939033508 88
1717452266531 0.8515612483024597 89
1717452289599 0.8555375933647156 90
1717452312398 0.8530343174934387 91
1717452334848 0.8559756875038147 92
1717452357322 0.8262962698936462 93
1717452381039 0.855179488658905 94
1717452404188 0.854110836982727 95
1717452427664 0.8573654294013977 96
1717452450081 0.85640949010849 97
1717452473142 0.8559277057647705 98
1717452496089 0.8494261503219604 99
