1717450256474 758234.0 1
1717450278819 758234.0 2
1717450300780 758234.0 3
1717450322942 758234.0 4
1717450345520 758234.0 5
1717450368048 758234.0 6
1717450390644 758234.0 7
1717450413558 758234.0 8
1717450435721 758234.0 9
1717450458570 758234.0 10
1717450481008 758234.0 11
1717450503477 758234.0 12
1717450526176 758234.0 13
1717450549401 758234.0 14
1717450572562 758234.0 15
1717450595005 758234.0 16
1717450617409 758234.0 17
1717450640657 758234.0 18
1717450663095 758234.0 19
1717450685837 758234.0 20
1717450708263 758234.0 21
1717450730970 758234.0 22
1717450753790 758234.0 23
1717450777181 758234.0 24
1717450799614 758234.0 25
1717450822213 758234.0 26
1717450844663 758234.0 27
1717450866978 758234.0 28
1717450889653 758234.0 29
1717450912106 758234.0 30
1717450934948 758234.0 31
1717450957713 758234.0 32
1717450981972 758234.0 33
1717451003676 758234.0 34
1717451025992 758234.0 35
1717451048631 758234.0 36
1717451070896 758234.0 37
1717451093395 758234.0 38
1717451116348 758234.0 39
1717451139487 758234.0 40
1717451163040 758234.0 41
1717451186576 758234.0 42
1717451209362 758234.0 43
1717451231903 758234.0 44
1717451254884 758234.0 45
1717451277775 758234.0 46
1717451300567 758234.0 47
1717451323553 758234.0 48
1717451346787 758234.0 49
1717451369301 758234.0 50
1717451392440 758234.0 51
1717451415484 758234.0 52
1717451438352 758234.0 53
1717451461161 758234.0 54
1717451484076 758234.0 55
1717451507476 758234.0 56
1717451531255 758234.0 57
1717451554722 758234.0 58
1717451578470 758234.0 59
1717451601574 758234.0 60
1717451624753 758234.0 61
1717451647867 758234.0 62
1717451670549 758234.0 63
1717451693292 758234.0 64
1717451716247 758234.0 65
1717451739009 758234.0 66
1717451762153 758234.0 67
1717451785131 758234.0 68
1717451808191 758234.0 69
1717451830930 758234.0 70
1717451854193 758234.0 71
1717451877459 758234.0 72
1717451900687 758234.0 73
1717451923617 758234.0 74
1717451946809 758234.0 75
1717451969873 758234.0 76
1717451992568 758234.0 77
1717452015727 758234.0 78
1717452038400 758234.0 79
1717452061249 758234.0 80
1717452084089 758234.0 81
1717452107061 758234.0 82
1717452129812 758234.0 83
1717452152588 758234.0 84
1717452175215 758234.0 85
1717452199163 758234.0 86
1717452221447 758234.0 87
1717452243670 758234.0 88
1717452266531 758234.0 89
1717452289599 758234.0 90
1717452312398 758234.0 91
1717452334848 758234.0 92
1717452357322 758234.0 93
1717452381039 758234.0 94
1717452404188 758234.0 95
1717452427664 758234.0 96
1717452450081 758234.0 97
1717452473142 758234.0 98
1717452496089 758234.0 99
