1717450256474 143327.0 1
1717450278819 143327.0 2
1717450300780 143327.0 3
1717450322942 143327.0 4
1717450345520 143327.0 5
1717450368048 143327.0 6
1717450390644 143327.0 7
1717450413558 143327.0 8
1717450435721 143327.0 9
1717450458570 143327.0 10
1717450481008 143327.0 11
1717450503477 143327.0 12
1717450526176 143327.0 13
1717450549401 143327.0 14
1717450572562 143327.0 15
1717450595005 143327.0 16
1717450617409 143327.0 17
1717450640657 143327.0 18
1717450663095 143327.0 19
1717450685837 143327.0 20
1717450708263 143327.0 21
1717450730970 143327.0 22
1717450753790 143327.0 23
1717450777181 143327.0 24
1717450799614 143327.0 25
1717450822213 143327.0 26
1717450844663 143327.0 27
1717450866978 143327.0 28
1717450889653 143327.0 29
1717450912106 143327.0 30
1717450934948 143327.0 31
1717450957713 143327.0 32
1717450981972 143327.0 33
1717451003676 143327.0 34
1717451025992 143327.0 35
1717451048631 143327.0 36
1717451070896 143327.0 37
1717451093395 143327.0 38
1717451116348 143327.0 39
1717451139487 143327.0 40
1717451163040 143327.0 41
1717451186576 143327.0 42
1717451209362 143327.0 43
1717451231903 143327.0 44
1717451254884 143327.0 45
1717451277775 143327.0 46
1717451300567 143327.0 47
1717451323553 143327.0 48
1717451346787 143327.0 49
1717451369301 143327.0 50
1717451392440 143327.0 51
1717451415484 143327.0 52
1717451438352 143327.0 53
1717451461161 143327.0 54
1717451484076 143327.0 55
1717451507476 143327.0 56
1717451531255 143327.0 57
1717451554722 143327.0 58
1717451578470 143327.0 59
1717451601574 143327.0 60
1717451624753 143327.0 61
1717451647867 143327.0 62
1717451670549 143327.0 63
1717451693292 143327.0 64
1717451716247 143327.0 65
1717451739009 143327.0 66
1717451762153 143327.0 67
1717451785131 143327.0 68
1717451808191 143327.0 69
1717451830930 143327.0 70
1717451854193 143327.0 71
1717451877459 143327.0 72
1717451900687 143327.0 73
1717451923617 143327.0 74
1717451946809 143327.0 75
1717451969873 143327.0 76
1717451992568 143327.0 77
1717452015727 143327.0 78
1717452038400 143327.0 79
1717452061249 143327.0 80
1717452084089 143327.0 81
1717452107061 143327.0 82
1717452129812 143327.0 83
1717452152588 143327.0 84
1717452175215 143327.0 85
1717452199163 143327.0 86
1717452221447 143327.0 87
1717452243670 143327.0 88
1717452266531 143327.0 89
1717452289599 143327.0 90
1717452312398 143327.0 91
1717452334848 143327.0 92
1717452357322 143327.0 93
1717452381039 143327.0 94
1717452404188 143327.0 95
1717452427664 143327.0 96
1717452450081 143327.0 97
1717452473142 143327.0 98
1717452496089 143327.0 99
