1717257697561 49866.0 1
1717257700555 46439.0 2
1717257703665 42423.0 3
1717257706696 40666.0 4
1717257709662 41017.0 5
1717257712555 38134.0 6
1717257715490 40243.0 7
1717257718565 39282.0 8
1717257721377 39400.0 9
1717257724163 38939.0 10
1717257726863 38713.0 11
1717257730188 38714.0 12
1717257733050 38520.0 13
1717257735920 38287.0 14
1717257738836 37660.0 15
1717257741744 36387.0 16
1717257744655 34446.0 17
1717257747347 32937.0 18
1717257750237 32138.0 19
1717257752984 31873.0 20
1717257755940 31752.0 21
1717257758711 31796.0 22
1717257761626 31675.0 23
1717257764551 31810.0 24
1717257767848 31573.0 25
1717257770770 31721.0 26
1717257773710 31664.0 27
1717257776673 31760.0 28
1717257779545 32067.0 29
1717257782257 31828.0 30
1717257785078 31767.0 31
1717257787958 31816.0 32
1717257790813 31820.0 33
1717257793500 31763.0 34
1717257796255 32121.0 35
1717257798903 31821.0 36
1717257801574 32725.0 37
1717257804371 32279.0 38
1717257807139 32438.0 39
1717257810056 32600.0 40
1717257812892 32605.0 41
1717257815621 32376.0 42
1717257818442 32785.0 43
1717257821332 32441.0 44
1717257824126 32777.0 45
1717257827079 32685.0 46
1717257830073 32566.0 47
1717257833202 32787.0 48
1717257836327 32486.0 49
1717257839370 32697.0 50
1717257842120 32596.0 51
1717257844936 32646.0 52
1717257847746 32747.0 53
1717257850926 32439.0 54
1717257853989 32506.0 55
1717257857015 32833.0 56
1717257859913 32911.0 57
1717257862833 32619.0 58
1717257865768 32576.0 59
1717257868499 32640.0 60
1717257871332 32832.0 61
1717257874118 32756.0 62
1717257877091 32734.0 63
1717257879974 32538.0 64
1717257882905 32753.0 65
1717257885856 32544.0 66
1717257888512 32908.0 67
1717257891408 32730.0 68
1717257894228 32646.0 69
1717257897055 32481.0 70
1717257899877 32805.0 71
1717257902753 32471.0 72
1717257905462 33015.0 73
1717257908428 32467.0 74
1717257911284 32723.0 75
1717257914125 32505.0 76
1717257917006 32467.0 77
1717257919875 32977.0 78
1717257922833 32627.0 79
1717257925774 32690.0 80
1717257928592 32592.0 81
1717257931392 32660.0 82
1717257934482 32503.0 83
1717257937307 32615.0 84
1717257940282 32412.0 85
1717257943078 32552.0 86
1717257945785 32472.0 87
1717257948706 32517.0 88
1717257951578 32602.0 89
1717257954283 32792.0 90
1717257957029 32403.0 91
1717257959912 32462.0 92
1717257962753 32368.0 93
1717257965425 32284.0 94
1717257968176 32593.0 95
1717257971240 32520.0 96
1717257974322 32285.0 97
1717257977140 32596.0 98
1717257980179 32479.0 99
