1717257697561 0.24185208498118216 1
1717257700555 0.3066389270206544 2
1717257703665 0.3513468799757477 3
1717257706696 0.37502174500041613 4
1717257709662 0.3811729619901895 5
1717257712555 0.40820400548223285 6
1717257715490 0.40475798105526195 7
1717257718565 0.4147464169271275 8
1717257721377 0.4190540765833112 9
1717257724163 0.42737553268729006 10
1717257726863 0.43203577372560426 11
1717257730188 0.4345804442692605 12
1717257733050 0.4383104747469849 13
1717257735920 0.4434008517800985 14
1717257738836 0.44902475183055196 15
1717257741744 0.4644236360490644 16
1717257744655 0.4856096625537687 17
1717257747347 0.505021594979006 18
1717257750237 0.5191941493412788 19
1717257752984 0.5256276486505507 20
1717257755940 0.530836904345313 21
1717257758711 0.5311357717391243 22
1717257761626 0.5351227160106479 23
1717257764551 0.5349175261874606 24
1717257767848 0.5366454003723808 25
1717257770770 0.5363284549730469 26
1717257773710 0.5375460861613022 27
1717257776673 0.5376243643964125 28
1717257779545 0.537151179087615 29
1717257782257 0.5415233511550486 30
1717257785078 0.5446943212492896 31
1717257787958 0.545961128772985 32
1717257790813 0.5476377768876988 33
1717257793500 0.5480566502387977 34
1717257796255 0.5457045691663586 35
1717257798903 0.5502467294752452 36
1717257801574 0.5414921507442308 37
1717257804371 0.5478818578345337 38
1717257807139 0.5482137680725879 39
1717257810056 0.5467521555614042 40
1717257812892 0.548720033011998 41
1717257815621 0.5507229531419711 42
1717257818442 0.5472530267749339 43
1717257821332 0.5516268090044991 44
1717257824126 0.549794050035407 45
1717257827079 0.551518789584195 46
1717257830073 0.5530426566432051 47
1717257833202 0.5513654793386003 48
1717257836327 0.5553850746103113 49
1717257839370 0.5541538843175431 50
1717257842120 0.5550083475704267 51
1717257844936 0.5556330299822169 52
1717257847746 0.5527690773391434 53
1717257850926 0.557991226092852 54
1717257853989 0.5596900084401679 55
1717257857015 0.5563182616699058 56
1717257859913 0.5556532777275236 57
1717257862833 0.5591882305635303 58
1717257865768 0.5594050094146268 59
1717257868499 0.5600176943471556 60
1717257871332 0.558793918352443 61
1717257874118 0.5591993825000692 62
1717257877091 0.5592616557397352 63
1717257879974 0.56380436525197 64
1717257882905 0.5608032636442419 65
1717257885856 0.5632053922116725 66
1717257888512 0.5588489699445038 67
1717257891408 0.562823955706308 68
1717257894228 0.5644662931466776 69
1717257897055 0.5662920259251091 70
1717257899877 0.5630860915641791 71
1717257902753 0.5689050880853912 72
1717257905462 0.5608985954340527 73
1717257908428 0.5691381193779005 74
1717257911284 0.5669855038701281 75
1717257914125 0.5710409571147965 76
1717257917006 0.5706407423016571 77
1717257919875 0.5663263763681775 78
1717257922833 0.5704822184294122 79
1717257925774 0.57235552220374 80
1717257928592 0.5734361449852013 81
1717257931392 0.5734374755566961 82
1717257934482 0.5755255421300944 83
1717257937307 0.5756732587623044 84
1717257940282 0.5777961086488088 85
1717257943078 0.5762080526705525 86
1717257945785 0.5783435581312532 87
1717257948706 0.5783879847963896 88
1717257951578 0.5740350175570709 89
1717257954283 0.5754228249516392 90
1717257957029 0.5803732930815231 91
1717257959912 0.5797652597812238 92
1717257962753 0.5810392114625499 93
1717257965425 0.582878348846507 94
1717257968176 0.5798478578812121 95
1717257971240 0.5801135029933799 96
1717257974322 0.5844803787794208 97
1717257977140 0.5808991526987993 98
1717257980179 0.5813140599596142 99
