1717257697561 1.4544939994812012 1
1717257700555 1.2799116373062134 2
1717257703665 1.186809778213501 3
1717257706696 1.1227978467941284 4
1717257709662 1.0849858522415161 5
1717257712555 1.0484663248062134 6
1717257715490 1.0231292247772217 7
1717257718565 0.9983984231948853 8
1717257721377 0.9823364615440369 9
1717257724163 0.9681913256645203 10
1717257726863 0.9546192288398743 11
1717257730188 0.9423694610595703 12
1717257733050 0.930378258228302 13
1717257735920 0.9203226566314697 14
1717257738836 0.909805953502655 15
1717257741744 0.8903051018714905 16
1717257744655 0.8737870454788208 17
1717257747347 0.8546536564826965 18
1717257750237 0.8364551067352295 19
1717257752984 0.8224226236343384 20
1717257755940 0.8110681772232056 21
1717257758711 0.8049085736274719 22
1717257761626 0.7979966998100281 23
1717257764551 0.7909063696861267 24
1717257767848 0.7847340106964111 25
1717257770770 0.7776517868041992 26
1717257773710 0.7709722518920898 27
1717257776673 0.7663543820381165 28
1717257779545 0.7598734498023987 29
1717257782257 0.7511709332466125 30
1717257785078 0.7463474869728088 31
1717257787958 0.7402950525283813 32
1717257790813 0.7343853116035461 33
1717257793500 0.7313702702522278 34
1717257796255 0.7297155857086182 35
1717257798903 0.7209427356719971 36
1717257801574 0.7261208891868591 37
1717257804371 0.7171215415000916 38
1717257807139 0.7107697129249573 39
1717257810056 0.711277186870575 40
1717257812892 0.7058814764022827 41
1717257815621 0.70292067527771 42
1717257818442 0.7007766366004944 43
1717257821332 0.6972882747650146 44
1717257824126 0.6947614550590515 45
1717257827079 0.6938482522964478 46
1717257830073 0.6892369389533997 47
1717257833202 0.690251350402832 48
1717257836327 0.6841872334480286 49
1717257839370 0.6833366751670837 50
1717257842120 0.6808018088340759 51
1717257844936 0.6784180402755737 52
1717257847746 0.6792398691177368 53
1717257850926 0.6735085248947144 54
1717257853989 0.6695354580879211 55
1717257857015 0.6716788411140442 56
1717257859913 0.6719468832015991 57
1717257862833 0.666179895401001 58
1717257865768 0.666073203086853 59
1717257868499 0.6621806025505066 60
1717257871332 0.6616787314414978 61
1717257874118 0.6651632785797119 62
1717257877091 0.6577866673469543 63
1717257879974 0.6548945903778076 64
1717257882905 0.654507040977478 65
1717257885856 0.651223361492157 66
1717257888512 0.6576442122459412 67
1717257891408 0.6471227407455444 68
1717257894228 0.6449547410011292 69
1717257897055 0.644096314907074 70
1717257899877 0.6438440680503845 71
1717257902753 0.63590407371521 72
1717257905462 0.6419553160667419 73
1717257908428 0.6346450448036194 74
1717257911284 0.6333743929862976 75
1717257914125 0.6295307278633118 76
1717257917006 0.6293487548828125 77
1717257919875 0.6312968730926514 78
1717257922833 0.6255885362625122 79
1717257925774 0.6250051856040955 80
1717257928592 0.6226077675819397 81
1717257931392 0.6208521127700806 82
1717257934482 0.6177675724029541 83
1717257937307 0.6161617636680603 84
1717257940282 0.613149106502533 85
1717257943078 0.6128905415534973 86
1717257945785 0.6099368333816528 87
1717257948706 0.6082265377044678 88
1717257951578 0.6198740005493164 89
1717257954283 0.607708752155304 90
1717257957029 0.6034355759620667 91
1717257959912 0.6030914783477783 92
1717257962753 0.602292001247406 93
1717257965425 0.5992651581764221 94
1717257968176 0.6000036597251892 95
1717257971240 0.6007678508758545 96
1717257974322 0.594150185585022 97
1717257977140 0.5942631363868713 98
1717257980179 0.5983136296272278 99
