1717233526215 0.06320509912120613 1
1717233529105 0.0064840813327857435 2
1717233532052 0.03560212849909981 3
1717233534771 0.10237795584190086 4
1717233537363 0.18998918746484927 5
1717233540112 0.24084205625347432 6
1717233543155 0.266588187215479 7
1717233545888 0.2996241878475489 8
1717233548524 0.3151070458662151 9
1717233551187 0.3284107194000778 10
1717233553763 0.3475629602137249 11
1717233556344 0.386777148842918 12
1717233558950 0.40066517547093367 13
1717233561600 0.4326768398576585 14
1717233564242 0.45455091699694555 15
1717233566965 0.4657425931065001 16
1717233569512 0.4805289732454322 17
1717233572069 0.4922346816262899 18
1717233574625 0.49827952941962267 19
1717233577286 0.5059904849513756 20
1717233580029 0.5099414587753169 21
1717233582679 0.5177592573247242 22
1717233585299 0.5201249727941348 23
1717233587971 0.5238689113035175 24
1717233590570 0.5313705466595279 25
1717233593131 0.5344047257079627 26
1717233595740 0.5328055134892847 27
1717233598324 0.5377847472623586 28
1717233600940 0.5438259877953776 29
1717233603597 0.5436965059689325 30
1717233606235 0.5467521300813039 31
1717233608849 0.5482852117551581 32
1717233611390 0.5491335445005809 33
1717233614052 0.553143129375278 34
1717233616694 0.5537436082128115 35
1717233619380 0.5541725883046528 36
1717233621933 0.5563540357088048 37
1717233624537 0.5595414580676416 38
1717233627092 0.5622342531803066 39
1717233629714 0.5625983652251625 40
1717233632345 0.5653306046089149 41
1717233634958 0.5655861751115685 42
1717233637597 0.5626394345612168 43
1717233640358 0.5685546258097685 44
1717233642974 0.5703296086660976 45
1717233645595 0.5669962665847337 46
1717233648186 0.5663765412780641 47
1717233650786 0.5706157973195838 48
1717233653389 0.5706636699083366 49
1717233655957 0.572612479601061 50
1717233658562 0.5691161416407057 51
1717233661170 0.5702622531046879 52
1717233663785 0.5745566870397834 53
1717233666455 0.5723835492599086 54
1717233669013 0.5720832401503948 55
1717233671804 0.5729065636520191 56
1717233674493 0.5754334728693491 57
1717233677382 0.5751714143377523 58
1717233680025 0.5766600820951366 59
1717233682707 0.5799515662919008 60
1717233685295 0.5809072287698548 61
1717233687908 0.5812422782841319 62
1717233690457 0.5811457391126787 63
1717233693076 0.5789833913262047 64
1717233695630 0.580463361090693 65
1717233698280 0.5801887259799446 66
1717233700870 0.5827717847590009 67
1717233703525 0.5856831961432905 68
1717233706060 0.5808359595567802 69
1717233708600 0.5811337930292825 70
1717233711180 0.5831556562805474 71
1717233713789 0.5861497703224301 72
1717233716289 0.5877503463605557 73
1717233718873 0.5835095238481417 74
1717233721520 0.5893388262362526 75
1717233724144 0.5868621437777738 76
1717233726794 0.5916447352004672 77
1717233729289 0.5630163914750324 78
1717233732065 0.5851800804939628 79
1717233734694 0.5874547249611454 80
1717233737309 0.589957716950905 81
1717233740049 0.5919887738324192 82
1717233742630 0.5931458614397096 83
1717233745278 0.5956428510906582 84
1717233747807 0.5924123650759303 85
1717233750399 0.5946748617131576 86
1717233753012 0.5918290033889955 87
1717233755665 0.5969813933736571 88
1717233758250 0.5932596334854163 89
1717233760847 0.5955752180548889 90
1717233763494 0.5968482724221111 91
1717233766103 0.5989850520142795 92
1717233768678 0.6003946104646902 93
1717233771347 0.602949704429278 94
1717233773972 0.5979667301605126 95
1717233776492 0.6022898732174766 96
1717233779058 0.6014952339297993 97
1717233781606 0.6047239482719806 98
1717233784179 0.6029807105546152 99
