1717233526215 313205.0 1
1717233529105 352189.0 2
1717233532052 351823.0 3
1717233534771 350752.0 4
1717233537363 349134.0 5
1717233540112 348170.0 6
1717233543155 347673.0 7
1717233545888 347055.0 8
1717233548524 346768.0 9
1717233551187 346376.0 10
1717233553763 345869.0 11
1717233556344 345180.0 12
1717233558950 344662.0 13
1717233561600 344015.0 14
1717233564242 343526.0 15
1717233566965 342959.0 16
1717233569512 342832.0 17
1717233572069 342536.0 18
1717233574625 342039.0 19
1717233577286 342073.0 20
1717233580029 341920.0 21
1717233582679 341690.0 22
1717233585299 341726.0 23
1717233587971 341623.0 24
1717233590570 341439.0 25
1717233593131 341414.0 26
1717233595740 341337.0 27
1717233598324 341250.0 28
1717233600940 341204.0 29
1717233603597 341280.0 30
1717233606235 341235.0 31
1717233608849 341144.0 32
1717233611390 341206.0 33
1717233614052 341152.0 34
1717233616694 341139.0 35
1717233619380 341060.0 36
1717233621933 341086.0 37
1717233624537 341123.0 38
1717233627092 341099.0 39
1717233629714 341152.0 40
1717233632345 341060.0 41
1717233634958 341173.0 42
1717233637597 341138.0 43
1717233640358 341113.0 44
1717233642974 341075.0 45
1717233645595 341067.0 46
1717233648186 341188.0 47
1717233650786 341070.0 48
1717233653389 341152.0 49
1717233655957 340962.0 50
1717233658562 341102.0 51
1717233661170 341146.0 52
1717233663785 341048.0 53
1717233666455 341005.0 54
1717233669013 341073.0 55
1717233671804 341050.0 56
1717233674493 340994.0 57
1717233677382 341123.0 58
1717233680025 340995.0 59
1717233682707 340890.0 60
1717233685295 340802.0 61
1717233687908 340882.0 62
1717233690457 340804.0 63
1717233693076 340914.0 64
1717233695630 340959.0 65
1717233698280 340884.0 66
1717233700870 340750.0 67
1717233703525 340829.0 68
1717233706060 340760.0 69
1717233708600 340961.0 70
1717233711180 340851.0 71
1717233713789 340754.0 72
1717233716289 340646.0 73
1717233718873 340933.0 74
1717233721520 340632.0 75
1717233724144 340818.0 76
1717233726794 340592.0 77
1717233729289 340413.0 78
1717233732065 340886.0 79
1717233734694 340778.0 80
1717233737309 340741.0 81
1717233740049 340704.0 82
1717233742630 340644.0 83
1717233745278 340560.0 84
1717233747807 340597.0 85
1717233750399 340579.0 86
1717233753012 340557.0 87
1717233755665 340530.0 88
1717233758250 340543.0 89
1717233760847 340398.0 90
1717233763494 340291.0 91
1717233766103 340331.0 92
1717233768678 340431.0 93
1717233771347 340286.0 94
1717233773972 340348.0 95
1717233776492 340295.0 96
1717233779058 340413.0 97
1717233781606 340177.0 98
1717233784179 340307.0 99
