1717233526215 22426.0 1
1717233529105 22426.0 2
1717233532052 22426.0 3
1717233534771 22426.0 4
1717233537363 22426.0 5
1717233540112 22426.0 6
1717233543155 22426.0 7
1717233545888 22426.0 8
1717233548524 22426.0 9
1717233551187 22426.0 10
1717233553763 22426.0 11
1717233556344 22426.0 12
1717233558950 22426.0 13
1717233561600 22426.0 14
1717233564242 22426.0 15
1717233566965 22426.0 16
1717233569512 22426.0 17
1717233572069 22426.0 18
1717233574625 22426.0 19
1717233577286 22426.0 20
1717233580029 22426.0 21
1717233582679 22426.0 22
1717233585299 22426.0 23
1717233587971 22426.0 24
1717233590570 22426.0 25
1717233593131 22426.0 26
1717233595740 22426.0 27
1717233598324 22426.0 28
1717233600940 22426.0 29
1717233603597 22426.0 30
1717233606235 22426.0 31
1717233608849 22426.0 32
1717233611390 22426.0 33
1717233614052 22426.0 34
1717233616694 22426.0 35
1717233619380 22426.0 36
1717233621933 22426.0 37
1717233624537 22426.0 38
1717233627092 22426.0 39
1717233629714 22426.0 40
1717233632345 22426.0 41
1717233634958 22426.0 42
1717233637597 22426.0 43
1717233640358 22426.0 44
1717233642974 22426.0 45
1717233645595 22426.0 46
1717233648186 22426.0 47
1717233650786 22426.0 48
1717233653389 22426.0 49
1717233655957 22426.0 50
1717233658562 22426.0 51
1717233661170 22426.0 52
1717233663785 22426.0 53
1717233666455 22426.0 54
1717233669013 22426.0 55
1717233671804 22426.0 56
1717233674493 22426.0 57
1717233677382 22426.0 58
1717233680025 22426.0 59
1717233682707 22426.0 60
1717233685295 22426.0 61
1717233687908 22426.0 62
1717233690457 22426.0 63
1717233693076 22426.0 64
1717233695630 22426.0 65
1717233698280 22426.0 66
1717233700870 22426.0 67
1717233703525 22426.0 68
1717233706060 22426.0 69
1717233708600 22426.0 70
1717233711180 22426.0 71
1717233713789 22426.0 72
1717233716289 22426.0 73
1717233718873 22426.0 74
1717233721520 22426.0 75
1717233724144 22426.0 76
1717233726794 22426.0 77
1717233729289 22426.0 78
1717233732065 22426.0 79
1717233734694 22426.0 80
1717233737309 22426.0 81
1717233740049 22426.0 82
1717233742630 22426.0 83
1717233745278 22426.0 84
1717233747807 22426.0 85
1717233750399 22426.0 86
1717233753012 22426.0 87
1717233755665 22426.0 88
1717233758250 22426.0 89
1717233760847 22426.0 90
1717233763494 22426.0 91
1717233766103 22426.0 92
1717233768678 22426.0 93
1717233771347 22426.0 94
1717233773972 22426.0 95
1717233776492 22426.0 96
1717233779058 22426.0 97
1717233781606 22426.0 98
1717233784179 22426.0 99
