1717233526215 0.897456513716308 1
1717233529105 0.9997832376310856 2
1717233532052 0.9997028725537732 3
1717233534771 0.9989628067673164 4
1717233537363 0.9977533371093003 5
1717233540112 0.9970670976560654 6
1717233543155 0.9968270714549687 7
1717233545888 0.9965822755314557 8
1717233548524 0.9965447153389936 9
1717233551187 0.9961910793367419 10
1717233553763 0.9956834822332692 11
1717233556344 0.9956971774887686 12
1717233558950 0.9951738884472925 13
1717233561600 0.9949923467789583 14
1717233564242 0.9948939834806293 15
1717233566965 0.9941666460074581 16
1717233569512 0.9945303331237575 17
1717233572069 0.9944287342940225 18
1717233574625 0.9936028438549934 19
1717233577286 0.9941245787662278 20
1717233580029 0.993912383675364 21
1717233582679 0.9938511369418074 22
1717233585299 0.9939454687501134 23
1717233587971 0.993982321264362 24
1717233590570 0.9939030596225154 25
1717233593131 0.9940146851496029 26
1717233595740 0.9937789669098305 27
1717233598324 0.9938773006397126 28
1717233600940 0.9940865647764375 29
1717233603597 0.9941561647400938 30
1717233606235 0.9942477964516471 31
1717233608849 0.9941444769739357 32
1717233611390 0.9943071809296068 33
1717233614052 0.9943801103070288 34
1717233616694 0.9944045568663277 35
1717233619380 0.9942738093809514 36
1717233621933 0.994455221673987 37
1717233624537 0.9946527114088274 38
1717233627092 0.9947265517585935 39
1717233629714 0.9948490568248127 40
1717233632345 0.9948184584072495 41
1717233634958 0.9950234143327544 42
1717233637597 0.9948698992978041 43
1717233640358 0.995071646855208 44
1717233642974 0.9950879315792559 45
1717233645595 0.9948967594418268 46
1717233648186 0.9951223987276188 47
1717233650786 0.9950933926187309 48
1717233653389 0.9952474455777205 49
1717233655957 0.9949606156211533 50
1717233658562 0.9950471194960694 51
1717233661170 0.9952032922643433 52
1717233663785 0.995237741053258 53
1717233666455 0.995029684516846 54
1717233669013 0.9951659009282051 55
1717233671804 0.9950280643600297 56
1717233674493 0.9951753485024505 57
1717233677382 0.9954133902192752 58
1717233680025 0.9952466613215121 59
1717233682707 0.9951632382102865 60
1717233685295 0.9950566535824614 61
1717233687908 0.9952576132489941 62
1717233690457 0.9950532064014858 63
1717233693076 0.9952122800082343 64
1717233695630 0.9953629052863086 65
1717233698280 0.995189923484093 66
1717233700870 0.9950053800601024 67
1717233703525 0.995367281382143 68
1717233706060 0.9949969475412995 69
1717233708600 0.995342693552257 70
1717233711180 0.9953024243840879 71
1717233713789 0.9952343540259687 72
1717233716289 0.9950578097040284 73
1717233718873 0.9954890345700811 74
1717233721520 0.9949076759850044 75
1717233724144 0.9953829736737443 76
1717233726794 0.9949721575955245 77
1717233729289 0.9932899942052087 78
1717233732065 0.9954436813282309 79
1717233734694 0.9953244776162009 80
1717233737309 0.9954046530311252 81
1717233740049 0.9954032709451162 82
1717233742630 0.9953652628877914 83
1717233745278 0.9953123264438227 84
1717233747807 0.9952530532530816 85
1717233750399 0.9952993675977986 86
1717233753012 0.9950313530466723 87
1717233755665 0.9953277704476889 88
1717233758250 0.9951163623169225 89
1717233760847 0.9949255367284473 90
1717233763494 0.9947045412917259 91
1717233766103 0.9949199813862277 92
1717233768678 0.9952531250734934 93
1717233771347 0.9950806454681342 94
1717233773972 0.9949176668471987 95
1717233776492 0.9949233274127757 96
1717233779058 0.9951627549229289 97
1717233781606 0.9948022254400817 98
1717233784179 0.9951475261517585 99
