1709580319163 0.3212536871433258 1
1709580319427 0.3506787419319153 2
1709580319746 0.30856066942214966 3
1709580319993 0.34774255752563477 4
1709580320249 0.38973385095596313 5
1709580320497 0.354211688041687 6
1709580320748 0.39540231227874756 7
1709580321081 0.40914034843444824 8
1709580321369 0.4062499701976776 9
1709580321671 0.448924720287323 10
1709580321989 0.48894065618515015 11
1709580322280 0.4721485376358032 12
1709580322559 0.5194805264472961 13
1709580322836 0.5646359920501709 14
1709580323135 0.6218035221099854 15
1709580323398 0.5415676832199097 16
1709580323737 0.5846153497695923 17
1709580324108 0.5880795121192932 18
1709580324473 0.5448275804519653 19
1709580324751 0.6261980533599854 20
1709580325018 0.618229866027832 21
1709580325318 0.6527778506278992 22
1709580325598 0.6582677364349365 23
1709580325910 0.6338797807693481 24
1709580326243 0.6747720837593079 25
1709580326541 0.6005361676216125 26
1709580326875 0.6255778074264526 27
1709580327179 0.5556946396827698 28
1709580327452 0.6410256624221802 29
1709580327770 0.5893720388412476 30
1709580328129 0.7135505676269531 31
1709580328377 0.5999999642372131 32
1709580328743 0.6338639259338379 33
1709580329238 0.6334231495857239 34
1709580329514 0.6541470885276794 35
1709580329820 0.6171003580093384 36
1709580330090 0.7203947901725769 37
1709580330354 0.7015559077262878 38
1709580330605 0.7169230580329895 39
1709580330874 0.7120115756988525 40
1709580331131 0.7488000392913818 41
1709580331389 0.7318518161773682 42
1709580331653 0.7843136787414551 43
1709580331925 0.7275362014770508 44
1709580332170 0.7757773995399475 45
1709580332418 0.7507507801055908 46
1709580332682 0.7862969040870667 47
1709580333018 0.7808641791343689 48
1709580333297 0.7915993332862854 49
1709580333608 0.7629178762435913 50
1709580334000 0.7828947305679321 51
1709580334286 0.7485379576683044 52
1709580334566 0.758169949054718 53
1709580334853 0.7103064060211182 54
1709580335122 0.7672552466392517 55
1709580335492 0.7744806408882141 56
1709580335796 0.803889811038971 57
1709580336098 0.8199357390403748 58
1709580336417 0.8145800232887268 59
1709580336731 0.844517171382904 60
1709580337009 0.8566610813140869 61
1709580337342 0.7875185608863831 62
1709580337686 0.8184818625450134 63
1709580338114 0.7747163772583008 64
1709580338533 0.7243402004241943 65
1709580338859 0.7662721872329712 66
1709580339217 0.7821939587593079 67
1709580339611 0.7093333005905151 68
1709580339925 0.7965517044067383 69
1709580340213 0.7280219793319702 70
1709580340503 0.800000011920929 71
1709580340760 0.8108925819396973 72
1709580341050 0.8199357390403748 73
1709580341357 0.8489933013916016 74
1709580341644 0.800000011920929 75
1709580341910 0.8390244245529175 76
1709580342202 0.8335974812507629 77
1709580342463 0.8483871221542358 78
1709580342769 0.8543689250946045 79
1709580343141 0.85161292552948 80
1709580343426 0.8414239883422852 81
1709580343708 0.8548387885093689 82
1709580343971 0.8515497446060181 83
1709580344261 0.8314606547355652 84
1709580344567 0.8476191163063049 85
1709580344901 0.810318648815155 86
1709580345189 0.84654301404953 87
1709580345494 0.8079877495765686 88
1709580345873 0.8380634784698486 89
1709580346226 0.7713004350662231 90
1709580346541 0.7791798114776611 91
1709580346836 0.7399165630340576 92
1709580347273 0.8341880440711975 93
1709580347591 0.8017241358757019 94
1709580347979 0.8758865594863892 95
1709580348348 0.8372093439102173 96
1709580348666 0.8627451658248901 97
1709580348960 0.8603531718254089 98
1709580349296 0.8547854423522949 99
1709580349634 0.8387096524238586 100
1709580349925 0.8223684430122375 101
1709580350230 0.8144795894622803 102
1709580350526 0.866779088973999 103
1709580350797 0.8389057517051697 104
1709580351086 0.9106829762458801 105
1709580351367 0.8688783645629883 106
1709580351642 0.9138839840888977 107
1709580351917 0.8751974701881409 108
1709580352279 0.8821549415588379 109
1709580352601 0.8509315848350525 110
1709580352926 0.875432550907135 111
1709580353274 0.799418568611145 112
1709580353651 0.8672565817832947 113
1709580354020 0.854938268661499 114
1709580354404 0.9084628820419312 115
1709580354824 0.8712241649627686 116
1709580355160 0.8907562494277954 117
1709580355495 0.8774193525314331 118
1709580355792 0.869706928730011 119
1709580356068 0.882736086845398 120
1709580356326 0.8851913213729858 121
1709580356592 0.8866995573043823 122
1709580356888 0.8870431780815125 123
1709580357220 0.9084858298301697 124
1709580357517 0.9133332967758179 125
1709580357814 0.9151413440704346 126
1709580358080 0.9389830231666565 127
1709580358372 0.9220564365386963 128
1709580358696 0.9548611640930176 129
1709580359023 0.9566724896430969 130
1709580359306 0.8910256624221802 131
1709580359669 0.9135801792144775 132
1709580359942 0.873816967010498 133
1709580360233 0.9147825837135315 134
1709580360532 0.8712871074676514 135
1709580360822 0.8670886158943176 136
1709580361115 0.8504201769828796 137
1709580361437 0.8174962401390076 138
1709580361756 0.8516579270362854 139
1709580362046 0.7596439123153687 140
1709580362346 0.7708978652954102 141
1709580362658 0.8098160028457642 142
1709580362959 0.8653199076652527 143
1709580363263 0.8188736438751221 144
1709580363692 0.8538206219673157 145
1709580364064 0.8611986637115479 146
1709580364379 0.8615385293960571 147
1709580364754 0.8514547944068909 148
1709580365078 0.900343656539917 149
1709580365372 0.8796148300170898 150
1709580365642 0.9060403108596802 151
1709580365964 0.8922558426856995 152
1709580366279 0.8698412179946899 153
1709580366572 0.8773748278617859 154
1709580366882 0.8349205851554871 155
1709580367200 0.864238440990448 156
1709580367485 0.8857142329216003 157
1709580367780 0.9087719321250916 158
1709580368118 0.8509985208511353 159
1709580368530 0.9109588861465454 160
1709580369002 0.8955223560333252 161
1709580369397 0.9084745645523071 162
1709580369771 0.923076868057251 163
1709580370050 0.9100000262260437 164
1709580370341 0.9173693656921387 165
1709580370621 0.8798701763153076 166
1709580370876 0.9241378903388977 167
1709580371136 0.9264214038848877 168
1709580371387 0.9482758641242981 169
1709580371645 0.9331104159355164 170
1709580371893 0.9646643400192261 171
1709580372153 0.9264214038848877 172
1709580372396 0.9393413662910461 173
1709580372633 0.9070146679878235 174
1709580372877 0.9663717150688171 175
1709580373122 0.9380234479904175 176
1709580373361 0.9548611640930176 177
1709580373603 0.9589040875434875 178
1709580373846 0.9554795026779175 179
1709580374094 0.9721254706382751 180
1709580374348 0.9655172228813171 181
1709580374681 0.9737303256988525 182
1709580375000 0.9132569432258606 183
1709580375299 0.9047619104385376 184
1709580375578 0.8699839115142822 185
1709580375903 0.8777968883514404 186
1709580376322 0.8363636136054993 187
1709580376674 0.912966251373291 188
1709580377033 0.7988253235816956 189
1709580377379 0.8359788060188293 190
1709580377706 0.8266253471374512 191
1709580378047 0.8939130306243896 192
1709580378431 0.8708133697509766 193
1709580378863 0.895622968673706 194
1709580379206 0.9163879752159119 195
1709580379528 0.9269949197769165 196
1709580379859 0.936967670917511 197
1709580380132 0.9437819719314575 198
1709580380411 0.9500861167907715 199
