1709580319163 2.5695221424102783 1
1709580319427 2.2425103187561035 2
1709580319746 1.9651801586151123 3
1709580319993 2.0029513835906982 4
1709580320249 1.7507530450820923 5
1709580320497 1.542549967765808 6
1709580320748 1.3995267152786255 7
1709580321081 1.37190842628479 8
1709580321369 1.3698830604553223 9
1709580321671 1.3767567873001099 10
1709580321989 1.2340259552001953 11
1709580322280 1.1943875551223755 12
1709580322559 1.1460223197937012 13
1709580322836 1.098658561706543 14
1709580323135 1.0370079278945923 15
1709580323398 1.019790530204773 16
1709580323737 1.0497496128082275 17
1709580324108 0.9324125647544861 18
1709580324473 0.9557823538780212 19
1709580324751 0.9113257527351379 20
1709580325018 0.8556090593338013 21
1709580325318 0.8241152763366699 22
1709580325598 0.8611615300178528 23
1709580325910 0.7948258519172668 24
1709580326243 0.7827396988868713 25
1709580326541 0.8722051978111267 26
1709580326875 1.0321838855743408 27
1709580327179 0.9930394291877747 28
1709580327452 1.0793144702911377 29
1709580327770 0.896202802658081 30
1709580328129 0.8649411201477051 31
1709580328377 0.8452211618423462 32
1709580328743 0.8414462208747864 33
1709580329238 0.8398375511169434 34
1709580329514 0.9001791477203369 35
1709580329820 0.8261874318122864 36
1709580330090 0.7029800415039062 37
1709580330354 0.6585502028465271 38
1709580330605 0.6858943700790405 39
1709580330874 0.612540602684021 40
1709580331131 0.6184555888175964 41
1709580331389 0.5869833827018738 42
1709580331653 0.5621820688247681 43
1709580331925 0.5701388716697693 44
1709580332170 0.5836767554283142 45
1709580332418 0.5440146327018738 46
1709580332682 0.5454683899879456 47
1709580333018 0.5219889283180237 48
1709580333297 0.5322392582893372 49
1709580333608 0.5244530439376831 50
1709580334000 0.5686734914779663 51
1709580334286 0.5495267510414124 52
1709580334566 0.6481295824050903 53
1709580334853 0.5554425716400146 54
1709580335122 0.5344690680503845 55
1709580335492 0.5021634101867676 56
1709580335796 0.48442041873931885 57
1709580336098 0.44079092144966125 58
1709580336417 0.4137502908706665 59
1709580336731 0.3943106234073639 60
1709580337009 0.4063517153263092 61
1709580337342 0.4195863604545593 62
1709580337686 0.4650857448577881 63
1709580338114 0.5361944437026978 64
1709580338533 0.5821592211723328 65
1709580338859 0.49970847368240356 66
1709580339217 0.5325172543525696 67
1709580339611 0.5336121320724487 68
1709580339925 0.5581892132759094 69
1709580340213 0.5635853409767151 70
1709580340503 0.6139505505561829 71
1709580340760 0.40349337458610535 72
1709580341050 0.4040367305278778 73
1709580341357 0.42135241627693176 74
1709580341644 0.4170973598957062 75
1709580341910 0.4197941720485687 76
1709580342202 0.3659060299396515 77
1709580342463 0.3412677049636841 78
1709580342769 0.3363627791404724 79
1709580343141 0.33318355679512024 80
1709580343426 0.3309744894504547 81
1709580343708 0.31124889850616455 82
1709580343971 0.3374091386795044 83
1709580344261 0.37441739439964294 84
1709580344567 0.36997103691101074 85
1709580344901 0.42589831352233887 86
1709580345189 0.3731641173362732 87
1709580345494 0.3757797181606293 88
1709580345873 0.4285564422607422 89
1709580346226 0.49974730610847473 90
1709580346541 0.513700544834137 91
1709580346836 0.5301544070243835 92
1709580347273 0.46033263206481934 93
1709580347591 0.3553615212440491 94
1709580347979 0.3604476749897003 95
1709580348348 0.33447548747062683 96
1709580348666 0.32617077231407166 97
1709580348960 0.31783169507980347 98
1709580349296 0.32514506578445435 99
1709580349634 0.36142483353614807 100
1709580349925 0.37737929821014404 101
1709580350230 0.3707753121852875 102
1709580350526 0.3390195071697235 103
1709580350797 0.3058784008026123 104
1709580351086 0.27654561400413513 105
1709580351367 0.25126707553863525 106
1709580351642 0.26440173387527466 107
1709580351917 0.2867547273635864 108
1709580352279 0.26903125643730164 109
1709580352601 0.29181936383247375 110
1709580352926 0.3429722785949707 111
1709580353274 0.38928452134132385 112
1709580353651 0.3742620348930359 113
1709580354020 0.26902103424072266 114
1709580354404 0.23301878571510315 115
1709580354824 0.2433672696352005 116
1709580355160 0.24869127571582794 117
1709580355495 0.24827642738819122 118
1709580355792 0.25844818353652954 119
1709580356068 0.2599424123764038 120
1709580356326 0.27448511123657227 121
1709580356592 0.2571643590927124 122
1709580356888 0.24661479890346527 123
1709580357220 0.2142871767282486 124
1709580357517 0.20152786374092102 125
1709580357814 0.18421727418899536 126
1709580358080 0.15882307291030884 127
1709580358372 0.1476977914571762 128
1709580358696 0.14165502786636353 129
1709580359023 0.14151635766029358 130
1709580359306 0.1836976706981659 131
1709580359669 0.2454608529806137 132
1709580359942 0.2251082807779312 133
1709580360233 0.21329547464847565 134
1709580360532 0.29349035024642944 135
1709580360822 0.2604219317436218 136
1709580361115 0.3662355840206146 137
1709580361437 0.3488575518131256 138
1709580361756 0.4119795560836792 139
1709580362046 0.5843598246574402 140
1709580362346 0.5337467789649963 141
1709580362658 0.37875768542289734 142
1709580362959 0.32756271958351135 143
1709580363263 0.3669496476650238 144
1709580363692 0.3370364010334015 145
1709580364064 0.28304657340049744 146
1709580364379 0.34075215458869934 147
1709580364754 0.27947548031806946 148
1709580365078 0.2315274327993393 149
1709580365372 0.23923954367637634 150
1709580365642 0.2242770493030548 151
1709580365964 0.2315921038389206 152
1709580366279 0.24374131858348846 153
1709580366572 0.31664755940437317 154
1709580366882 0.36909177899360657 155
1709580367200 0.32170823216438293 156
1709580367485 0.22346745431423187 157
1709580367780 0.25855210423469543 158
1709580368118 0.2779015004634857 159
1709580368530 0.21053515374660492 160
1709580369002 0.2281259000301361 161
1709580369397 0.21612730622291565 162
1709580369771 0.1669556051492691 163
1709580370050 0.18831093609333038 164
1709580370341 0.2023904025554657 165
1709580370621 0.22843334078788757 166
1709580370876 0.1900710165500641 167
1709580371136 0.15358462929725647 168
1709580371387 0.13761956989765167 169
1709580371645 0.12604160606861115 170
1709580371893 0.12648187577724457 171
1709580372153 0.14253966510295868 172
1709580372396 0.1445644199848175 173
1709580372633 0.178948774933815 174
1709580372877 0.1301804482936859 175
1709580373122 0.12730778753757477 176
1709580373361 0.1109849363565445 177
1709580373603 0.0978674441576004 178
1709580373846 0.09515464305877686 179
1709580374094 0.09264907240867615 180
1709580374348 0.08773086965084076 181
1709580374681 0.09041330963373184 182
1709580375000 0.1565554141998291 183
1709580375299 0.2254040688276291 184
1709580375578 0.24451647698879242 185
1709580375903 0.30196186900138855 186
1709580376322 0.29844823479652405 187
1709580376674 0.24801422655582428 188
1709580377033 0.4114617109298706 189
1709580377379 0.6736012697219849 190
1709580377706 0.39142727851867676 191
1709580378047 0.3110417127609253 192
1709580378431 0.24859683215618134 193
1709580378863 0.26022711396217346 194
1709580379206 0.1830379068851471 195
1709580379528 0.16698765754699707 196
1709580379859 0.1351240575313568 197
1709580380132 0.13147445023059845 198
1709580380411 0.12456207722425461 199
