1717087202179 89462.0 1
1717087203294 89462.0 2
1717087204427 89462.0 3
1717087205565 89462.0 4
1717087206757 89462.0 5
1717087207895 89462.0 6
1717087209026 89462.0 7
1717087210170 89462.0 8
1717087211315 89462.0 9
1717087212438 89462.0 10
1717087213586 89462.0 11
1717087214728 89462.0 12
1717087215879 89462.0 13
1717087217016 89462.0 14
1717087218147 89462.0 15
1717087219299 89462.0 16
1717087220443 89462.0 17
1717087221600 89462.0 18
1717087222759 89462.0 19
1717087223903 89462.0 20
1717087225082 89462.0 21
1717087226481 89462.0 22
1717087227787 89462.0 23
1717087228916 89462.0 24
1717087230070 89462.0 25
1717087231191 89462.0 26
1717087232320 89462.0 27
1717087233458 89462.0 28
1717087234609 89462.0 29
1717087235768 89462.0 30
1717087236936 89462.0 31
1717087238085 89462.0 32
1717087239240 89462.0 33
1717087240614 89462.0 34
1717087241935 89462.0 35
1717087243178 89462.0 36
1717087244325 89462.0 37
1717087245487 89462.0 38
1717087246635 89462.0 39
1717087247790 89462.0 40
1717087248958 89462.0 41
1717087250107 89462.0 42
1717087251235 89462.0 43
1717087252368 89462.0 44
1717087253521 89462.0 45
1717087254670 89462.0 46
1717087255835 89462.0 47
1717087256999 89462.0 48
1717087258131 89462.0 49
1717087259299 89462.0 50
1717087260672 89462.0 51
1717087261875 89462.0 52
1717087263054 89462.0 53
1717087264226 89462.0 54
1717087265380 89462.0 55
1717087266547 89462.0 56
1717087267694 89462.0 57
1717087268846 89462.0 58
1717087269991 89462.0 59
1717087271114 89462.0 60
1717087272301 89462.0 61
1717087273451 89462.0 62
1717087274604 89462.0 63
1717087275714 89462.0 64
1717087276848 89462.0 65
1717087278012 89462.0 66
1717087279157 89462.0 67
1717087280301 89462.0 68
1717087281451 89462.0 69
1717087282584 89462.0 70
1717087283721 89462.0 71
1717087284864 89462.0 72
1717087286045 89462.0 73
1717087287255 89462.0 74
1717087288412 89462.0 75
1717087289565 89462.0 76
1717087290731 89462.0 77
1717087291886 89462.0 78
1717087293044 89462.0 79
1717087294184 89462.0 80
1717087295333 89462.0 81
1717087296467 89462.0 82
1717087297631 89462.0 83
1717087298798 89462.0 84
1717087299945 89462.0 85
1717087301094 89462.0 86
1717087302236 89462.0 87
1717087303377 89462.0 88
1717087304524 89462.0 89
1717087305668 89462.0 90
1717087306806 89462.0 91
1717087307967 89462.0 92
1717087309113 89462.0 93
1717087310239 89462.0 94
1717087311394 89462.0 95
1717087312553 89462.0 96
1717087313766 89462.0 97
1717087314912 89462.0 98
1717087316083 89462.0 99
