1717087202179 0.9075737425731691 1
1717087203294 0.9801822572140345 2
1717087204427 0.9781507408536076 3
1717087205565 0.9771271009024144 4
1717087206757 0.9751331763901144 5
1717087207895 0.974101008925135 6
1717087209026 0.9748655375483082 7
1717087210170 0.9741885773561546 8
1717087211315 0.9731981287172586 9
1717087212438 0.973661700133924 10
1717087213586 0.9743905997798844 11
1717087214728 0.9748942535115893 12
1717087215879 0.9732844793614297 13
1717087217016 0.9744011451049734 14
1717087218147 0.9740203214102482 15
1717087219299 0.9733975086359999 16
1717087220443 0.9735803152745154 17
1717087221600 0.9735755940656609 18
1717087222759 0.9721240565665322 19
1717087223903 0.9740155989343521 20
1717087225082 0.9739236804765005 21
1717087226481 0.9727227774322008 22
1717087227787 0.9722927535023065 23
1717087228916 0.9725081781237397 24
1717087230070 0.9724663134408306 25
1717087231191 0.9720321814800611 26
1717087232320 0.9718107020921549 27
1717087233458 0.9726465258657858 28
1717087234609 0.9712046562171898 29
1717087235768 0.9722789731550738 30
1717087236936 0.9710004753725426 31
1717087238085 0.9724493543492425 32
1717087239240 0.970731599092218 33
1717087240614 0.970283501966988 34
1717087241935 0.9698888036870239 35
1717087243178 0.9713452381619582 36
1717087244325 0.9708206108396268 37
1717087245487 0.9706325589771547 38
1717087246635 0.9702360345817694 39
1717087247790 0.9713471644581126 40
1717087248958 0.9709538014205101 41
1717087250107 0.9701287696862053 42
1717087251235 0.9711356085235648 43
1717087252368 0.9711340889162403 44
1717087253521 0.9705491021118215 45
1717087254670 0.9708600373541436 46
1717087255835 0.9710680879384371 47
1717087256999 0.9710740666739909 48
1717087258131 0.970920510889155 49
1717087259299 0.9705623141017065 50
1717087260672 0.9709632315833109 51
1717087261875 0.9698340632504969 52
1717087263054 0.9717399341824692 53
1717087264226 0.971246139259911 54
1717087265380 0.9715795451738775 55
1717087266547 0.9705330174820015 56
1717087267694 0.9701008573372748 57
1717087268846 0.9708057771027842 58
1717087269991 0.9711867592637973 59
1717087271114 0.9713120167171002 60
1717087272301 0.9713195890321401 61
1717087273451 0.9716938238195666 62
1717087274604 0.9709229586821067 63
1717087275714 0.969690121478081 64
1717087276848 0.9703982854157042 65
1717087278012 0.9714918144984821 66
1717087279157 0.9708789580857643 67
1717087280301 0.9704953606823452 68
1717087281451 0.9715016355809544 69
1717087282584 0.9720913535352101 70
1717087283721 0.9708034637446743 71
1717087284864 0.9705174620175296 72
1717087286045 0.9709173228951248 73
1717087287255 0.9709825605089014 74
1717087288412 0.971236057874537 75
1717087289565 0.9716603709381199 76
1717087290731 0.9705320507853491 77
1717087291886 0.9717743593320769 78
1717087293044 0.969975975266713 79
1717087294184 0.9716068628543676 80
1717087295333 0.9718983360412312 81
1717087296467 0.9709413849118654 82
1717087297631 0.9713456544230604 83
1717087298798 0.9707225864445314 84
1717087299945 0.9708107250163017 85
1717087301094 0.9719441117835845 86
1717087302236 0.9708454288166578 87
1717087303377 0.9708268992831625 88
1717087304524 0.9699106949354664 89
1717087305668 0.9719598054287283 90
1717087306806 0.9701334204623353 91
1717087307967 0.971459752507612 92
1717087309113 0.9695853100825608 93
1717087310239 0.9716985600018211 94
1717087311394 0.9708728852172309 95
1717087312553 0.971738918963428 96
1717087313766 0.9713398984873609 97
1717087314912 0.9711792177627262 98
1717087316083 0.9699195710430186 99
