1717087202179 0.8538204161716177 1
1717087203294 0.882561314378012 2
1717087204427 0.8910697764915286 3
1717087205565 0.8954727820260245 4
1717087206757 0.8980422288677623 5
1717087207895 0.8990360345004166 6
1717087209026 0.9011135081416204 7
1717087210170 0.9019625500019006 8
1717087211315 0.9021869565078868 9
1717087212438 0.9038156645174844 10
1717087213586 0.9037598948002091 11
1717087214728 0.9040940785892634 12
1717087215879 0.9050237377662281 13
1717087217016 0.9058439535395171 14
1717087218147 0.9063156516759219 15
1717087219299 0.905802488515889 16
1717087220443 0.9072247806550008 17
1717087221600 0.9076940453135408 18
1717087222759 0.9069824258090875 19
1717087223903 0.9085526811084984 20
1717087225082 0.9079048169817888 21
1717087226481 0.9093535041965708 22
1717087227787 0.9100597593255225 23
1717087228916 0.9093340827920796 24
1717087230070 0.9099516337895813 25
1717087231191 0.9100313752215474 26
1717087232320 0.9104991938927126 27
1717087233458 0.9092616279424206 28
1717087234609 0.909641795596668 29
1717087235768 0.9120802093250603 30
1717087236936 0.9108998531009272 31
1717087238085 0.9107594204860985 32
1717087239240 0.9124510130749194 33
1717087240614 0.912494314127402 34
1717087241935 0.9127486339145513 35
1717087243178 0.9120658124293769 36
1717087244325 0.9141375933598934 37
1717087245487 0.913631654169765 38
1717087246635 0.913720846412141 39
1717087247790 0.9143495308913749 40
1717087248958 0.914343291422251 41
1717087250107 0.9149226063609175 42
1717087251235 0.9134853990323555 43
1717087252368 0.9152339801170318 44
1717087253521 0.9135554036398141 45
1717087254670 0.9154922803132417 46
1717087255835 0.9157094934498972 47
1717087256999 0.9134874555227593 48
1717087258131 0.9155249992557447 49
1717087259299 0.9160412130611836 50
1717087260672 0.9156434223404107 51
1717087261875 0.9161213610070023 52
1717087263054 0.916023542195753 53
1717087264226 0.9169128647615413 54
1717087265380 0.9159468138020367 55
1717087266547 0.9167559358202382 56
1717087267694 0.9175220308198291 57
1717087268846 0.9170767352117198 58
1717087269991 0.9172061563668803 59
1717087271114 0.9175945687245731 60
1717087272301 0.9165729601897146 61
1717087273451 0.9172983808696719 62
1717087274604 0.9173284946732596 63
1717087275714 0.9174725029524701 64
1717087276848 0.9184546381539052 65
1717087278012 0.9172726685747521 66
1717087279157 0.9185403454088683 67
1717087280301 0.917980118079731 68
1717087281451 0.9186616703997096 69
1717087282584 0.9191350782193363 70
1717087283721 0.918428629022318 71
1717087284864 0.9188653223393104 72
1717087286045 0.9189422296080964 73
1717087287255 0.918617016740574 74
1717087288412 0.9182532278644191 75
1717087289565 0.918508315346413 76
1717087290731 0.9186030142337136 77
1717087291886 0.9200605316477396 78
1717087293044 0.9195128196096867 79
1717087294184 0.9195128247767314 80
1717087295333 0.920326352974538 81
1717087296467 0.9202522562569442 82
1717087297631 0.9202686854742164 83
1717087298798 0.91924252563078 84
1717087299945 0.9190056547118706 85
1717087301094 0.9203920480371209 86
1717087302236 0.9207778653876356 87
1717087303377 0.9207917676084862 88
1717087304524 0.9197536652293237 89
1717087305668 0.9197625473046237 90
1717087306806 0.9201496018599559 91
1717087307967 0.9205616601142463 92
1717087309113 0.9208595403768334 93
1717087310239 0.9202203797331151 94
1717087311394 0.9215674716537726 95
1717087312553 0.9206384592226214 96
1717087313766 0.9199922464776525 97
1717087314912 0.9211461024245852 98
1717087316083 0.9210308502360792 99
