1717339779940 0.9705733243675638 1
1717339781204 0.9872061534644165 2
1717339782470 0.9895405057505727 3
1717339783711 0.989799807785334 4
1717339784928 0.9898975290976656 5
1717339786165 0.9903360041707187 6
1717339787375 0.990460980584806 7
1717339788630 0.9909043168953898 8
1717339789881 0.9913259338542156 9
1717339791109 0.9911539395203538 10
1717339792346 0.9919655648080583 11
1717339793603 0.9922428828534262 12
1717339794814 0.9923655412141108 13
1717339796065 0.9922577960279254 14
1717339797317 0.9925342886460575 15
1717339798540 0.9927653689119663 16
1717339799736 0.9929207552617618 17
1717339800985 0.9929964451901507 18
1717339802232 0.9929812363846077 19
1717339803453 0.9932254241565428 20
1717339804675 0.9934022104976834 21
1717339805895 0.9934684809718288 22
1717339807177 0.9935661089562126 23
1717339808427 0.9937090552956717 24
1717339809682 0.9936121204871528 25
1717339810904 0.9938759057625084 26
1717339812147 0.9938529516090424 27
1717339813410 0.9940222503893472 28
1717339814651 0.9932593628956062 29
1717339815970 0.9941460342808868 30
1717339817230 0.9940270828147828 31
1717339818466 0.9940368854485373 32
1717339819719 0.9941310964760665 33
1717339820983 0.9941615818742527 34
1717339822204 0.9942713750969995 35
1717339823436 0.9941868569699097 36
1717339824695 0.9944645856155402 37
1717339825887 0.9945902299531189 38
1717339827100 0.9945685270120443 39
1717339828369 0.9945448754477136 40
1717339829581 0.9946171706682292 41
1717339830825 0.9947626200947609 42
1717339832061 0.9948101539891169 43
1717339833306 0.9946519347123494 44
1717339834532 0.9949945342395824 45
1717339835766 0.9947269564214094 46
1717339837020 0.9949142945189552 47
1717339838274 0.9949514306172449 48
1717339839488 0.9948497174571873 49
1717339840744 0.9949243818440666 50
1717339842011 0.9949400004141863 51
1717339843260 0.9950348720084321 52
1717339844521 0.9950321742567654 53
1717339845754 0.9949645110287144 54
1717339846991 0.9950119202183964 55
1717339848230 0.9949422944308682 56
1717339849472 0.9951505087131175 57
1717339850675 0.995055566868117 58
1717339851928 0.9951913249989928 59
1717339853161 0.99517082462023 60
1717339854437 0.9950521356739946 61
1717339855684 0.9949868481450235 62
1717339856957 0.9952582387569191 63
1717339858196 0.9950828260782483 64
1717339861729 0.995197128984419 65
1717339862761 0.9951936275240342 66
1717339863902 0.9952856203117135 67
1717339865025 0.9952388429297467 68
1717339866196 0.9952424211757159 69
1717339867406 0.995263503974927 70
1717339868673 0.9953750345415991 71
1717339869917 0.9953274099163558 72
1717339871134 0.9953319682867121 73
1717339872420 0.9951520607432637 74
1717339873696 0.9953053883252713 75
1717339874968 0.995503068840556 76
1717339876231 0.9954274569575172 77
1717339877544 0.9955664609803612 78
1717339878808 0.9954982901836248 79
1717339880144 0.9955234838460745 80
1717339881459 0.9955667297921715 81
1717339882698 0.9956277839623764 82
1717339883981 0.9954247162003917 83
1717339885268 0.9952240613538846 84
1717339886535 0.9956341737981133 85
1717339887801 0.9956104810093419 86
1717339889083 0.9955017735656744 87
1717339890350 0.9957094510471995 88
1717339891613 0.9954616146193758 89
1717339892914 0.9956981596011103 90
1717339894193 0.9955836738473333 91
1717339895459 0.9956853900328553 92
1717339896748 0.9956160885614802 93
1717339897980 0.9956642902871777 94
1717339899231 0.9956627242464106 95
1717339900512 0.9956013194855406 96
1717339901768 0.9955291641262917 97
1717339903029 0.9958171817382957 98
1717339904290 0.9957571486017023 99
