1717339779940 0.283850589502507 1
1717339781204 0.44726197539832285 2
1717339782470 0.5003979600560753 3
1717339783711 0.5309576158888917 4
1717339784928 0.5453066916070993 5
1717339786165 0.5630234882770042 6
1717339787375 0.5740275054517536 7
1717339788630 0.5787763280040477 8
1717339789881 0.5878187823336056 9
1717339791109 0.5838874969414715 10
1717339792346 0.5917404612080416 11
1717339793603 0.5979589417496806 12
1717339794814 0.5997653488128676 13
1717339796065 0.5957634277556235 14
1717339797317 0.603322011427804 15
1717339798540 0.6037983383657696 16
1717339799736 0.6074206699440767 17
1717339800985 0.6064356614839691 18
1717339802232 0.6095127614441891 19
1717339803453 0.6102891084692484 20
1717339804675 0.6135849778839683 21
1717339805895 0.6128607098266018 22
1717339807177 0.6146457082472334 23
1717339808427 0.6160906368569795 24
1717339809682 0.6182226609812724 25
1717339810904 0.6180242625075343 26
1717339812147 0.6197324969120827 27
1717339813410 0.6195209906035642 28
1717339814651 0.6146882969766136 29
1717339815970 0.6186804635690859 30
1717339817230 0.6233660385414611 31
1717339818466 0.6238081887252124 32
1717339819719 0.6258905754341201 33
1717339820983 0.6252933922777317 34
1717339822204 0.6266168438999226 35
1717339823436 0.6274618720241182 36
1717339824695 0.6285893364157099 37
1717339825887 0.630994013518416 38
1717339827100 0.6311985128461592 39
1717339828369 0.630638724613918 40
1717339829581 0.6328557258897282 41
1717339830825 0.6326396818116861 42
1717339832061 0.6346905355316803 43
1717339833306 0.6304102433919889 44
1717339834532 0.6358858073010107 45
1717339835766 0.6360637004953988 46
1717339837020 0.6369624121047557 47
1717339838274 0.636557529247474 48
1717339839488 0.6377810645377119 49
1717339840744 0.6371029596864611 50
1717339842011 0.6374898141159238 51
1717339843260 0.6388492186571284 52
1717339844521 0.6396076908143302 53
1717339845754 0.6399613628769185 54
1717339846991 0.6386891696142746 55
1717339848230 0.6396142471259451 56
1717339849472 0.6410405986833096 57
1717339850675 0.6410933274738679 58
1717339851928 0.643387342121538 59
1717339853161 0.64202811834251 60
1717339854437 0.6398119477070554 61
1717339855684 0.6437560430344422 62
1717339856957 0.6438030449514425 63
1717339858196 0.6416715117192399 64
1717339861729 0.643272792012527 65
1717339862761 0.6453153181693553 66
1717339863902 0.6443743136428568 67
1717339865025 0.6448740685644963 68
1717339866196 0.6460876795482959 69
1717339867406 0.6465697587031273 70
1717339868673 0.6467291424382371 71
1717339869917 0.6466861382257801 72
1717339871134 0.64669116684292 73
1717339872420 0.6462205799799084 74
1717339873696 0.6471351607915754 75
1717339874968 0.6484792590058903 76
1717339876231 0.647769058430879 77
1717339877544 0.64924721959644 78
1717339878808 0.6488452477578316 79
1717339880144 0.6496174368208918 80
1717339881459 0.650496191719631 81
1717339882698 0.6500204031541232 82
1717339883981 0.6490483149004519 83
1717339885268 0.6466062708132179 84
1717339886535 0.6517667923680394 85
1717339887801 0.651303870889794 86
1717339889083 0.6504170550282109 87
1717339890350 0.6523074177577723 88
1717339891613 0.6501076375645101 89
1717339892914 0.6534597677667306 90
1717339894193 0.651550542252285 91
1717339895459 0.6530000420635276 92
1717339896748 0.653285940697831 93
1717339897980 0.6518138832504825 94
1717339899231 0.6507582411916217 95
1717339900512 0.6541280823827991 96
1717339901768 0.6524248365393083 97
1717339903029 0.6547929944019332 98
1717339904290 0.653817165687461 99
