1717339779940 128727.0 1
1717339781204 77664.0 2
1717339782470 68273.0 3
1717339783711 62775.0 4
1717339784928 60477.0 5
1717339786165 58002.0 6
1717339787375 56509.0 7
1717339788630 56198.0 8
1717339789881 55272.0 9
1717339791109 55638.0 10
1717339792346 55364.0 11
1717339793603 54613.0 12
1717339794814 54407.0 13
1717339796065 55040.0 14
1717339797317 54166.0 15
1717339798540 54290.0 16
1717339799736 53909.0 17
1717339800985 54210.0 18
1717339802232 53718.0 19
1717339803453 53833.0 20
1717339804675 53526.0 21
1717339805895 53699.0 22
1717339807177 53564.0 23
1717339808427 53447.0 24
1717339809682 53099.0 25
1717339810904 53370.0 26
1717339812147 53135.0 27
1717339813410 53292.0 28
1717339814651 53312.0 29
1717339815970 53527.0 30
1717339817230 52817.0 31
1717339818466 52701.0 32
1717339819719 52524.0 33
1717339820983 52632.0 34
1717339822204 52559.0 35
1717339823436 52392.0 36
1717339824695 52450.0 37
1717339825887 52249.0 38
1717339827100 52198.0 39
1717339828369 52297.0 40
1717339829581 52009.0 41
1717339830825 52192.0 42
1717339832061 52004.0 43
1717339833306 52415.0 44
1717339834532 51965.0 45
1717339835766 51729.0 46
1717339837020 51765.0 47
1717339838274 51844.0 48
1717339839488 51629.0 49
1717339840744 51795.0 50
1717339842011 51729.0 51
1717339843260 51608.0 52
1717339844521 51534.0 53
1717339845754 51393.0 54
1717339846991 51615.0 55
1717339848230 51372.0 56
1717339849472 51441.0 57
1717339850675 51360.0 58
1717339851928 51174.0 59
1717339853161 51312.0 60
1717339854437 51479.0 61
1717339855684 50975.0 62
1717339856957 51169.0 63
1717339858196 51360.0 64
1717339861729 51173.0 65
1717339862761 50959.0 66
1717339863902 51146.0 67
1717339865025 51052.0 68
1717339866196 50840.0 69
1717339867406 50844.0 70
1717339868673 50901.0 71
1717339869917 50890.0 72
1717339871134 50907.0 73
1717339872420 50874.0 74
1717339873696 50798.0 75
1717339874968 50786.0 76
1717339876231 50794.0 77
1717339877544 50725.0 78
1717339878808 50718.0 79
1717339880144 50681.0 80
1717339881459 50584.0 81
1717339882698 50677.0 82
1717339883981 50621.0 83
1717339885268 50852.0 84
1717339886535 50448.0 85
1717339887801 50417.0 86
1717339889083 50501.0 87
1717339890350 50402.0 88
1717339891613 50454.0 89
1717339892914 50263.0 90
1717339894193 50399.0 91
1717339895459 50314.0 92
1717339896748 50200.0 93
1717339897980 50479.0 94
1717339899231 50557.0 95
1717339900512 50083.0 96
1717339901768 50193.0 97
1717339903029 50168.0 98
1717339904290 50248.0 99
