1717568948714 1.7267118692398071 1
1717568954111 1.5098586082458496 2
1717568959708 1.4372204542160034 3
1717568965295 1.401203989982605 4
1717568971269 1.3935716152191162 5
1717568976820 1.3886961936950684 6
1717568982360 1.3800060749053955 7
1717568987801 1.3848296403884888 8
1717568993378 1.3597264289855957 9
1717568998824 1.3464502096176147 10
1717569004433 1.3314645290374756 11
1717569010045 1.32406485080719 12
1717569015505 1.3072031736373901 13
1717569021042 1.2937684059143066 14
1717569026598 1.28933846950531 15
1717569032130 1.282186508178711 16
1717569037747 1.2790731191635132 17
1717569043237 1.271898865699768 18
1717569048829 1.2712345123291016 19
1717569054374 1.267831563949585 20
1717569059833 1.2613871097564697 21
1717569065367 1.2166708707809448 22
1717569071005 1.1855343580245972 23
1717569076594 1.1587151288986206 24
1717569082109 1.1556122303009033 25
1717569088050 1.1383564472198486 26
1717569093683 1.116303563117981 27
1717569099296 1.1037788391113281 28
1717569105065 1.0829200744628906 29
1717569110800 1.0845508575439453 30
1717569116471 1.0725517272949219 31
1717569122099 1.052473783493042 32
1717569127724 1.0246104001998901 33
1717569133481 1.0267659425735474 34
1717569139067 1.0388519763946533 35
1717569144790 1.0454931259155273 36
1717569150509 1.0160514116287231 37
1717569156249 0.9947738647460938 38
1717569161922 0.9770811796188354 39
1717569167547 0.9596978425979614 40
1717569173289 0.9263405203819275 41
1717569179122 0.9021626710891724 42
1717569184816 0.8755967020988464 43
1717569190497 0.8544232845306396 44
1717569196157 0.8339670896530151 45
1717569201881 0.8147614002227783 46
1717569207602 0.7884485721588135 47
1717569213379 0.7725614905357361 48
1717569219042 0.7591099143028259 49
1717569224888 0.7458244562149048 50
1717569230756 0.7331311106681824 51
1717569236584 0.7291430234909058 52
1717569242606 0.7087014317512512 53
1717569248372 0.6959593296051025 54
1717569254133 0.6812623739242554 55
1717569259818 0.6603671312332153 56
1717569265447 0.665519118309021 57
1717569271207 0.6501460671424866 58
1717569276906 0.627324640750885 59
1717569282681 0.5970755815505981 60
1717569288763 0.5752143859863281 61
1717569294648 0.5632864236831665 62
1717569300555 0.5510801672935486 63
1717569306325 0.5474852919578552 64
1717569312069 0.5350497961044312 65
1717569317843 0.5259982347488403 66
1717569323506 0.5267032980918884 67
1717569329302 0.5203990340232849 68
1717569335031 0.4938552975654602 69
1717569340798 0.48303186893463135 70
1717569346644 0.47998225688934326 71
1717569352386 0.47562867403030396 72
1717569358136 0.47489750385284424 73
1717569363833 0.4881165325641632 74
1717569369526 0.4844847321510315 75
1717569375275 0.4594953656196594 76
1717569381023 0.4475574195384979 77
1717569386723 0.4379289448261261 78
1717569392522 0.4328669309616089 79
1717569398363 0.42466989159584045 80
1717569404090 0.41172724962234497 81
1717569409896 0.4085577428340912 82
1717569415840 0.4069042205810547 83
1717569421619 0.40230098366737366 84
1717569427381 0.39862093329429626 85
1717569433176 0.39139440655708313 86
1717569438870 0.3853541612625122 87
1717569444586 0.3787485361099243 88
1717569450374 0.3758600652217865 89
1717569456189 0.37109580636024475 90
1717569461932 0.36644336581230164 91
1717569467843 0.37077221274375916 92
1717569474113 0.37147969007492065 93
1717569479920 0.3702884018421173 94
1717569486103 0.3671302795410156 95
1717569491923 0.36538931727409363 96
1717569497789 0.3627200424671173 97
1717569503607 0.35839682817459106 98
1717569509435 0.3651561141014099 99
