1709581213343 0.14468085765838623 1
1709581213853 0.16939890384674072 2
1709581214313 0.17061612010002136 3
1709581214704 0.20000000298023224 4
1709581215121 0.17391304671764374 5
1709581215540 0.17733989655971527 6
1709581215958 0.25925925374031067 7
1709581216370 0.5762711763381958 8
1709581216800 0.3302752375602722 9
1709581217214 0.4724409580230713 10
1709581217633 0.5614035129547119 11
1709581218018 0.6499999761581421 12
1709581218404 0.8169013857841492 13
1709581218806 0.7619048357009888 14
