1717195013112 0.21890570223331451 1
1717195014669 0.24047121405601501 2
1717195016077 0.2629207372665405 3
1717195017549 0.279220849275589 4
1717195019115 0.28009456396102905 5
1717195020601 0.28392788767814636 6
1717195022129 0.29023683071136475 7
1717195023687 0.2981821596622467 8
1717195025220 0.30753573775291443 9
1717195026630 0.31550440192222595 10
1717195028078 0.32090359926223755 11
1717195029626 0.3252585530281067 12
1717195031112 0.3295404314994812 13
1717195032534 0.33385878801345825 14
1717195034086 0.33771711587905884 15
1717195035515 0.3412383496761322 16
1717195037036 0.34480714797973633 17
1717195038566 0.34855157136917114 18
1717195040051 0.35227668285369873 19
1717195041614 0.35650137066841125 20
1717195043140 0.35983365774154663 21
1717195044651 0.36360713839530945 22
1717195046240 0.36661016941070557 23
1717195047677 0.3694664239883423 24
1717195049139 0.372462660074234 25
1717195050655 0.37489593029022217 26
1717195052188 0.37761545181274414 27
1717195053713 0.3797825872898102 28
1717195055264 0.3823893964290619 29
1717195056738 0.38463282585144043 30
1717195058169 0.3873688578605652 31
1717195059683 0.3894183933734894 32
1717195061133 0.39107760787010193 33
1717195062642 0.3925204873085022 34
1717195064158 0.3937801420688629 35
1717195065656 0.3951205015182495 36
1717195067222 0.3962898850440979 37
1717195068742 0.39735016226768494 38
1717195070202 0.39828062057495117 39
1717195071729 0.3990435004234314 40
1717195073147 0.3996849060058594 41
1717195074626 0.40018269419670105 42
1717195076204 0.4006709158420563 43
1717195077743 0.40118151903152466 44
1717195079251 0.4015441834926605 45
1717195080814 0.40185093879699707 46
1717195082289 0.40216439962387085 47
1717195083759 0.4023970067501068 48
1717195085295 0.40260592103004456 49
1717195086868 0.40287351608276367 50
1717195088385 0.40307343006134033 51
1717195089836 0.4032239019870758 52
1717195091324 0.403443306684494 53
1717195092766 0.4035254418849945 54
1717195094304 0.40370064973831177 55
1717195095842 0.40376603603363037 56
1717195097363 0.4038694500923157 57
1717195098831 0.4039004445075989 58
1717195100358 0.4039052426815033 59
1717195101860 0.4039624035358429 60
1717195103376 0.40398648381233215 61
1717195104854 0.40391016006469727 62
1717195106339 0.4039907455444336 63
1717195107780 0.40404579043388367 64
1717195109241 0.40408647060394287 65
1717195110724 0.40417951345443726 66
1717195112226 0.4042225480079651 67
1717195113703 0.4043012857437134 68
1717195115131 0.40430331230163574 69
1717195116619 0.4043472707271576 70
1717195118088 0.404390424489975 71
1717195119627 0.4044518768787384 72
1717195121202 0.4045005142688751 73
1717195122694 0.4044528603553772 74
1717195124163 0.4044647216796875 75
1717195125683 0.40456998348236084 76
1717195127110 0.4047431945800781 77
1717195128660 0.40475642681121826 78
1717195130226 0.40476733446121216 79
1717195131704 0.40480974316596985 80
1717195133253 0.40486013889312744 81
1717195134850 0.40488800406455994 82
1717195136412 0.40493935346603394 83
1717195137871 0.40492939949035645 84
1717195139375 0.4049774408340454 85
1717195140839 0.40504440665245056 86
1717195142308 0.4050799310207367 87
1717195143716 0.4051215648651123 88
1717195145186 0.40514543652534485 89
1717195146649 0.4052030146121979 90
1717195148112 0.40526145696640015 91
1717195149614 0.4053023159503937 92
1717195151222 0.40540820360183716 93
1717195152746 0.40545853972435 94
1717195154208 0.40558958053588867 95
1717195155760 0.4056677222251892 96
1717195157266 0.40578046441078186 97
1717195158782 0.4058757722377777 98
1717195160208 0.4059865176677704 99
