1717195013112 238639.0 1
1717195014669 251100.0 2
1717195016077 246238.0 3
1717195017549 246853.0 4
1717195019115 242439.0 5
1717195020601 236706.0 6
1717195022129 235525.0 7
1717195023687 236855.0 8
1717195025220 238664.0 9
1717195026630 240861.0 10
1717195028078 242720.0 11
1717195029626 244236.0 12
1717195031112 245691.0 13
1717195032534 246955.0 14
1717195034086 247717.0 15
1717195035515 248478.0 16
1717195037036 249365.0 17
1717195038566 250235.0 18
1717195040051 251230.0 19
1717195041614 252281.0 20
1717195043140 253135.0 21
1717195044651 254153.0 22
1717195046240 255023.0 23
1717195047677 255855.0 24
1717195049139 256673.0 25
1717195050655 257356.0 26
1717195052188 258112.0 27
1717195053713 258761.0 28
1717195055264 259436.0 29
1717195056738 260053.0 30
1717195058169 260806.0 31
1717195059683 261306.0 32
1717195061133 261693.0 33
1717195062642 262088.0 34
1717195064158 262430.0 35
1717195065656 262760.0 36
1717195067222 263082.0 37
1717195068742 263331.0 38
1717195070202 263543.0 39
1717195071729 263725.0 40
1717195073147 263860.0 41
1717195074626 263976.0 42
1717195076204 264040.0 43
1717195077743 264137.0 44
1717195079251 264190.0 45
1717195080814 264244.0 46
1717195082289 264307.0 47
1717195083759 264341.0 48
1717195085295 264355.0 49
1717195086868 264391.0 50
1717195088385 264407.0 51
1717195089836 264399.0 52
1717195091324 264415.0 53
1717195092766 264411.0 54
1717195094304 264422.0 55
1717195095842 264421.0 56
1717195097363 264427.0 57
1717195098831 264420.0 58
1717195100358 264411.0 59
1717195101860 264405.0 60
1717195103376 264391.0 61
1717195104854 264369.0 62
1717195106339 264356.0 63
1717195107780 264351.0 64
1717195109241 264336.0 65
1717195110724 264325.0 66
1717195112226 264314.0 67
1717195113703 264300.0 68
1717195115131 264300.0 69
1717195116619 264276.0 70
1717195118088 264267.0 71
1717195119627 264264.0 72
1717195121202 264258.0 73
1717195122694 264245.0 74
1717195124163 264248.0 75
1717195125683 264271.0 76
1717195127110 264307.0 77
1717195128660 264310.0 78
1717195130226 264335.0 79
1717195131704 264336.0 80
1717195133253 264350.0 81
1717195134850 264336.0 82
1717195136412 264335.0 83
1717195137871 264332.0 84
1717195139375 264343.0 85
1717195140839 264357.0 86
1717195142308 264361.0 87
1717195143716 264367.0 88
1717195145186 264368.0 89
1717195146649 264384.0 90
1717195148112 264404.0 91
1717195149614 264419.0 92
1717195151222 264437.0 93
1717195152746 264451.0 94
1717195154208 264473.0 95
1717195155760 264479.0 96
1717195157266 264509.0 97
1717195158782 264534.0 98
1717195160208 264558.0 99
