1717195013112 0.782336624464425 1
1717195014669 0.8364328860195439 2
1717195016077 0.8344875925686023 3
1717195017549 0.8382628303345445 4
1717195019115 0.8305876084681459 5
1717195020601 0.8223331952898784 6
1717195022129 0.8223618631487339 7
1717195023687 0.826958014239642 8
1717195025220 0.8323169367294112 9
1717195026630 0.8378383048374829 10
1717195028078 0.8420498075367814 11
1717195029626 0.8454101375449915 12
1717195031112 0.8485446023380614 13
1717195032534 0.8513474081362556 14
1717195034086 0.8533054100871799 15
1717195035515 0.8551713953817407 16
1717195037036 0.857228678336321 17
1717195038566 0.8592677102215752 18
1717195040051 0.8614470097767911 19
1717195041614 0.8637597528384762 20
1717195043140 0.8656225461748642 21
1717195044651 0.8678061878259081 22
1717195046240 0.8696108249160835 23
1717195047677 0.8712948434096298 24
1717195049139 0.8729805578127857 25
1717195050655 0.8743734822052937 26
1717195052188 0.8759085472845141 27
1717195053713 0.8771918846607376 28
1717195055264 0.8785793622510164 29
1717195056738 0.879815303507225 30
1717195058169 0.8813200369856596 31
1717195059683 0.8823588440475741 32
1717195061133 0.8831608873209562 33
1717195062642 0.8839348246129909 34
1717195064158 0.8846126967214137 35
1717195065656 0.8852702808136317 36
1717195067222 0.8858842018158217 37
1717195068742 0.8864004841933335 38
1717195070202 0.8868400287233966 39
1717195071729 0.887198129298713 40
1717195073147 0.8874795792715329 41
1717195074626 0.8877189098920428 42
1717195076204 0.8878906528053329 43
1717195077743 0.8881076434442423 44
1717195079251 0.8882383204489497 45
1717195080814 0.8883602550784626 46
1717195082289 0.8884964549508294 47
1717195083759 0.8885801267155244 48
1717195085295 0.888634175056675 49
1717195086868 0.8887277172506687 50
1717195088385 0.8887823214116235 51
1717195089836 0.8887940032048726 52
1717195091324 0.8888547853823854 53
1717195092766 0.8888665995644105 54
1717195094304 0.8889090995179387 55
1717195095842 0.8889227011368822 56
1717195097363 0.8889484814605818 57
1717195098831 0.888941762720121 58
1717195100358 0.8889315544455211 59
1717195101860 0.8889341857632278 60
1717195103376 0.8889215128419657 61
1717195104854 0.8888821849999857 62
1717195106339 0.8888804339442778 63
1717195107780 0.8888832032974872 64
1717195109241 0.8888753393383492 65
1717195110724 0.8888783792979987 66
1717195112226 0.8888751144406958 67
1717195113703 0.8888726910235808 68
1717195115131 0.8888729595505386 69
1717195116619 0.8888545884950142 70
1717195118088 0.8888520190742877 71
1717195119627 0.8888582230903839 72
1717195121202 0.8888603850955544 73
1717195122694 0.8888355461552556 74
1717195124163 0.8888360818789962 75
1717195125683 0.8888810630416107 76
1717195127110 0.8889445055845747 77
1717195128660 0.8889481061980988 78
1717195130226 0.8889752302952492 79
1717195131704 0.8889864698132589 80
1717195133253 0.8890108225586072 81
1717195134850 0.888999907353948 82
1717195136412 0.8890075199097782 83
1717195137871 0.8890011264172376 84
1717195139375 0.8890225895575193 85
1717195140839 0.8890521137234615 86
1717195142308 0.8890635390479326 87
1717195143716 0.8890783008788175 88
1717195145186 0.8890844892976102 89
1717195146649 0.8891151117135258 90
1717195148112 0.8891486147808799 91
1717195149614 0.889172500458969 92
1717195151222 0.8892124693290315 93
1717195152746 0.8892389553492642 94
1717195154208 0.8892887034400129 95
1717195155760 0.8893093527302319 96
1717195157266 0.8893649008084915 97
1717195158782 0.8894120018749182 98
1717195160208 0.8894595034807079 99
