1717325684091 68.04008483886719 1
1717325685625 41.54026794433594 2
1717325687221 41.55525207519531 3
1717325688805 41.548851013183594 4
1717325690436 38.47560501098633 5
1717325692102 5.615609645843506 6
1717325693675 0.9861435890197754 7
1717325695289 0.8000175952911377 8
1717325696926 0.6806497573852539 9
1717325698631 0.6098583340644836 10
1717325700275 0.5800806283950806 11
1717325701912 0.5240883827209473 12
1717325703585 0.49035200476646423 13
1717325705263 0.508370041847229 14
1717325706917 0.4782829284667969 15
1717325708606 0.4670850932598114 16
1717325710291 0.45997992157936096 17
1717325711969 0.45969313383102417 18
1717325713666 0.4601052403450012 19
1717325715336 0.45371013879776 20
1717325716978 0.45251134037971497 21
1717325718634 0.45284101366996765 22
1717325720317 0.44549569487571716 23
1717325721991 0.44447848200798035 24
1717325723636 0.4438179135322571 25
1717325725279 0.4425797462463379 26
1717325726946 0.4413335621356964 27
1717325728668 0.4402763247489929 28
1717325730329 0.4389721155166626 29
1717325732034 0.4395342767238617 30
1717325733691 0.4396282434463501 31
1717325735417 0.44047221541404724 32
1717325737047 0.4399418830871582 33
1717325738623 0.44239532947540283 34
1717325740429 0.437029093503952 35
1717325742074 0.43400755524635315 36
1717325743732 0.43328553438186646 37
1717325745398 0.4307063817977905 38
1717325747161 0.42813435196876526 39
1717325748792 0.42733946442604065 40
1717325750491 0.42611026763916016 41
1717325752155 0.4259328544139862 42
1717325753826 0.42612218856811523 43
1717325755571 0.42477893829345703 44
1717325757208 0.42452800273895264 45
1717325758898 0.42511406540870667 46
1717325760559 0.4242207407951355 47
1717325762282 0.4261765778064728 48
1717325763963 0.4248720109462738 49
1717325765633 0.4234255850315094 50
1717325767359 0.42354249954223633 51
1717325769058 0.4220726788043976 52
1717325770771 0.4218902587890625 53
1717325772438 0.42268359661102295 54
1717325774125 0.4520263671875 55
1717325775834 0.46686163544654846 56
1717325777551 0.43707403540611267 57
1717325779242 0.43059468269348145 58
1717325780907 0.4243994951248169 59
1717325782554 0.42918211221694946 60
1717325784287 0.4234747886657715 61
1717325785944 0.4236021339893341 62
1717325787635 0.4216495752334595 63
1717325789305 0.4194549322128296 64
1717325791044 0.42009153962135315 65
1717325792728 0.4205329418182373 66
1717325794391 0.41548699140548706 67
1717325796054 0.4149499535560608 68
1717325797716 0.41379866003990173 69
1717325799425 0.41421613097190857 70
1717325801076 0.41478124260902405 71
1717325802754 0.41375434398651123 72
1717325804425 0.41297802329063416 73
1717325806113 0.41279909014701843 74
1717325807795 0.41278621554374695 75
1717325809474 0.4118773937225342 76
1717325811124 0.411714643239975 77
1717325812857 0.4131491482257843 78
1717325814560 0.41471752524375916 79
1717325816257 0.4148228168487549 80
1717325817962 0.41359472274780273 81
1717325819678 0.4131906032562256 82
1717325821354 0.4126814901828766 83
1717325823070 0.41273394227027893 84
1717325824769 0.4118763208389282 85
1717325826459 0.41168418526649475 86
1717325828208 0.47275859117507935 87
1717325829912 0.43320196866989136 88
1717325831578 0.430151104927063 89
1717325833298 0.4288560450077057 90
1717325834934 0.42500078678131104 91
1717325836719 0.4212217330932617 92
1717325838453 0.41954106092453003 93
1717325840185 0.4166509509086609 94
1717325841879 0.42812031507492065 95
1717325843650 0.42744871973991394 96
1717325845375 0.4234325885772705 97
1717325847094 0.4226202070713043 98
1717325848813 0.4211002588272095 99
