1717196741831 0.06851451318365714 1
1717196742998 0.0 2
1717196744130 0.0003859327200172224 3
1717196745259 0.028927530068546415 4
1717196746397 0.10751666605326897 5
1717196747535 0.16454010681102968 6
1717196748687 0.18973785516687797 7
1717196749840 0.2450238048430818 8
1717196751008 0.29872084483679073 9
1717196752081 0.29946830403536095 10
1717196753206 0.3299521476965455 11
1717196754355 0.3380007989285324 12
1717196755519 0.3434917605554904 13
1717196756634 0.34800070371893244 14
1717196757746 0.3576872083262262 15
1717196758879 0.37223170552824864 16
1717196760013 0.37361058608720105 17
1717196761140 0.3690144368450502 18
1717196762254 0.3886124594614448 19
1717196763390 0.3976889965663823 20
1717196764539 0.39862602611946496 21
1717196765743 0.3970010946277573 22
1717196766908 0.41183719618390924 23
1717196768023 0.4235847561566096 24
1717196769164 0.420888098729893 25
1717196770361 0.4002376862215852 26
1717196771498 0.42825775417774736 27
1717196772616 0.4376475272159352 28
1717196773742 0.43888724586350775 29
1717196774874 0.4419603298170546 30
1717196776009 0.4604914895960482 31
1717196777145 0.4339655264066681 32
1717196778250 0.4744240590558819 33
1717196779370 0.47445198932515903 34
1717196780530 0.47841009613730556 35
1717196781685 0.4709337205613277 36
1717196782864 0.4980767966214348 37
1717196784003 0.48164401887242114 38
1717196785118 0.5081700536144871 39
1717196786246 0.50813233553202 40
1717196787404 0.5227317787386031 41
1717196788544 0.519147089742025 42
1717196789623 0.5335856144271232 43
1717196790758 0.5458645111575212 44
1717196791888 0.5499149879845643 45
1717196793002 0.5469788437394029 46
1717196794078 0.5502530088758044 47
1717196795194 0.5588499244846358 48
1717196796378 0.5613222464282701 49
1717196797488 0.566141606347766 50
1717196798647 0.5684771338586072 51
1717196799772 0.5759073744467763 52
1717196800887 0.5845260906567828 53
1717196802003 0.5886103561575925 54
1717196803172 0.5944207566220068 55
1717196804334 0.5952190891476647 56
1717196805457 0.5982059699621933 57
1717196806600 0.599964853474025 58
1717196807772 0.6033372311370696 59
1717196808935 0.6053097636686224 60
1717196810066 0.6092249246890773 61
1717196811229 0.6192340921821378 62
1717196812388 0.6150786963091209 63
1717196813493 0.6192214631656358 64
1717196814653 0.62052661272042 65
1717196815798 0.6220477912924849 66
1717196816945 0.6157005853572487 67
1717196818094 0.6173573798178984 68
1717196819253 0.6151410049470472 69
1717196820401 0.6170954044952994 70
1717196821517 0.6194266429639026 71
1717196822633 0.5990707447657294 72
1717196823756 0.5910522344220992 73
1717196824879 0.6045212628328958 74
1717196826016 0.6264140494067719 75
1717196827230 0.6291085883624836 76
1717196828374 0.6250421289398863 77
1717196829506 0.6401054644003896 78
1717196830646 0.6228052095350799 79
1717196831777 0.623939200082701 80
1717196832883 0.6185004813108229 81
1717196834012 0.6395778384199197 82
1717196835171 0.6399256324201594 83
1717196836320 0.6410602836026185 84
1717196837457 0.6393811812262544 85
1717196838597 0.6346858849957016 86
1717196839730 0.6358665634130503 87
1717196840892 0.6334844670125532 88
1717196842062 0.6284398093882735 89
1717196843199 0.6477818522317085 90
1717196844344 0.6523786702377499 91
1717196845518 0.6488705263316076 92
1717196846652 0.6490754828007699 93
1717196847788 0.6479631237763754 94
1717196848918 0.6386800893717541 95
1717196850057 0.635255168547074 96
1717196851241 0.634806298309172 97
1717196852408 0.6580687008873543 98
1717196853536 0.6596827809444401 99
