1717196741831 23997.0 1
1717196742998 0.0 2
1717196744130 8.0 3
1717196745259 744.0 4
1717196746397 3212.0 5
1717196747535 5421.0 6
1717196748687 6225.0 7
1717196749840 7589.0 8
1717196751008 9324.0 9
1717196752081 9415.0 10
1717196753206 10232.0 11
1717196754355 10492.0 12
1717196755519 10728.0 13
1717196756634 10791.0 14
1717196757746 11009.0 15
1717196758879 11628.0 16
1717196760013 11833.0 17
1717196761140 11526.0 18
1717196762254 12145.0 19
1717196763390 12053.0 20
1717196764539 12290.0 21
1717196765743 11774.0 22
1717196766908 12088.0 23
1717196768023 12636.0 24
1717196769164 12605.0 25
1717196770361 11649.0 26
1717196771498 12410.0 27
1717196772616 12801.0 28
1717196773742 12672.0 29
1717196774874 12741.0 30
1717196776009 13356.0 31
1717196777145 12184.0 32
1717196778250 13482.0 33
1717196779370 13589.0 34
1717196780530 13562.0 35
1717196781685 13410.0 36
1717196782864 14183.0 37
1717196784003 13700.0 38
1717196785118 14497.0 39
1717196786246 14529.0 40
1717196787404 14938.0 41
1717196788544 14765.0 42
1717196789623 14791.0 43
1717196790758 15450.0 44
1717196791888 15761.0 45
1717196793002 15728.0 46
1717196794078 15749.0 47
1717196795194 15889.0 48
1717196796378 15872.0 49
1717196797488 16056.0 50
1717196798647 16115.0 51
1717196799772 16372.0 52
1717196800887 16535.0 53
1717196802003 16681.0 54
1717196803172 16775.0 55
1717196804334 16749.0 56
1717196805457 16939.0 57
1717196806600 16944.0 58
1717196807772 16985.0 59
1717196808935 17057.0 60
1717196810066 17035.0 61
1717196811229 17387.0 62
1717196812388 17183.0 63
1717196813493 17163.0 64
1717196814653 17404.0 65
1717196815798 17320.0 66
1717196816945 16985.0 67
1717196818094 16988.0 68
1717196819253 16927.0 69
1717196820401 17060.0 70
1717196821517 17188.0 71
1717196822633 16587.0 72
1717196823756 16542.0 73
1717196824879 16916.0 74
1717196826016 17714.0 75
1717196827230 17370.0 76
1717196828374 17136.0 77
1717196829506 17459.0 78
1717196830646 16960.0 79
1717196831777 17088.0 80
1717196832883 17016.0 81
1717196834012 17862.0 82
1717196835171 17655.0 83
1717196836320 17419.0 84
1717196837457 17391.0 85
1717196838597 17314.0 86
1717196839730 17412.0 87
1717196840892 17394.0 88
1717196842062 17450.0 89
1717196843199 18007.0 90
1717196844344 17982.0 91
1717196845518 17705.0 92
1717196846652 17536.0 93
1717196847788 17616.0 94
1717196848918 17410.0 95
1717196850057 17340.0 96
1717196851241 17579.0 97
1717196852408 18367.0 98
1717196853536 18217.0 99
