1717196741831 328481.0 1
1717196742998 352478.0 2
1717196744130 352470.0 3
1717196745259 351734.0 4
1717196746397 349266.0 5
1717196747535 347057.0 6
1717196748687 346253.0 7
1717196749840 344889.0 8
1717196751008 343154.0 9
1717196752081 343063.0 10
1717196753206 342246.0 11
1717196754355 341986.0 12
1717196755519 341750.0 13
1717196756634 341687.0 14
1717196757746 341469.0 15
1717196758879 340850.0 16
1717196760013 340645.0 17
1717196761140 340952.0 18
1717196762254 340333.0 19
1717196763390 340425.0 20
1717196764539 340188.0 21
1717196765743 340704.0 22
1717196766908 340390.0 23
1717196768023 339842.0 24
1717196769164 339873.0 25
1717196770361 340829.0 26
1717196771498 340068.0 27
1717196772616 339677.0 28
1717196773742 339806.0 29
1717196774874 339737.0 30
1717196776009 339122.0 31
1717196777145 340294.0 32
1717196778250 338996.0 33
1717196779370 338889.0 34
1717196780530 338916.0 35
1717196781685 339068.0 36
1717196782864 338295.0 37
1717196784003 338778.0 38
1717196785118 337981.0 39
1717196786246 337949.0 40
1717196787404 337540.0 41
1717196788544 337713.0 42
1717196789623 337687.0 43
1717196790758 337028.0 44
1717196791888 336717.0 45
1717196793002 336750.0 46
1717196794078 336729.0 47
1717196795194 336589.0 48
1717196796378 336606.0 49
1717196797488 336422.0 50
1717196798647 336363.0 51
1717196799772 336106.0 52
1717196800887 335943.0 53
1717196802003 335797.0 54
1717196803172 335703.0 55
1717196804334 335729.0 56
1717196805457 335539.0 57
1717196806600 335534.0 58
1717196807772 335493.0 59
1717196808935 335421.0 60
1717196810066 335443.0 61
1717196811229 335091.0 62
1717196812388 335295.0 63
1717196813493 335315.0 64
1717196814653 335074.0 65
1717196815798 335158.0 66
1717196816945 335493.0 67
1717196818094 335490.0 68
1717196819253 335551.0 69
1717196820401 335418.0 70
1717196821517 335290.0 71
1717196822633 335891.0 72
1717196823756 335936.0 73
1717196824879 335562.0 74
1717196826016 334764.0 75
1717196827230 335108.0 76
1717196828374 335342.0 77
1717196829506 335019.0 78
1717196830646 335518.0 79
1717196831777 335390.0 80
1717196832883 335462.0 81
1717196834012 334616.0 82
1717196835171 334823.0 83
1717196836320 335059.0 84
1717196837457 335087.0 85
1717196838597 335164.0 86
1717196839730 335066.0 87
1717196840892 335084.0 88
1717196842062 335028.0 89
1717196843199 334471.0 90
1717196844344 334496.0 91
1717196845518 334773.0 92
1717196846652 334942.0 93
1717196847788 334862.0 94
1717196848918 335068.0 95
1717196850057 335138.0 96
1717196851241 334899.0 97
1717196852408 334111.0 98
1717196853536 334261.0 99
