1717526632056 22426.0 1
1717526633118 22426.0 2
1717526634182 22426.0 3
1717526635394 22426.0 4
1717526636462 22426.0 5
1717526637540 22426.0 6
1717526638650 22426.0 7
1717526639774 22426.0 8
1717526640950 22426.0 9
1717526642076 22426.0 10
1717526643236 22426.0 11
1717526644378 22426.0 12
1717526645471 22426.0 13
1717526646557 22426.0 14
1717526647666 22426.0 15
1717526648718 22426.0 16
1717526649813 22426.0 17
1717526650908 22426.0 18
1717526652021 22426.0 19
1717526653132 22426.0 20
1717526654213 22426.0 21
1717526655326 22426.0 22
1717526656446 22426.0 23
1717526657545 22426.0 24
1717526658671 22426.0 25
1717526659765 22426.0 26
1717526660857 22426.0 27
1717526661957 22426.0 28
1717526663048 22426.0 29
1717526664172 22426.0 30
1717526665267 22426.0 31
1717526666365 22426.0 32
1717526667454 22426.0 33
1717526668535 22426.0 34
1717526669609 22426.0 35
1717526670723 22426.0 36
1717526671792 22426.0 37
1717526672894 22426.0 38
1717526674015 22426.0 39
1717526675141 22426.0 40
1717526676256 22426.0 41
1717526677365 22426.0 42
1717526678446 22426.0 43
1717526679529 22426.0 44
1717526680650 22426.0 45
1717526681754 22426.0 46
1717526682845 22426.0 47
1717526683957 22426.0 48
1717526685062 22426.0 49
1717526686212 22426.0 50
1717526687314 22426.0 51
1717526688414 22426.0 52
1717526689516 22426.0 53
1717526690629 22426.0 54
1717526691730 22426.0 55
1717526692842 22426.0 56
1717526694090 22426.0 57
1717526695274 22426.0 58
1717526696457 22426.0 59
1717526697586 22426.0 60
1717526698731 22426.0 61
1717526699777 22426.0 62
1717526700878 22426.0 63
1717526701984 22426.0 64
1717526703065 22426.0 65
1717526704166 22426.0 66
1717526705238 22426.0 67
1717526706343 22426.0 68
1717526707448 22426.0 69
1717526708514 22426.0 70
1717526709621 22426.0 71
1717526710744 22426.0 72
1717526711810 22426.0 73
1717526712909 22426.0 74
1717526713975 22426.0 75
1717526715053 22426.0 76
1717526716139 22426.0 77
1717526717263 22426.0 78
1717526718388 22426.0 79
1717526719506 22426.0 80
1717526720587 22426.0 81
1717526721666 22426.0 82
1717526722710 22426.0 83
1717526723810 22426.0 84
1717526724948 22426.0 85
1717526726080 22426.0 86
1717526727172 22426.0 87
1717526728249 22426.0 88
1717526729360 22426.0 89
1717526730467 22426.0 90
1717526731561 22426.0 91
1717526732647 22426.0 92
1717526733745 22426.0 93
1717526734835 22426.0 94
1717526735928 22426.0 95
1717526737023 22426.0 96
1717526738099 22426.0 97
1717526739214 22426.0 98
1717526740313 22426.0 99
