1717526632056 0.9598550520019451 1
1717526633118 0.9639585289325361 2
1717526634182 0.9651374698486823 3
1717526635394 0.9597992417260859 4
1717526636462 0.9645917313502776 5
1717526637540 0.9660007521552044 6
1717526638650 0.9659661794814509 7
1717526639774 0.9617679260921778 8
1717526640950 0.9581045155301059 9
1717526642076 0.9604001697067694 10
1717526643236 0.9652479696906129 11
1717526644378 0.9660751811168693 12
1717526645471 0.9664255228863876 13
1717526646557 0.9663946103113353 14
1717526647666 0.966448950704652 15
1717526648718 0.9664255830518137 16
1717526649813 0.966397721864565 17
1717526650908 0.9664714287911037 18
1717526652021 0.9665161562419268 19
1717526653132 0.9665132237768006 20
1717526654213 0.9664662189921731 21
1717526655326 0.9664505129299602 22
1717526656446 0.9663858637690371 23
1717526657545 0.9663852801581726 24
1717526658671 0.9664697418570505 25
1717526659765 0.9664938923705642 26
1717526660857 0.9666670066615215 27
1717526661957 0.9669804025038371 28
1717526663048 0.9675311600944042 29
1717526664172 0.968007009191622 30
1717526665267 0.9680933326954191 31
1717526666365 0.9680865534544534 32
1717526667454 0.968075579660282 33
1717526668535 0.9680386305800969 34
1717526669609 0.9679628547658894 35
1717526670723 0.9680864395701739 36
1717526671792 0.9682139294376624 37
1717526672894 0.9682595300376928 38
1717526674015 0.968595449394423 39
1717526675141 0.9687176381579942 40
1717526676256 0.9690233255650013 41
1717526677365 0.9692931233954722 42
1717526678446 0.9693658346357491 43
1717526679529 0.9695194968559047 44
1717526680650 0.9696839318308056 45
1717526681754 0.9698089311147287 46
1717526682845 0.9697915565412177 47
1717526683957 0.9701206138662741 48
1717526685062 0.9701976222760121 49
1717526686212 0.9700280517895683 50
1717526687314 0.970548317112805 51
1717526688414 0.970706487985273 52
1717526689516 0.9703968803298026 53
1717526690629 0.9709919762409138 54
1717526691730 0.9710602714496487 55
1717526692842 0.9707385579949243 56
1717526694090 0.97100900728204 57
1717526695274 0.9711056505819109 58
1717526696457 0.9713027107874055 59
1717526697586 0.9712602203632237 60
1717526698731 0.9713310957588936 61
1717526699777 0.9712705187840666 62
1717526700878 0.9714226614837103 63
1717526701984 0.971530011550955 64
1717526703065 0.9716409475247507 65
1717526704166 0.9714201777070091 66
1717526705238 0.9715606515653761 67
1717526706343 0.9717023329751976 68
1717526707448 0.9717391097329774 69
1717526708514 0.9718238645336706 70
1717526709621 0.9718374767389599 71
1717526710744 0.9718218571014312 72
1717526711810 0.9719400439482329 73
1717526712909 0.9718373220288864 74
1717526713975 0.9718425517556237 75
1717526715053 0.9719288193835716 76
1717526716139 0.9719904877994907 77
1717526717263 0.9718909714658082 78
1717526718388 0.9720535741154338 79
1717526719506 0.9720407743886946 80
1717526720587 0.9721239482705583 81
1717526721666 0.9720245772032285 82
1717526722710 0.9720810467639597 83
1717526723810 0.9720847868634465 84
1717526724948 0.9722261512001676 85
1717526726080 0.972173911837752 86
1717526727172 0.9722991046042135 87
1717526728249 0.9723198649333865 88
1717526729360 0.9723813180024343 89
1717526730467 0.9724998451195341 90
1717526731561 0.9724727822283331 91
1717526732647 0.9724719135466554 92
1717526733745 0.9724588844067867 93
1717526734835 0.9723367149639348 94
1717526735928 0.9723649923243467 95
1717526737023 0.9725126095720713 96
1717526738099 0.9726846322863401 97
1717526739214 0.9727050530244632 98
1717526740313 0.9727328681822385 99
