1717526632056 344460.0 1
1717526633118 350119.0 2
1717526634182 350714.0 3
1717526635394 345679.0 4
1717526636462 350931.0 5
1717526637540 351306.0 6
1717526638650 351374.0 7
1717526639774 348857.0 8
1717526640950 344607.0 9
1717526642076 345980.0 10
1717526643236 351072.0 11
1717526644378 351987.0 12
1717526645471 352260.0 13
1717526646557 352240.0 14
1717526647666 352280.0 15
1717526648718 352267.0 16
1717526649813 352233.0 17
1717526650908 352275.0 18
1717526652021 352322.0 19
1717526653132 352318.0 20
1717526654213 352254.0 21
1717526655326 352207.0 22
1717526656446 352080.0 23
1717526657545 352049.0 24
1717526658671 352189.0 25
1717526659765 352154.0 26
1717526660857 352090.0 27
1717526661957 351737.0 28
1717526663048 351320.0 29
1717526664172 350963.0 30
1717526665267 350675.0 31
1717526666365 350589.0 32
1717526667454 350553.0 33
1717526668535 350539.0 34
1717526669609 350492.0 35
1717526670723 350395.0 36
1717526671792 350200.0 37
1717526672894 349976.0 38
1717526674015 349504.0 39
1717526675141 349083.0 40
1717526676256 349082.0 41
1717526677365 348711.0 42
1717526678446 348383.0 43
1717526679529 348282.0 44
1717526680650 348116.0 45
1717526681754 347754.0 46
1717526682845 347879.0 47
1717526683957 347507.0 48
1717526685062 347238.0 49
1717526686212 347610.0 50
1717526687314 346938.0 51
1717526688414 346632.0 52
1717526689516 347362.0 53
1717526690629 346442.0 54
1717526691730 346376.0 55
1717526692842 346969.0 56
1717526694090 346569.0 57
1717526695274 346282.0 58
1717526696457 346238.0 59
1717526697586 346260.0 60
1717526698731 346045.0 61
1717526699777 346589.0 62
1717526700878 346117.0 63
1717526701984 345883.0 64
1717526703065 345763.0 65
1717526704166 345869.0 66
1717526705238 345882.0 67
1717526706343 345958.0 68
1717526707448 346041.0 69
1717526708514 345856.0 70
1717526709621 345663.0 71
1717526710744 345550.0 72
1717526711810 345456.0 73
1717526712909 345547.0 74
1717526713975 345543.0 75
1717526715053 345445.0 76
1717526716139 345423.0 77
1717526717263 345566.0 78
1717526718388 345355.0 79
1717526719506 345311.0 80
1717526720587 345232.0 81
1717526721666 345399.0 82
1717526722710 345231.0 83
1717526723810 345235.0 84
1717526724948 345173.0 85
1717526726080 345309.0 86
1717526727172 345167.0 87
1717526728249 345229.0 88
1717526729360 345071.0 89
1717526730467 345188.0 90
1717526731561 345107.0 91
1717526732647 345222.0 92
1717526733745 345179.0 93
1717526734835 345241.0 94
1717526735928 345183.0 95
1717526737023 345097.0 96
1717526738099 345130.0 97
1717526739214 345098.0 98
1717526740313 345091.0 99
