1717573820934 142631.0 1
1717573824140 142337.0 2
1717573827422 145097.0 3
1717573830707 141237.0 4
1717573833877 137361.0 5
1717573837154 128049.0 6
1717573840434 117931.0 7
1717573843643 113728.0 8
1717573846917 109809.0 9
1717573850262 103683.0 10
1717573853678 102622.0 11
1717573857004 95897.0 12
1717573860259 95356.0 13
1717573863523 89256.0 14
1717573866828 86764.0 15
1717573870284 85744.0 16
1717573873699 84072.0 17
1717573877086 82126.0 18
1717573880420 79152.0 19
1717573883856 75681.0 20
1717573887269 72823.0 21
1717573890828 70750.0 22
1717573894169 66923.0 23
1717573897597 64443.0 24
1717573900910 63036.0 25
1717573904265 60858.0 26
1717573907484 59488.0 27
1717573910867 58513.0 28
1717573914175 58249.0 29
1717573917585 57953.0 30
1717573920779 56558.0 31
1717573924141 56605.0 32
1717573927598 55850.0 33
1717573930890 55699.0 34
1717573934125 55235.0 35
1717573937549 54143.0 36
1717573940744 54506.0 37
1717573943979 54281.0 38
1717573947298 53874.0 39
1717573950715 53882.0 40
1717573954041 53456.0 41
1717573957300 53660.0 42
1717573960532 53780.0 43
1717573963795 53334.0 44
1717573967272 53781.0 45
1717573970580 53341.0 46
1717573973860 53143.0 47
1717573977245 53478.0 48
1717573980563 53794.0 49
1717573983844 53145.0 50
1717573987168 53634.0 51
1717573990542 53116.0 52
1717573993942 52719.0 53
1717573997278 53770.0 54
1717574000625 53330.0 55
1717574003952 53026.0 56
1717574007336 53406.0 57
1717574010737 53370.0 58
1717574013950 53949.0 59
1717574017418 53981.0 60
1717574020794 53713.0 61
1717574024258 54823.0 62
1717574027561 54239.0 63
1717574030943 54869.0 64
1717574034431 53907.0 65
1717574037837 54266.0 66
1717574041203 53218.0 67
1717574044513 53618.0 68
1717574047993 53366.0 69
1717574051353 53428.0 70
1717574054626 52878.0 71
1717574058067 52626.0 72
1717574061620 53686.0 73
1717574065093 52646.0 74
1717574068390 52660.0 75
1717574071777 53351.0 76
1717574075215 53058.0 77
1717574078668 52854.0 78
1717574082103 54493.0 79
1717574085684 53619.0 80
1717574089221 53553.0 81
1717574092623 52905.0 82
1717574096335 53426.0 83
1717574099868 52474.0 84
1717574103199 53062.0 85
1717574106706 52446.0 86
1717574110246 52414.0 87
1717574113790 52782.0 88
1717574117624 52141.0 89
1717574124823 53032.0 90
1717574130925 52559.0 91
1717574136044 52353.0 92
1717574139715 52539.0 93
1717574143219 52696.0 94
1717574146815 51969.0 95
1717574151128 51919.0 96
1717574155894 52144.0 97
1717574159595 51842.0 98
1717574163079 52600.0 99
