1717097860992 0.3785957992076874 1
1717097862887 0.6238855719566345 2
1717097864811 0.6573459506034851 3
1717097866735 0.6744927167892456 4
1717097868602 0.6780529022216797 5
1717097870526 0.6824918985366821 6
1717097872378 0.6827458739280701 7
1717097874351 0.6847841143608093 8
1717097876396 0.6882540583610535 9
1717097878341 0.6904373168945312 10
1717097880219 0.69105064868927 11
1717097882102 0.6936911940574646 12
1717097884170 0.6917313933372498 13
1717097886095 0.6931520700454712 14
1717097887987 0.6951833367347717 15
1717097889851 0.6978127360343933 16
1717097891699 0.69660884141922 17
1717097893573 0.6934383511543274 18
1717097895474 0.6980530023574829 19
1717097897333 0.699612021446228 20
1717097899151 0.6991252899169922 21
1717097901050 0.6996046304702759 22
1717097903020 0.6970048546791077 23
1717097905057 0.7015107274055481 24
1717097907034 0.7022897601127625 25
1717097908917 0.7010679244995117 26
1717097910759 0.7010447382926941 27
1717097912642 0.7039060592651367 28
1717097914526 0.7005011439323425 29
1717097916385 0.70260089635849 30
1717097918283 0.7064234614372253 31
1717097920191 0.707025945186615 32
1717097922041 0.7069271206855774 33
1717097923946 0.7069470286369324 34
1717097925857 0.7088858485221863 35
1717097927716 0.7076709866523743 36
1717097929549 0.7080581784248352 37
1717097931432 0.7085627317428589 38
1717097933398 0.7120147943496704 39
1717097935374 0.7120255827903748 40
1717097937394 0.7131326198577881 41
1717097939250 0.7108563184738159 42
1717097941104 0.7065960168838501 43
1717097942994 0.7145997285842896 44
1717097944851 0.7152648568153381 45
1717097946775 0.7180613875389099 46
1717097948675 0.7186774611473083 47
1717097950602 0.7199804782867432 48
1717097952481 0.7202363610267639 49
1717097954367 0.7206353545188904 50
1717097956242 0.7202434539794922 51
1717097958117 0.7213853597640991 52
1717097959992 0.7236392498016357 53
1717097961842 0.7231206297874451 54
1717097963703 0.7236568927764893 55
1717097965566 0.7277200222015381 56
1717097967422 0.726024329662323 57
1717097969327 0.7266387939453125 58
1717097971468 0.7269770503044128 59
1717097973334 0.7303171157836914 60
1717097975224 0.7312718033790588 61
1717097977088 0.7294105291366577 62
1717097978947 0.73252272605896 63
1717097980841 0.7332861423492432 64
1717097982690 0.7312737703323364 65
1717097984565 0.7304143905639648 66
1717097986398 0.7316878437995911 67
1717097988294 0.7339287996292114 68
1717097990163 0.7350836992263794 69
1717097992019 0.7334787249565125 70
1717097994035 0.7344202399253845 71
1717097996074 0.7331883907318115 72
1717097998066 0.7364793419837952 73
1717097999951 0.73545241355896 74
1717098001959 0.7370237112045288 75
1717098003837 0.735666811466217 76
1717098005714 0.7385776042938232 77
1717098007565 0.7357410788536072 78
1717098009470 0.7390680909156799 79
1717098011346 0.7386953234672546 80
1717098013239 0.7414081692695618 81
1717098015156 0.7379185557365417 82
1717098017004 0.7398411631584167 83
1717098018891 0.7414068579673767 84
1717098020810 0.7431589961051941 85
1717098022763 0.7408716082572937 86
1717098024819 0.7385187149047852 87
1717098026856 0.7432240843772888 88
1717098028777 0.7423633933067322 89
1717098030755 0.7425281405448914 90
1717098032672 0.7429124712944031 91
1717098034564 0.7448708415031433 92
1717098036434 0.7447589039802551 93
1717098038321 0.7369869947433472 94
1717098040181 0.7409147620201111 95
1717098042051 0.7487160563468933 96
1717098043930 0.7469291687011719 97
1717098045796 0.7447055578231812 98
1717098047697 0.7453500628471375 99
