1717570181258 0.7950757276084605 1
1717570182286 0.754996144967304 2
1717570183321 0.8713843743241421 3
1717570184360 0.8723516928453012 4
1717570185354 0.9319244695080687 5
1717570186088 0.9571255399231319 6
1717570186825 0.9571255399231319 7
1717570187603 0.9571255399231319 8
1717570188325 0.9571255399231319 9
1717570189059 0.9571255399231319 10
1717570189810 0.9571255399231319 11
1717570190562 0.9571255399231319 12
1717570191496 0.9571255399231319 13
1717570192272 0.9571255399231319 14
1717570193007 0.9571255399231319 15
1717570193741 0.9571255399231319 16
1717570194610 0.9571255399231319 17
1717570195571 0.9571255399231319 18
1717570196509 0.9571255399231319 19
1717570197494 0.9571255399231319 20
1717570198472 0.9571255399231319 21
1717570199419 0.9571255399231319 22
1717570200399 0.9571255399231319 23
1717570201345 0.9571255399231319 24
1717570202342 0.9571255399231319 25
1717570203289 0.9571255399231319 26
1717570204274 0.9571255399231319 27
1717570205269 0.9571255399231319 28
1717570206282 0.9571255399231319 29
1717570207288 0.9571255399231319 30
1717570208349 0.9571255399231319 31
1717570209354 0.9571255399231319 32
1717570210364 0.9571255399231319 33
1717570211373 0.9571255399231319 34
1717570212325 0.9571255399231319 35
1717570213310 0.9571255399231319 36
1717570214258 0.9571255399231319 37
1717570215252 0.9571255399231319 38
1717570216197 0.9571255399231319 39
1717570217133 0.9571255399231319 40
1717570218083 0.9571255399231319 41
1717570219043 0.9571255399231319 42
1717570220017 0.9571255399231319 43
1717570220985 0.9571255399231319 44
1717570221774 0.9571255399231319 45
1717570222539 0.9571255399231319 46
1717570223340 0.9571255399231319 47
1717570224252 0.9571255399231319 48
1717570225183 0.9571255399231319 49
1717570225948 0.9571255399231319 50
1717570226724 0.9571255399231319 51
1717570227504 0.9571255399231319 52
1717570228487 0.9571255399231319 53
1717570229454 0.9571255399231319 54
1717570230414 0.9571255399231319 55
1717570231402 0.9571255399231319 56
1717570232354 0.9571255399231319 57
1717570233304 0.9571255399231319 58
1717570234242 0.9571255399231319 59
1717570235177 0.9571255399231319 60
1717570236140 0.9571255399231319 61
1717570237132 0.9571255399231319 62
1717570237906 0.9571255399231319 63
1717570238683 0.9571255399231319 64
1717570239458 0.9571255399231319 65
1717570240235 0.9571255399231319 66
1717570241018 0.9571255399231319 67
1717570241810 0.9571255399231319 68
1717570242601 0.9571255399231319 69
1717570243395 0.9571255399231319 70
1717570244173 0.9571255399231319 71
1717570244971 0.9571255399231319 72
1717570245762 0.9571255399231319 73
1717570246569 0.9571255399231319 74
1717570247369 0.9571255399231319 75
1717570248175 0.9571255399231319 76
1717570248952 0.9571255399231319 77
1717570249782 0.9571255399231319 78
1717570250598 0.9571255399231319 79
1717570251389 0.9571255399231319 80
1717570252204 0.9571255399231319 81
1717570252995 0.9571255399231319 82
1717570253788 0.9571255399231319 83
1717570254576 0.9571255399231319 84
1717570255399 0.9571255399231319 85
1717570256204 0.9571255399231319 86
1717570256968 0.9571255399231319 87
1717570257747 0.9571255399231319 88
1717570258540 0.9571255399231319 89
1717570259340 0.9571255399231319 90
1717570260136 0.9571255399231319 91
1717570260932 0.9571255399231319 92
1717570261694 0.9571255399231319 93
1717570262491 0.9574270997750879 94
1717570263274 0.9572668215228198 95
1717570264068 0.9568654428258478 96
1717570264846 0.9572734827628601 97
1717570265632 0.9582695167031038 98
1717570266413 0.9592409664944107 99
