1717570181258 25507.0 1
1717570182286 25507.0 2
1717570183321 25507.0 3
1717570184360 25507.0 4
1717570185354 25507.0 5
1717570186088 25507.0 6
1717570186825 25507.0 7
1717570187603 25507.0 8
1717570188325 25507.0 9
1717570189059 25507.0 10
1717570189810 25507.0 11
1717570190562 25507.0 12
1717570191496 25507.0 13
1717570192272 25507.0 14
1717570193007 25507.0 15
1717570193741 25507.0 16
1717570194610 25507.0 17
1717570195571 25507.0 18
1717570196509 25507.0 19
1717570197494 25507.0 20
1717570198472 25507.0 21
1717570199419 25507.0 22
1717570200399 25507.0 23
1717570201345 25507.0 24
1717570202342 25507.0 25
1717570203289 25507.0 26
1717570204274 25507.0 27
1717570205269 25507.0 28
1717570206282 25507.0 29
1717570207288 25507.0 30
1717570208349 25507.0 31
1717570209354 25507.0 32
1717570210364 25507.0 33
1717570211373 25507.0 34
1717570212325 25507.0 35
1717570213310 25507.0 36
1717570214258 25507.0 37
1717570215252 25507.0 38
1717570216197 25507.0 39
1717570217133 25507.0 40
1717570218083 25507.0 41
1717570219043 25507.0 42
1717570220017 25507.0 43
1717570220985 25507.0 44
1717570221774 25507.0 45
1717570222539 25507.0 46
1717570223340 25507.0 47
1717570224252 25507.0 48
1717570225183 25507.0 49
1717570225948 25507.0 50
1717570226724 25507.0 51
1717570227504 25507.0 52
1717570228487 25507.0 53
1717570229454 25507.0 54
1717570230414 25507.0 55
1717570231402 25507.0 56
1717570232354 25507.0 57
1717570233304 25507.0 58
1717570234242 25507.0 59
1717570235177 25507.0 60
1717570236140 25507.0 61
1717570237132 25507.0 62
1717570237906 25507.0 63
1717570238683 25507.0 64
1717570239458 25507.0 65
1717570240235 25507.0 66
1717570241018 25507.0 67
1717570241810 25507.0 68
1717570242601 25507.0 69
1717570243395 25507.0 70
1717570244173 25507.0 71
1717570244971 25507.0 72
1717570245762 25507.0 73
1717570246569 25507.0 74
1717570247369 25507.0 75
1717570248175 25507.0 76
1717570248952 25507.0 77
1717570249782 25507.0 78
1717570250598 25507.0 79
1717570251389 25507.0 80
1717570252204 25507.0 81
1717570252995 25507.0 82
1717570253788 25507.0 83
1717570254576 25507.0 84
1717570255399 25507.0 85
1717570256204 25507.0 86
1717570256968 25507.0 87
1717570257747 25507.0 88
1717570258540 25507.0 89
1717570259340 25507.0 90
1717570260136 25507.0 91
1717570260932 25507.0 92
1717570261694 25507.0 93
1717570262491 25507.0 94
1717570263274 25507.0 95
1717570264068 25507.0 96
1717570264846 25507.0 97
1717570265632 25507.0 98
1717570266413 25507.0 99
