1717570181258 239097.0 1
1717570182286 193842.0 2
1717570183321 249752.0 3
1717570184360 249789.0 4
1717570185354 293381.0 5
1717570186088 312870.0 6
1717570186825 312870.0 7
1717570187603 312870.0 8
1717570188325 312870.0 9
1717570189059 312870.0 10
1717570189810 312870.0 11
1717570190562 312870.0 12
1717570191496 312870.0 13
1717570192272 312870.0 14
1717570193007 312870.0 15
1717570193741 312870.0 16
1717570194610 312870.0 17
1717570195571 312870.0 18
1717570196509 312870.0 19
1717570197494 312870.0 20
1717570198472 312870.0 21
1717570199419 312870.0 22
1717570200399 312870.0 23
1717570201345 312870.0 24
1717570202342 312870.0 25
1717570203289 312870.0 26
1717570204274 312870.0 27
1717570205269 312870.0 28
1717570206282 312870.0 29
1717570207288 312870.0 30
1717570208349 312870.0 31
1717570209354 312870.0 32
1717570210364 312870.0 33
1717570211373 312870.0 34
1717570212325 312870.0 35
1717570213310 312870.0 36
1717570214258 312870.0 37
1717570215252 312870.0 38
1717570216197 312870.0 39
1717570217133 312870.0 40
1717570218083 312870.0 41
1717570219043 312870.0 42
1717570220017 312870.0 43
1717570220985 312870.0 44
1717570221774 312870.0 45
1717570222539 312870.0 46
1717570223340 312870.0 47
1717570224252 312870.0 48
1717570225183 312870.0 49
1717570225948 312870.0 50
1717570226724 312870.0 51
1717570227504 312870.0 52
1717570228487 312870.0 53
1717570229454 312870.0 54
1717570230414 312870.0 55
1717570231402 312870.0 56
1717570232354 312870.0 57
1717570233304 312870.0 58
1717570234242 312870.0 59
1717570235177 312870.0 60
1717570236140 312870.0 61
1717570237132 312870.0 62
1717570237906 312870.0 63
1717570238683 312870.0 64
1717570239458 312870.0 65
1717570240235 312870.0 66
1717570241018 312870.0 67
1717570241810 312870.0 68
1717570242601 312870.0 69
1717570243395 312870.0 70
1717570244173 312870.0 71
1717570244971 312870.0 72
1717570245762 312870.0 73
1717570246569 312870.0 74
1717570247369 312870.0 75
1717570248175 312870.0 76
1717570248952 312870.0 77
1717570249782 312870.0 78
1717570250598 312870.0 79
1717570251389 312870.0 80
1717570252204 312870.0 81
1717570252995 312870.0 82
1717570253788 312870.0 83
1717570254576 312870.0 84
1717570255399 312870.0 85
1717570256204 312870.0 86
1717570256968 312870.0 87
1717570257747 312870.0 88
1717570258540 312870.0 89
1717570259340 312870.0 90
1717570260136 312870.0 91
1717570260932 312870.0 92
1717570261694 312870.0 93
1717570262491 312226.0 94
1717570263274 311372.0 95
1717570264068 310849.0 96
1717570264846 308546.0 97
1717570265632 305658.0 98
1717570266413 303927.0 99
