1716237060117 0.06398114745163268 1
1716237061726 0.004430915828081172 2
1716237063160 0.0017075177758208797 3
1716237064676 0.07852262318470048 4
1716237066175 0.15842554300365688 5
1716237067673 0.1707558361650158 6
1716237069202 0.1711860490165149 7
1716237070695 0.17312883007411095 8
1716237072150 0.18648777949733114 9
1716237073675 0.19353191528394612 10
1716237075147 0.2212370526463295 11
1716237076627 0.22721598220588685 12
1716237078073 0.2495472685194013 13
1716237079579 0.51351068584341 14
1716237081102 0.6001966668473191 15
1716237082645 0.609647025408883 16
1716237084155 0.6127549235780375 17
1716237085649 0.6204849496177358 18
1716237087196 0.6283876009720766 19
1716237088720 0.6292916558781722 20
1716237090242 0.629216129304985 21
1716237091769 0.6323423494780205 22
1716237093286 0.6338184372129704 23
1716237094728 0.6347752522877466 24
1716237096221 0.6316736548431481 25
1716237097676 0.6331576118903401 26
1716237099857 0.6319716352137454 27
1716237101548 0.6340772751025034 28
1716237103026 0.6353154205931328 29
1716237104527 0.6396252719171908 30
1716237106070 0.6427879429968121 31
1716237107584 0.6450578325056744 32
1716237109089 0.6469771210836598 33
1716237110638 0.6474798529988657 34
1716237112181 0.6521063297413787 35
1716237113660 0.6522510358345708 36
1716237115183 0.653352292727258 37
1716237116689 0.6525898594962174 38
1716237118156 0.6547211322145671 39
1716237119628 0.6551025050611745 40
1716237121100 0.6542634965957117 41
1716237122625 0.6547017331982816 42
1716237124099 0.6546189767024695 43
1716237125633 0.6575843236955166 44
1716237127148 0.6518519768619926 45
1716237128752 0.653595505722453 46
1716237130372 0.6578152926003297 47
1716237131905 0.6572194835493532 48
1716237133424 0.6535547303629552 49
1716237134975 0.6540357677003323 50
1716237136483 0.654733726376876 51
1716237137998 0.6573442438567865 52
1716237139556 0.6455687217569511 53
1716237141063 0.6511609831545778 54
1716237142593 0.6484201917941966 55
1716237144051 0.6546458434364484 56
1716237145561 0.650781004547236 57
1716237147058 0.6534253127490841 58
1716237148467 0.6562968099875904 59
1716237149949 0.6485911276661412 60
1716237151463 0.6559809641919013 61
1716237152998 0.6488279250500332 62
1716237154527 0.6535526161981694 63
1716237156026 0.6529249027664816 64
1716237157430 0.6485481169919257 65
1716237158911 0.6561884294706373 66
1716237160402 0.644275617206079 67
1716237161896 0.654529293049789 68
1716237163383 0.6534614818899741 69
1716237164847 0.6597188738466994 70
1716237166312 0.6575425283737067 71
1716237167827 0.6509582098004064 72
1716237169419 0.6608884822078437 73
1716237170919 0.6481555796770869 74
1716237172397 0.6586212271081562 75
1716237173819 0.654708219126474 76
1716237175318 0.6563610968101139 77
1716237176832 0.660161215068476 78
1716237178332 0.6608200636400141 79
1716237179854 0.6606760294790281 80
1716237181379 0.6512521959251054 81
1716237182912 0.6549595337980388 82
1716237184384 0.6617991196198171 83
1716237185887 0.6596683548520939 84
1716237187438 0.6614690645692491 85
1716237188924 0.6643142179117356 86
1716237190436 0.6627609737556701 87
1716237191913 0.6537228349753589 88
1716237193426 0.6607012752652008 89
1716237194942 0.658357984180076 90
1716237196394 0.6642354395100725 91
1716237197941 0.6588966980090001 92
1716237199502 0.6573674790634731 93
1716237200975 0.6652812692637148 94
1716237202487 0.6613219854265596 95
1716237203967 0.6657902515157532 96
1716237205483 0.666079818793292 97
1716237207003 0.6544931627316146 98
1716237208573 0.6666088210408401 99
