1716237060117 124294.0 1
1716237061726 124294.0 2
1716237063160 124294.0 3
1716237064676 124294.0 4
1716237066175 124294.0 5
1716237067673 124294.0 6
1716237069202 124294.0 7
1716237070695 124294.0 8
1716237072150 124294.0 9
1716237073675 124294.0 10
1716237075147 124294.0 11
1716237076627 124294.0 12
1716237078073 124294.0 13
1716237079579 124294.0 14
1716237081102 124294.0 15
1716237082645 124294.0 16
1716237084155 124294.0 17
1716237085649 124294.0 18
1716237087196 124294.0 19
1716237088720 124294.0 20
1716237090242 124294.0 21
1716237091769 124294.0 22
1716237093286 124294.0 23
1716237094728 124294.0 24
1716237096221 124294.0 25
1716237097676 124294.0 26
1716237099857 124294.0 27
1716237101548 124294.0 28
1716237103026 124294.0 29
1716237104527 124294.0 30
1716237106070 124294.0 31
1716237107584 124294.0 32
1716237109089 124294.0 33
1716237110638 124294.0 34
1716237112181 124294.0 35
1716237113660 124294.0 36
1716237115183 124294.0 37
1716237116689 124294.0 38
1716237118156 124294.0 39
1716237119628 124294.0 40
1716237121100 124294.0 41
1716237122625 124294.0 42
1716237124099 124294.0 43
1716237125633 124294.0 44
1716237127148 124294.0 45
1716237128752 124294.0 46
1716237130372 124294.0 47
1716237131905 124294.0 48
1716237133424 124294.0 49
1716237134975 124294.0 50
1716237136483 124294.0 51
1716237137998 124294.0 52
1716237139556 124294.0 53
1716237141063 124294.0 54
1716237142593 124294.0 55
1716237144051 124294.0 56
1716237145561 124294.0 57
1716237147058 124294.0 58
1716237148467 124294.0 59
1716237149949 124294.0 60
1716237151463 124294.0 61
1716237152998 124294.0 62
1716237154527 124294.0 63
1716237156026 124294.0 64
1716237157430 124294.0 65
1716237158911 124294.0 66
1716237160402 124294.0 67
1716237161896 124294.0 68
1716237163383 124294.0 69
1716237164847 124294.0 70
1716237166312 124294.0 71
1716237167827 124294.0 72
1716237169419 124294.0 73
1716237170919 124294.0 74
1716237172397 124294.0 75
1716237173819 124294.0 76
1716237175318 124294.0 77
1716237176832 124294.0 78
1716237178332 124294.0 79
1716237179854 124294.0 80
1716237181379 124294.0 81
1716237182912 124294.0 82
1716237184384 124294.0 83
1716237185887 124294.0 84
1716237187438 124294.0 85
1716237188924 124294.0 86
1716237190436 124294.0 87
1716237191913 124294.0 88
1716237193426 124294.0 89
1716237194942 124294.0 90
1716237196394 124294.0 91
1716237197941 124294.0 92
1716237199502 124294.0 93
1716237200975 124294.0 94
1716237202487 124294.0 95
1716237203967 124294.0 96
1716237205483 124294.0 97
1716237207003 124294.0 98
1716237208573 124294.0 99
