1716237060117 0.42847809195518494 1
1716237061726 0.35196226835250854 2
1716237063160 0.3303973376750946 3
1716237064676 0.3195534348487854 4
1716237066175 0.3131504952907562 5
1716237067673 0.30840998888015747 6
1716237069202 0.30326077342033386 7
1716237070695 0.29401764273643494 8
1716237072150 0.27721840143203735 9
1716237073675 0.25800639390945435 10
1716237075147 0.24303698539733887 11
1716237076627 0.22948913276195526 12
1716237078073 0.21499717235565186 13
1716237079579 0.20372390747070312 14
1716237081102 0.19600115716457367 15
1716237082645 0.19137203693389893 16
1716237084155 0.1896660029888153 17
1716237085649 0.1877405196428299 18
1716237087196 0.1861010044813156 19
1716237088720 0.18354162573814392 20
1716237090242 0.18342742323875427 21
1716237091769 0.18276795744895935 22
1716237093286 0.18048274517059326 23
1716237094728 0.18158240616321564 24
1716237096221 0.17969265580177307 25
1716237097676 0.18141847848892212 26
1716237099857 0.17932908236980438 27
1716237101548 0.17903485894203186 28
1716237103026 0.17766758799552917 29
1716237104527 0.17563112080097198 30
1716237106070 0.17504902184009552 31
1716237107584 0.1744684875011444 32
1716237109089 0.17248472571372986 33
1716237110638 0.1726904809474945 34
1716237112181 0.1710273176431656 35
1716237113660 0.17114154994487762 36
1716237115183 0.17047300934791565 37
1716237116689 0.17088529467582703 38
1716237118156 0.16970202326774597 39
1716237119628 0.16927433013916016 40
1716237121100 0.1689225137233734 41
1716237122625 0.16883787512779236 42
1716237124099 0.16768290102481842 43
1716237125633 0.16808509826660156 44
1716237127148 0.16771426796913147 45
1716237128752 0.16628992557525635 46
1716237130372 0.16594570875167847 47
1716237131905 0.1652349829673767 48
1716237133424 0.1651613563299179 49
1716237134975 0.1637406349182129 50
1716237136483 0.16295766830444336 51
1716237137998 0.16249966621398926 52
1716237139556 0.16354623436927795 53
1716237141063 0.16370873153209686 54
1716237142593 0.16232283413410187 55
1716237144051 0.1618487387895584 56
1716237145561 0.16150744259357452 57
1716237147058 0.1612844616174698 58
1716237148467 0.16057249903678894 59
1716237149949 0.16100189089775085 60
1716237151463 0.1603812426328659 61
1716237152998 0.16131159663200378 62
1716237154527 0.15987184643745422 63
1716237156026 0.16046768426895142 64
1716237157430 0.16129052639007568 65
1716237158911 0.16039451956748962 66
1716237160402 0.16079479455947876 67
1716237161896 0.15929090976715088 68
1716237163383 0.15881729125976562 69
1716237164847 0.15792623162269592 70
1716237166312 0.15764115750789642 71
1716237167827 0.1580221951007843 72
1716237169419 0.1571945995092392 73
1716237170919 0.15826061367988586 74
1716237172397 0.157554492354393 75
1716237173819 0.15710052847862244 76
1716237175318 0.15751628577709198 77
1716237176832 0.15645886957645416 78
1716237178332 0.1565999984741211 79
1716237179854 0.1566455066204071 80
1716237181379 0.1590423285961151 81
1716237182912 0.15710695087909698 82
1716237184384 0.156648650765419 83
1716237185887 0.15567730367183685 84
1716237187438 0.15573066473007202 85
1716237188924 0.15609033405780792 86
1716237190436 0.15585464239120483 87
1716237191913 0.15643541514873505 88
1716237193426 0.15616297721862793 89
1716237194942 0.15551015734672546 90
1716237196394 0.1556456834077835 91
1716237197941 0.15584048628807068 92
1716237199502 0.1564721167087555 93
1716237200975 0.15546296536922455 94
1716237202487 0.15501396358013153 95
1716237203967 0.15482063591480255 96
1716237205483 0.15455180406570435 97
1716237207003 0.15583652257919312 98
1716237208573 0.15518483519554138 99
