1717227427438 0.9398683721308664 1
1717227429177 0.9692274626386301 2
1717227430953 0.9802740857142553 3
1717227432713 0.986178362993829 4
1717227434414 0.9886053112383515 5
1717227436133 0.9897718127450849 6
1717227437818 0.9904776796547575 7
1717227439519 0.9913219297675053 8
1717227441189 0.9921111991445698 9
1717227442877 0.9924684100737865 10
1717227444572 0.9925157571077867 11
1717227446303 0.993024873000134 12
1717227447990 0.993153991056048 13
1717227449714 0.9935170681009495 14
1717227451428 0.9935684220055936 15
1717227453159 0.9937811918205784 16
1717227454886 0.9938990080702758 17
1717227456612 0.9939217995552709 18
1717227458363 0.9941204756010418 19
1717227460104 0.9942711083355256 20
1717227461823 0.9944063648782296 21
1717227463536 0.9945796179475562 22
1717227465226 0.9944949609270904 23
1717227466933 0.9942342505813697 24
1717227468638 0.994506098456691 25
1717227470337 0.9947745363871175 26
1717227472080 0.9947557865354774 27
1717227473835 0.9947481809309193 28
1717227475565 0.9949837945542728 29
1717227477339 0.9949403019395776 30
1717227479044 0.994911056658933 31
1717227480699 0.9950426286831713 32
1717227482361 0.9950412846471267 33
1717227484042 0.995061619428071 34
1717227485735 0.9948903107788204 35
1717227487474 0.9948976397863436 36
1717227489201 0.9948945206121808 37
1717227490970 0.9949092566483776 38
1717227492701 0.9949469322887082 39
1717227494408 0.9949498907104944 40
1717227496101 0.9947266165091212 41
1717227497774 0.9950704732970993 42
1717227499490 0.9950521925529819 43
1717227501218 0.9949080041332437 44
1717227502900 0.9949503885255673 45
1717227504608 0.9950962369405859 46
1717227506362 0.9952323792151319 47
1717227508059 0.9950995313535765 48
1717227509766 0.9951809498553162 49
1717227511458 0.9951498853851553 50
1717227513126 0.9952345736891773 51
1717227514841 0.9951922018841564 52
1717227516556 0.9954410404815064 53
1717227518220 0.9954565692927241 54
1717227519937 0.9954825016235109 55
1717227521634 0.995435426529665 56
1717227523289 0.9952123624136056 57
1717227524973 0.9953331329711319 58
1717227526652 0.9954739480811157 59
1717227528337 0.9954501742050131 60
1717227530038 0.9953464328074934 61
1717227531765 0.9951708364683931 62
1717227533456 0.9951995632841591 63
1717227535147 0.9950894301512149 64
1717227536934 0.9954265409197524 65
1717227538596 0.9953086431073316 66
1717227540298 0.9956247580490258 67
1717227542046 0.9953871888854338 68
1717227543752 0.9955042782164845 69
1717227545483 0.9955612783356274 70
1717227547381 0.9952862227769587 71
1717227549252 0.9954574770025809 72
1717227550985 0.995391864857149 73
1717227552673 0.9955739795778151 74
1717227554374 0.9954337210028048 75
1717227556068 0.9953478957793577 76
1717227557830 0.9955762487193768 77
1717227559533 0.9955968129521353 78
1717227561230 0.9955986265544742 79
1717227562937 0.9955065943331357 80
1717227564651 0.9951454738074084 81
1717227566365 0.9951760553445228 82
1717227568060 0.9948295161341691 83
1717227569731 0.9949412895341396 84
1717227571419 0.9952958126177933 85
1717227573109 0.9952807459680069 86
1717227574881 0.9953196252056207 87
1717227576629 0.9951631389398435 88
1717227578324 0.995323069103239 89
1717227580180 0.9952709070309241 90
1717227581952 0.9953669468938993 91
1717227583665 0.9954103924201944 92
1717227585353 0.9952934094749752 93
1717227587078 0.9951919352118176 94
1717227588813 0.9953549471860549 95
1717227590531 0.9954463526227146 96
1717227592302 0.9953102625698331 97
1717227593998 0.9955777501455566 98
1717227595666 0.9957021782777195 99
