1717227427438 167826.0 1
1717227429177 224355.0 2
1717227430953 240582.0 3
1717227432713 248873.0 4
1717227434414 251616.0 5
1717227436133 253932.0 6
1717227437818 257201.0 7
1717227439519 257700.0 8
1717227441189 258560.0 9
1717227442877 259613.0 10
1717227444572 258908.0 11
1717227446303 258751.0 12
1717227447990 257581.0 13
1717227449714 259949.0 14
1717227451428 260077.0 15
1717227453159 259678.0 16
1717227454886 260529.0 17
1717227456612 260221.0 18
1717227458363 260077.0 19
1717227460104 259624.0 20
1717227461823 259651.0 21
1717227463536 259812.0 22
1717227465226 259674.0 23
1717227466933 259386.0 24
1717227468638 259592.0 25
1717227470337 259646.0 26
1717227472080 258904.0 27
1717227473835 259831.0 28
1717227475565 259687.0 29
1717227477339 259586.0 30
1717227479044 259470.0 31
1717227480699 259457.0 32
1717227482361 259007.0 33
1717227484042 259363.0 34
1717227485735 259410.0 35
1717227487474 258907.0 36
1717227489201 258933.0 37
1717227490970 258850.0 38
1717227492701 258720.0 39
1717227494408 257432.0 40
1717227496101 259861.0 41
1717227497774 258353.0 42
1717227499490 258655.0 43
1717227501218 258274.0 44
1717227502900 258507.0 45
1717227504608 258797.0 46
1717227506362 257832.0 47
1717227508059 258060.0 48
1717227509766 258630.0 49
1717227511458 259661.0 50
1717227513126 258002.0 51
1717227514841 258860.0 52
1717227516556 258630.0 53
1717227518220 259064.0 54
1717227519937 259329.0 55
1717227521634 259968.0 56
1717227523289 259389.0 57
1717227524973 259740.0 58
1717227526652 258489.0 59
1717227528337 259051.0 60
1717227530038 258965.0 61
1717227531765 259114.0 62
1717227533456 259556.0 63
1717227535147 258612.0 64
1717227536934 259598.0 65
1717227538596 259733.0 66
1717227540298 259062.0 67
1717227542046 259828.0 68
1717227543752 260207.0 69
1717227545483 258885.0 70
1717227547381 259887.0 71
1717227549252 259205.0 72
1717227550985 259858.0 73
1717227552673 260309.0 74
1717227554374 259525.0 75
1717227556068 259973.0 76
1717227557830 259818.0 77
1717227559533 258981.0 78
1717227561230 259889.0 79
1717227562937 259685.0 80
1717227564651 259395.0 81
1717227566365 258497.0 82
1717227568060 259120.0 83
1717227569731 258882.0 84
1717227571419 259013.0 85
1717227573109 259708.0 86
1717227574881 258606.0 87
1717227576629 260313.0 88
1717227578324 259638.0 89
1717227580180 259978.0 90
1717227581952 260302.0 91
1717227583665 259836.0 92
1717227585353 260720.0 93
1717227587078 260780.0 94
1717227588813 260140.0 95
1717227590531 260141.0 96
1717227592302 260222.0 97
1717227593998 261472.0 98
1717227595666 261319.0 99
