1717519808287 0.535110105227434 1
1717519812000 0.5780777478144647 2
1717519816322 0.5976139436302673 3
1717519820003 0.6183046767519723 4
1717519823871 0.632916650614972 5
1717519827543 0.6450383417864528 6
1717519831183 0.6607844331521641 7
1717519834876 0.6756975169979967 8
1717519838661 0.6946563286106997 9
1717519842342 0.714541386100782 10
1717519846158 0.7361556902021066 11
1717519849816 0.7418496058347847 12
1717519853500 0.7519808552404482 13
1717519857142 0.7575717195055321 14
1717519860995 0.7666029418128486 15
1717519864698 0.7745274070530389 16
1717519868464 0.7813922585647366 17
1717519872157 0.7849381817385631 18
1717519875831 0.791013296285258 19
1717519879462 0.794888523140092 20
1717519883178 0.801303951597612 21
1717519886853 0.7993821212566153 22
1717519890574 0.8072579912885377 23
1717519894511 0.8095041365738067 24
1717519898203 0.8115181703234953 25
1717519901889 0.8144839658590101 26
1717519905699 0.8132967511560916 27
1717519909656 0.8179993166888023 28
1717519913137 0.8151305556408818 29
1717519916619 0.8194446554232697 30
1717519920152 0.8192210083225262 31
1717519923750 0.8211615871151113 32
1717519927912 0.820338125246721 33
1717519931720 0.8222977554759335 34
1717519935634 0.8224836561895954 35
1717519939312 0.8219093097810642 36
1717519942929 0.8236132188057502 37
1717519946786 0.8250035117110425 38
1717519950456 0.8217772040432483 39
1717519954148 0.8232502725316309 40
1717519957855 0.8235654077523484 41
1717519961530 0.8227973302026756 42
1717519965284 0.824774380931035 43
1717519969072 0.8227738588335302 44
1717519972631 0.826048524069294 45
1717519976150 0.8245488036565545 46
1717519979714 0.8237213460528496 47
1717519983351 0.8236202384316045 48
1717519987026 0.8252318526291395 49
1717519990807 0.8222967504323828 50
1717519994602 0.8261694259835082 51
1717519998264 0.8249612280314929 52
1717520001942 0.8251350120820882 53
1717520005621 0.8261177009387038 54
1717520009329 0.8233046503802751 55
1717520013020 0.8272078451152147 56
1717520016659 0.8249554891601698 57
1717520020302 0.824721905982743 58
1717520023996 0.8252627343471565 59
1717520027979 0.8253054390499194 60
1717520031904 0.8247924597255542 61
1717520035602 0.8281412836736702 62
1717520039250 0.8261381935630776 63
1717520042883 0.8258625511795344 64
1717520046528 0.8270238661330354 65
1717520050255 0.8265882518187564 66
1717520053928 0.828144061398112 67
1717520057638 0.8261356959642697 68
1717520061317 0.8279051793772931 69
1717520065070 0.8270913379807773 70
1717520068786 0.8271897423996492 71
1717520072456 0.829109199422129 72
1717520076193 0.8278153576453618 73
1717520079904 0.8298171582951462 74
1717520083583 0.8283295710284082 75
1717520087366 0.8293062323780196 76
1717520091088 0.8292636646223623 77
1717520094749 0.8291272446592184 78
1717520098456 0.8297046687754597 79
1717520102396 0.8297349042771223 80
1717520106529 0.8300334141235336 81
1717520110210 0.8293862079348457 82
1717520113896 0.8309806114725841 83
1717520117587 0.830106910390514 84
1717520121277 0.8308112598709734 85
1717520125033 0.829827226319919 86
1717520128697 0.8336110346060871 87
1717520132403 0.8322456978517987 88
1717520136135 0.8319086970447636 89
1717520139836 0.8346542676185955 90
1717520143585 0.832080146139427 91
1717520147590 0.8341501647131094 92
1717520151303 0.8343818041085714 93
1717520155005 0.8320267312923326 94
1717520158793 0.8337220702452918 95
1717520162705 0.8356596451132643 96
1717520166548 0.8334450368346518 97
1717520170327 0.8340342810287964 98
1717520174075 0.8355079927590616 99
