1717519808287 57224.0 1
1717519812000 59672.0 2
1717519816322 60598.0 3
1717519820003 62131.0 4
1717519823871 63081.0 5
1717519827543 63916.0 6
1717519831183 65195.0 7
1717519834876 66403.0 8
1717519838661 67936.0 9
1717519842342 69554.0 10
1717519846158 71441.0 11
1717519849816 71653.0 12
1717519853500 72278.0 13
1717519857142 72653.0 14
1717519860995 73247.0 15
1717519864698 73753.0 16
1717519868464 74162.0 17
1717519872157 74382.0 18
1717519875831 74786.0 19
1717519879462 75061.0 20
1717519883178 75558.0 21
1717519886853 75416.0 22
1717519890574 76012.0 23
1717519894511 76158.0 24
1717519898203 76315.0 25
1717519901889 76549.0 26
1717519905699 76451.0 27
1717519909656 76827.0 28
1717519913137 76521.0 29
1717519916619 76950.0 30
1717519920152 76875.0 31
1717519923750 77043.0 32
1717519927912 76941.0 33
1717519931720 77104.0 34
1717519935634 77056.0 35
1717519939312 77055.0 36
1717519942929 77146.0 37
1717519946786 77170.0 38
1717519950456 76950.0 39
1717519954148 77000.0 40
1717519957855 77009.0 41
1717519961530 76995.0 42
1717519965284 77123.0 43
1717519969072 76953.0 44
1717519972631 77216.0 45
1717519976150 77006.0 46
1717519979714 76931.0 47
1717519983351 76929.0 48
1717519987026 77062.0 49
1717519990807 76971.0 50
1717519994602 77108.0 51
1717519998264 76989.0 52
1717520001942 77048.0 53
1717520005621 77096.0 54
1717520009329 77084.0 55
1717520013020 77151.0 56
1717520016659 76941.0 57
1717520020302 76971.0 58
1717520023996 77017.0 59
1717520027979 76943.0 60
1717520031904 77031.0 61
1717520035602 77240.0 62
1717520039250 77039.0 63
1717520042883 76991.0 64
1717520046528 77082.0 65
1717520050255 77091.0 66
1717520053928 77190.0 67
1717520057638 77211.0 68
1717520061317 77088.0 69
1717520065070 77039.0 70
1717520068786 77085.0 71
1717520072456 77231.0 72
1717520076193 77137.0 73
1717520079904 77293.0 74
1717520083583 77240.0 75
1717520087366 77233.0 76
1717520091088 77181.0 77
1717520094749 77206.0 78
1717520098456 77192.0 79
1717520102396 77204.0 80
1717520106529 77186.0 81
1717520110210 77250.0 82
1717520113896 77273.0 83
1717520117587 77164.0 84
1717520121277 77250.0 85
1717520125033 77261.0 86
1717520128697 77539.0 87
1717520132403 77370.0 88
1717520136135 77383.0 89
1717520139836 77592.0 90
1717520143585 77389.0 91
1717520147590 77565.0 92
1717520151303 77541.0 93
1717520155005 77318.0 94
1717520158793 77479.0 95
1717520162705 77610.0 96
1717520166548 77435.0 97
1717520170327 77549.0 98
1717520174075 77600.0 99
