1717519808287 89462.0 1
1717519812000 89462.0 2
1717519816322 89462.0 3
1717519820003 89462.0 4
1717519823871 89462.0 5
1717519827543 89462.0 6
1717519831183 89462.0 7
1717519834876 89462.0 8
1717519838661 89462.0 9
1717519842342 89462.0 10
1717519846158 89462.0 11
1717519849816 89462.0 12
1717519853500 89462.0 13
1717519857142 89462.0 14
1717519860995 89462.0 15
1717519864698 89462.0 16
1717519868464 89462.0 17
1717519872157 89462.0 18
1717519875831 89462.0 19
1717519879462 89462.0 20
1717519883178 89462.0 21
1717519886853 89462.0 22
1717519890574 89462.0 23
1717519894511 89462.0 24
1717519898203 89462.0 25
1717519901889 89462.0 26
1717519905699 89462.0 27
1717519909656 89462.0 28
1717519913137 89462.0 29
1717519916619 89462.0 30
1717519920152 89462.0 31
1717519923750 89462.0 32
1717519927912 89462.0 33
1717519931720 89462.0 34
1717519935634 89462.0 35
1717519939312 89462.0 36
1717519942929 89462.0 37
1717519946786 89462.0 38
1717519950456 89462.0 39
1717519954148 89462.0 40
1717519957855 89462.0 41
1717519961530 89462.0 42
1717519965284 89462.0 43
1717519969072 89462.0 44
1717519972631 89462.0 45
1717519976150 89462.0 46
1717519979714 89462.0 47
1717519983351 89462.0 48
1717519987026 89462.0 49
1717519990807 89462.0 50
1717519994602 89462.0 51
1717519998264 89462.0 52
1717520001942 89462.0 53
1717520005621 89462.0 54
1717520009329 89462.0 55
1717520013020 89462.0 56
1717520016659 89462.0 57
1717520020302 89462.0 58
1717520023996 89462.0 59
1717520027979 89462.0 60
1717520031904 89462.0 61
1717520035602 89462.0 62
1717520039250 89462.0 63
1717520042883 89462.0 64
1717520046528 89462.0 65
1717520050255 89462.0 66
1717520053928 89462.0 67
1717520057638 89462.0 68
1717520061317 89462.0 69
1717520065070 89462.0 70
1717520068786 89462.0 71
1717520072456 89462.0 72
1717520076193 89462.0 73
1717520079904 89462.0 74
1717520083583 89462.0 75
1717520087366 89462.0 76
1717520091088 89462.0 77
1717520094749 89462.0 78
1717520098456 89462.0 79
1717520102396 89462.0 80
1717520106529 89462.0 81
1717520110210 89462.0 82
1717520113896 89462.0 83
1717520117587 89462.0 84
1717520121277 89462.0 85
1717520125033 89462.0 86
1717520128697 89462.0 87
1717520132403 89462.0 88
1717520136135 89462.0 89
1717520139836 89462.0 90
1717520143585 89462.0 91
1717520147590 89462.0 92
1717520151303 89462.0 93
1717520155005 89462.0 94
1717520158793 89462.0 95
1717520162705 89462.0 96
1717520166548 89462.0 97
1717520170327 89462.0 98
1717520174075 89462.0 99
