1717519808287 0.31580094605573095 1
1717519812000 0.3677751488697567 2
1717519816322 0.3967619182718932 3
1717519820003 0.41729998569141763 4
1717519823871 0.4332415366951582 5
1717519827543 0.4462116562010227 6
1717519831183 0.45901400534570297 7
1717519834876 0.4719786228383866 8
1717519838661 0.48752809271363445 9
1717519842342 0.5054047849881534 10
1717519846158 0.5228029397434517 11
1717519849816 0.5355057681236103 12
1717519853500 0.5506911914125134 13
1717519857142 0.5604892089854497 14
1717519860995 0.5731828728801006 15
1717519864698 0.5842831293783047 16
1717519868464 0.5942512561398825 17
1717519872157 0.6008586639159115 18
1717519875831 0.6071240957263417 19
1717519879462 0.6134705140847416 20
1717519883178 0.6194566537613316 21
1717519886853 0.6202120335069655 22
1717519890574 0.6283983091439791 23
1717519894511 0.631719059242842 24
1717519898203 0.6343965960585656 25
1717519901889 0.6376342321432886 26
1717519905699 0.6370072018851204 27
1717519909656 0.6417772752248901 28
1717519913137 0.6410930844549055 29
1717519916619 0.6444249394078564 30
1717519920152 0.64589672186234 31
1717519923750 0.6474538658649462 32
1717519927912 0.6479116610752681 33
1717519931720 0.6501729317717244 34
1717519935634 0.6518521804817471 35
1717519939312 0.6513416070243075 36
1717519942929 0.6536755824858367 37
1717519946786 0.6566549331808705 38
1717519950456 0.6532939588436392 39
1717519954148 0.6561745968455502 40
1717519957855 0.6566611572421306 41
1717519961530 0.6560950319710839 42
1717519965284 0.6570171875746857 43
1717519969072 0.6565959275601512 44
1717519972631 0.6590157520273594 45
1717519976150 0.6598195762919694 46
1717519979714 0.6580974179476853 47
1717519983351 0.6592928056488464 48
1717519987026 0.6603068156265129 49
1717519990807 0.6563675880654607 50
1717519994602 0.6624010989141951 51
1717519998264 0.6616525850161058 52
1717520001942 0.6613244661995116 53
1717520005621 0.6628592913893716 54
1717520009329 0.6573285939607831 55
1717520013020 0.6649653469330666 56
1717520016659 0.6631730605854177 57
1717520020302 0.6610851946870689 58
1717520023996 0.6624578640444816 59
1717520027979 0.6641272854033288 60
1717520031904 0.6623368089611856 61
1717520035602 0.6662488641440683 62
1717520039250 0.6635910718018619 63
1717520042883 0.6647302868434952 64
1717520046528 0.6660071791958229 65
1717520050255 0.6656207465778383 66
1717520053928 0.6675365115559813 67
1717520057638 0.661597576714671 68
1717520061317 0.6685658112407648 69
1717520065070 0.667528341370821 70
1717520068786 0.6678056658425328 71
1717520072456 0.669860469528396 72
1717520076193 0.6690690348920374 73
1717520079904 0.6709948864770128 74
1717520083583 0.6685084028084233 75
1717520087366 0.6711053569147885 76
1717520091088 0.6718783958012009 77
1717520094749 0.6708198415564592 78
1717520098456 0.6730306964164168 79
1717520102396 0.6724092135224033 80
1717520106529 0.6731984487306668 81
1717520110210 0.6706669810840815 82
1717520113896 0.6741350269537105 83
1717520117587 0.6740948187816578 84
1717520121277 0.6731241974849161 85
1717520125033 0.6717835913747504 86
1717520128697 0.6752017946016875 87
1717520132403 0.675439118042176 88
1717520136135 0.6754155900897643 89
1717520139836 0.6779338890982414 90
1717520143585 0.6755660102247395 91
1717520147590 0.6770486381501594 92
1717520151303 0.6767966962056315 93
1717520155005 0.6769241691907233 94
1717520158793 0.6784336832510653 95
1717520162705 0.6808807459339974 96
1717520166548 0.6792118727922959 97
1717520170327 0.678567011312652 98
1717520174075 0.6792180972706104 99
