1717519808287 21488.0 1
1717519812000 21488.0 2
1717519816322 21488.0 3
1717519820003 21488.0 4
1717519823871 21488.0 5
1717519827543 21488.0 6
1717519831183 21488.0 7
1717519834876 21488.0 8
1717519838661 21488.0 9
1717519842342 21488.0 10
1717519846158 21488.0 11
1717519849816 21488.0 12
1717519853500 21488.0 13
1717519857142 21488.0 14
1717519860995 21488.0 15
1717519864698 21488.0 16
1717519868464 21488.0 17
1717519872157 21488.0 18
1717519875831 21488.0 19
1717519879462 21488.0 20
1717519883178 21488.0 21
1717519886853 21488.0 22
1717519890574 21488.0 23
1717519894511 21488.0 24
1717519898203 21488.0 25
1717519901889 21488.0 26
1717519905699 21488.0 27
1717519909656 21488.0 28
1717519913137 21488.0 29
1717519916619 21488.0 30
1717519920152 21488.0 31
1717519923750 21488.0 32
1717519927912 21488.0 33
1717519931720 21488.0 34
1717519935634 21488.0 35
1717519939312 21488.0 36
1717519942929 21488.0 37
1717519946786 21488.0 38
1717519950456 21488.0 39
1717519954148 21488.0 40
1717519957855 21488.0 41
1717519961530 21488.0 42
1717519965284 21488.0 43
1717519969072 21488.0 44
1717519972631 21488.0 45
1717519976150 21488.0 46
1717519979714 21488.0 47
1717519983351 21488.0 48
1717519987026 21488.0 49
1717519990807 21488.0 50
1717519994602 21488.0 51
1717519998264 21488.0 52
1717520001942 21488.0 53
1717520005621 21488.0 54
1717520009329 21488.0 55
1717520013020 21488.0 56
1717520016659 21488.0 57
1717520020302 21488.0 58
1717520023996 21488.0 59
1717520027979 21488.0 60
1717520031904 21488.0 61
1717520035602 21488.0 62
1717520039250 21488.0 63
1717520042883 21488.0 64
1717520046528 21488.0 65
1717520050255 21488.0 66
1717520053928 21488.0 67
1717520057638 21488.0 68
1717520061317 21488.0 69
1717520065070 21488.0 70
1717520068786 21488.0 71
1717520072456 21488.0 72
1717520076193 21488.0 73
1717520079904 21488.0 74
1717520083583 21488.0 75
1717520087366 21488.0 76
1717520091088 21488.0 77
1717520094749 21488.0 78
1717520098456 21488.0 79
1717520102396 21488.0 80
1717520106529 21488.0 81
1717520110210 21488.0 82
1717520113896 21488.0 83
1717520117587 21488.0 84
1717520121277 21488.0 85
1717520125033 21488.0 86
1717520128697 21488.0 87
1717520132403 21488.0 88
1717520136135 21488.0 89
1717520139836 21488.0 90
1717520143585 21488.0 91
1717520147590 21488.0 92
1717520151303 21488.0 93
1717520155005 21488.0 94
1717520158793 21488.0 95
1717520162705 21488.0 96
1717520166548 21488.0 97
1717520170327 21488.0 98
1717520174075 21488.0 99
