1717519808287 53726.0 1
1717519812000 51278.0 2
1717519816322 50352.0 3
1717519820003 48819.0 4
1717519823871 47869.0 5
1717519827543 47034.0 6
1717519831183 45755.0 7
1717519834876 44547.0 8
1717519838661 43014.0 9
1717519842342 41396.0 10
1717519846158 39509.0 11
1717519849816 39297.0 12
1717519853500 38672.0 13
1717519857142 38297.0 14
1717519860995 37703.0 15
1717519864698 37197.0 16
1717519868464 36788.0 17
1717519872157 36568.0 18
1717519875831 36164.0 19
1717519879462 35889.0 20
1717519883178 35392.0 21
1717519886853 35534.0 22
1717519890574 34938.0 23
1717519894511 34792.0 24
1717519898203 34635.0 25
1717519901889 34401.0 26
1717519905699 34499.0 27
1717519909656 34123.0 28
1717519913137 34429.0 29
1717519916619 34000.0 30
1717519920152 34075.0 31
1717519923750 33907.0 32
1717519927912 34009.0 33
1717519931720 33846.0 34
1717519935634 33894.0 35
1717519939312 33895.0 36
1717519942929 33804.0 37
1717519946786 33780.0 38
1717519950456 34000.0 39
1717519954148 33950.0 40
1717519957855 33941.0 41
1717519961530 33955.0 42
1717519965284 33827.0 43
1717519969072 33997.0 44
1717519972631 33734.0 45
1717519976150 33944.0 46
1717519979714 34019.0 47
1717519983351 34021.0 48
1717519987026 33888.0 49
1717519990807 33979.0 50
1717519994602 33842.0 51
1717519998264 33961.0 52
1717520001942 33902.0 53
1717520005621 33854.0 54
1717520009329 33866.0 55
1717520013020 33799.0 56
1717520016659 34009.0 57
1717520020302 33979.0 58
1717520023996 33933.0 59
1717520027979 34007.0 60
1717520031904 33919.0 61
1717520035602 33710.0 62
1717520039250 33911.0 63
1717520042883 33959.0 64
1717520046528 33868.0 65
1717520050255 33859.0 66
1717520053928 33760.0 67
1717520057638 33739.0 68
1717520061317 33862.0 69
1717520065070 33911.0 70
1717520068786 33865.0 71
1717520072456 33719.0 72
1717520076193 33813.0 73
1717520079904 33657.0 74
1717520083583 33710.0 75
1717520087366 33717.0 76
1717520091088 33769.0 77
1717520094749 33744.0 78
1717520098456 33758.0 79
1717520102396 33746.0 80
1717520106529 33764.0 81
1717520110210 33700.0 82
1717520113896 33677.0 83
1717520117587 33786.0 84
1717520121277 33700.0 85
1717520125033 33689.0 86
1717520128697 33411.0 87
1717520132403 33580.0 88
1717520136135 33567.0 89
1717520139836 33358.0 90
1717520143585 33561.0 91
1717520147590 33385.0 92
1717520151303 33409.0 93
1717520155005 33632.0 94
1717520158793 33471.0 95
1717520162705 33340.0 96
1717520166548 33515.0 97
1717520170327 33401.0 98
1717520174075 33350.0 99
