1717255469832 0.40770748257637024 1
1717255470937 0.3042089641094208 2
1717255472049 0.27646762132644653 3
1717255473111 0.2641788423061371 4
1717255474195 0.2573017477989197 5
1717255475286 0.25237134099006653 6
1717255476336 0.2475271075963974 7
1717255477401 0.24486500024795532 8
1717255478475 0.24310623109340668 9
1717255479560 0.24250911176204681 10
1717255480696 0.23855508863925934 11
1717255481795 0.23831085860729218 12
1717255482894 0.23521575331687927 13
1717255483991 0.23431989550590515 14
1717255485072 0.2326478511095047 15
1717255486157 0.23203377425670624 16
1717255487265 0.23044711351394653 17
1717255488316 0.22845874726772308 18
1717255489337 0.22899740934371948 19
1717255490396 0.22689007222652435 20
1717255491463 0.22779680788516998 21
1717255492529 0.226170614361763 22
1717255493590 0.22523654997348785 23
1717255494656 0.225042924284935 24
1717255495705 0.22422440350055695 25
1717255496774 0.22375933825969696 26
1717255497833 0.2225310355424881 27
1717255498902 0.22301000356674194 28
1717255499967 0.22194205224514008 29
1717255501093 0.2211429476737976 30
1717255502148 0.2202294021844864 31
1717255503208 0.22044898569583893 32
1717255504281 0.22011922299861908 33
1717255505347 0.2196325957775116 34
1717255506417 0.222432479262352 35
1717255507491 0.22005942463874817 36
1717255508573 0.21769016981124878 37
1717255509666 0.2171303778886795 38
1717255510701 0.21691635251045227 39
1717255511751 0.21650560200214386 40
1717255512801 0.2173815220594406 41
1717255513869 0.21723933517932892 42
1717255514909 0.21590349078178406 43
1717255515950 0.2165174037218094 44
1717255517005 0.21622030436992645 45
1717255518051 0.21613290905952454 46
1717255519125 0.2148258239030838 47
1717255520247 0.21571148931980133 48
1717255521316 0.21423551440238953 49
1717255522391 0.2139955312013626 50
1717255523467 0.21342436969280243 51
1717255524524 0.21385599672794342 52
1717255525588 0.21241460740566254 53
1717255526712 0.21236275136470795 54
1717255527751 0.21308189630508423 55
1717255528924 0.21181872487068176 56
1717255529969 0.212123304605484 57
1717255531008 0.21115745604038239 58
1717255532125 0.21025879681110382 59
1717255533236 0.20975624024868011 60
1717255534273 0.20997805893421173 61
1717255535364 0.2101527899503708 62
1717255536464 0.2105107605457306 63
1717255537481 0.20989318192005157 64
1717255538516 0.2082194834947586 65
1717255539546 0.21048739552497864 66
1717255540585 0.20805023610591888 67
1717255541610 0.21011528372764587 68
1717255542678 0.2064199447631836 69
1717255543722 0.20684367418289185 70
1717255544743 0.2067609280347824 71
1717255545764 0.2074195295572281 72
1717255546811 0.20642715692520142 73
1717255547900 0.20621366798877716 74
1717255548926 0.20608767867088318 75
1717255549965 0.20595915615558624 76
1717255551003 0.2063428908586502 77
1717255552097 0.2053164690732956 78
1717255553120 0.21105030179023743 79
1717255554160 0.20421360433101654 80
1717255555193 0.2046695202589035 81
1717255556218 0.20361845195293427 82
1717255557246 0.20379824936389923 83
1717255558258 0.2046835720539093 84
1717255559288 0.20323310792446136 85
1717255560302 0.20230068266391754 86
1717255561329 0.20259976387023926 87
1717255562371 0.20096588134765625 88
1717255563384 0.20222406089305878 89
1717255564395 0.2019079625606537 90
1717255565479 0.20274338126182556 91
1717255566494 0.19942210614681244 92
1717255567526 0.20078566670417786 93
1717255568546 0.19911281764507294 94
1717255569571 0.1977899968624115 95
1717255570601 0.20038627088069916 96
1717255571630 0.19872309267520905 97
1717255572665 0.19793525338172913 98
1717255573740 0.20095716416835785 99
