1717255469832 0.9011629866139028 1
1717255470937 0.9318185581261358 2
1717255472049 0.935126119454796 3
1717255473111 0.9373201431142916 4
1717255474195 0.9382526962783586 5
1717255475286 0.938581644535378 6
1717255476336 0.9394039583839735 7
1717255477401 0.9396976326936072 8
1717255478475 0.9397277333003492 9
1717255479560 0.9396397261960812 10
1717255480696 0.940564111864399 11
1717255481795 0.9403008564842422 12
1717255482894 0.9408019468874634 13
1717255483991 0.9411695544754992 14
1717255485072 0.941115537255866 15
1717255486157 0.941371040444673 16
1717255487265 0.9413503778537952 17
1717255488316 0.9415437503503231 18
1717255489337 0.941395175286353 19
1717255490396 0.9420761459733094 20
1717255491463 0.9419516327359705 21
1717255492529 0.9422417125293726 22
1717255493590 0.9419953937069668 23
1717255494656 0.9416749774638649 24
1717255495705 0.9419839733159269 25
1717255496774 0.9420428782934461 26
1717255497833 0.9424150152855364 27
1717255498902 0.9423506427348455 28
1717255499967 0.9427257636382206 29
1717255501093 0.9426424955971806 30
1717255502148 0.9430442910819793 31
1717255503208 0.9429038266356959 32
1717255504281 0.9429525073638044 33
1717255505347 0.9430937819436463 34
1717255506417 0.9423613514052036 35
1717255507491 0.9428690680144529 36
1717255508573 0.943518978888033 37
1717255509666 0.9435220105682631 38
1717255510701 0.943397084135832 39
1717255511751 0.9438482163417243 40
1717255512801 0.9432495391846953 41
1717255513869 0.9434524548413166 42
1717255514909 0.943638305657219 43
1717255515950 0.9436609342730847 44
1717255517005 0.9436114099043506 45
1717255518051 0.9437079665912835 46
1717255519125 0.9440483222727718 47
1717255520247 0.943865427977885 48
1717255521316 0.944220660064971 49
1717255522391 0.9439930274830026 50
1717255523467 0.9442820119289145 51
1717255524524 0.9440464707648426 52
1717255525588 0.9443942348104339 53
1717255526712 0.9444532692172755 54
1717255527751 0.9440902236472023 55
1717255528924 0.9443331275357052 56
1717255529969 0.9448228813541257 57
1717255531008 0.9447229947426159 58
1717255532125 0.9447292463616386 59
1717255533236 0.9448395409270008 60
1717255534273 0.9446602701789372 61
1717255535364 0.9446360166361278 62
1717255536464 0.9447220416143861 63
1717255537481 0.944750817618262 64
1717255538516 0.9449180953706713 65
1717255539546 0.944710606567261 66
1717255540585 0.9450053014534294 67
1717255541610 0.9445453518074232 68
1717255542678 0.9457430757213554 69
1717255543722 0.94554876387275 70
1717255544743 0.9453278017514966 71
1717255545764 0.9450914850910224 72
1717255546811 0.9452421095814848 73
1717255547900 0.9454187802755842 74
1717255548926 0.9456068363698319 75
1717255549965 0.9457201515262369 76
1717255551003 0.9452135563861738 77
1717255552097 0.9454640167727779 78
1717255553120 0.9439116415981359 79
1717255554160 0.9462299671112195 80
1717255555193 0.9459801068307437 81
1717255556218 0.9464484287890167 82
1717255557246 0.9460514468594676 83
1717255558258 0.9458273789189844 84
1717255559288 0.9462998349176918 85
1717255560302 0.9462873369617164 86
1717255561329 0.9467566794166784 87
1717255562371 0.9470771170274203 88
1717255563384 0.9464286031171816 89
1717255564395 0.9462940920287752 90
1717255565479 0.945750239534058 91
1717255566494 0.9472773514975902 92
1717255567526 0.946608473053175 93
1717255568546 0.9470764752726926 94
1717255569571 0.9479394787199256 95
1717255570601 0.9468065463594874 96
1717255571630 0.947676171004119 97
1717255572665 0.9473310260502567 98
1717255573740 0.9472864435791745 99
