1717930952463 0.9525236068359344 1
1717930955120 0.96763090110233 2
1717930957534 0.9705664570381092 3
1717930959995 0.9730312088292034 4
1717930962440 0.9738879793116293 5
1717930964890 0.9742303231502865 6
1717930967423 0.9744284106605262 7
1717930969909 0.9749411130151378 8
1717930972437 0.9754409103115972 9
1717930974933 0.9759345389064485 10
1717930977450 0.9761987855280992 11
1717930980033 0.976073342112554 12
1717930982582 0.976332017316656 13
1717930985173 0.976595400399718 14
1717930987772 0.9767461394796747 15
1717930990445 0.9767049335907267 16
