1717930952463 0.9673748991769925 1
1717930955120 0.9990040307850687 2
1717930957534 0.9989574439299037 3
1717930959995 0.997472815011559 4
1717930962440 0.9964641787682197 5
1717930964890 0.996827610725409 6
1717930967423 0.9957221229363243 7
1717930969909 0.994377468469716 8
1717930972437 0.9943789577852951 9
1717930974933 0.9942573641627025 10
1717930977450 0.9940298216022964 11
1717930980033 0.9931450084023409 12
1717930982582 0.9934385802815963 13
1717930985173 0.9935301037636737 14
1717930987772 0.9940749822151533 15
1717930990445 0.9939248380782056 16
