1717930952463 0.3458018898963928 1
1717930955120 0.20703163743019104 2
1717930957534 0.1726745069026947 3
1717930959995 0.1550629734992981 4
1717930962440 0.14500001072883606 5
1717930964890 0.1366218775510788 6
1717930967423 0.12826640903949738 7
1717930969909 0.12231723964214325 8
1717930972437 0.11815933138132095 9
1717930974933 0.11394745111465454 10
1717930977450 0.11063025891780853 11
1717930980033 0.10945723205804825 12
1717930982582 0.10607770830392838 13
1717930985173 0.10429050028324127 14
1717930987772 0.10171432048082352 15
1717930990445 0.10148359090089798 16
