1717930952463 0.939747106090606 1
1717930955120 0.9381903134498583 2
1717930957534 0.9437698787978472 3
1717930959995 0.9497828000130679 4
1717930962440 0.9523346149730374 5
1717930964890 0.9526559168925877 6
1717930967423 0.9540490301552452 7
1717930969909 0.956276538892142 8
1717930972437 0.9572383037700656 9
1717930974933 0.9582982388127855 10
1717930977450 0.9590221561988723 11
1717930980033 0.9596102687845899 12
1717930982582 0.9598240914773862 13
1717930985173 0.9602532902258961 14
1717930987772 0.9600280757444942 15
1717930990445 0.9600958008691276 16
