1717522429322 0.19657721269217251 1
1717522431666 0.21118335208791356 2
1717522434030 0.22323918107953833 3
1717522436367 0.2329611430285671 4
1717522438710 0.2520018655281878 5
1717522441065 0.2645936166288116 6
1717522443404 0.2856545366230322 7
1717522445802 0.29439416596489115 8
1717522448119 0.31283024446173063 9
1717522450446 0.3262643369610159 10
1717522452801 0.3341667393196618 11
1717522455134 0.3719191930499233 12
1717522457472 0.3789819129518514 13
1717522459777 0.41731617324730924 14
1717522462150 0.4425370143998134 15
1717522464494 0.46401804142028297 16
1717522466848 0.48326219962242656 17
1717522469161 0.5028436852270082 18
1717522471496 0.5062479943591145 19
1717522473818 0.512006804946848 20
1717522476186 0.5296589802874542 21
1717522478555 0.5240420896292745 22
1717522480923 0.530794393835835 23
1717522483255 0.5377814130607109 24
1717522485833 0.5366977555830116 25
1717522488145 0.5479968884812118 26
1717522490479 0.5421897728884704 27
1717522492853 0.5412751314832812 28
1717522495171 0.5512212871634354 29
1717522497527 0.5393485878916428 30
1717522499869 0.5513798043862098 31
1717522502221 0.5490214647849447 32
1717522504538 0.5410624551578684 33
1717522506822 0.5512512383424817 34
1717522509141 0.5637013217410516 35
1717522511493 0.5568816481687338 36
1717522513838 0.5567486449097659 37
1717522516341 0.567286885314336 38
1717522518652 0.5521902336303849 39
1717522520982 0.5687332967601186 40
1717522523325 0.5559226241150098 41
1717522525659 0.5710258305258977 42
1717522528031 0.5643506076979754 43
1717522530489 0.5689008150282907 44
1717522532856 0.5608307148515632 45
1717522535168 0.5718360121907673 46
1717522537477 0.5593262227680239 47
1717522539802 0.5713118538798063 48
1717522542093 0.5670717318168456 49
1717522544416 0.578686337159537 50
1717522546914 0.5667109794830816 51
1717522549261 0.5766809902401471 52
1717522551594 0.5820303546515623 53
1717522553875 0.5757197320573196 54
1717522556219 0.5648818887376484 55
1717522558581 0.586750136282317 56
1717522560869 0.5792840211670977 57
1717522563186 0.5853044903974429 58
1717522565494 0.58164425189842 59
1717522567833 0.5733948597419009 60
1717522570116 0.5966348505368129 61
1717522572430 0.5846303694633106 62
1717522574756 0.5823370884543689 63
1717522577066 0.5757806421228797 64
1717522579372 0.5896804425501436 65
1717522581667 0.5778116930726047 66
1717522584002 0.5792533031250547 67
1717522586337 0.5914489367420174 68
1717522588633 0.5798129977809168 69
1717522590946 0.5957659616146213 70
1717522593316 0.5864194152373419 71
1717522595628 0.5809618405079381 72
1717522597951 0.5816882968350198 73
1717522600298 0.5979167971427627 74
1717522602651 0.5821150540655499 75
1717522604978 0.5943159452221197 76
1717522607592 0.583660521405663 77
1717522609941 0.5986862963943848 78
1717522612273 0.5831281096790941 79
1717522614567 0.5964680032571222 80
1717522616851 0.5892973177654558 81
1717522619151 0.5967721309045814 82
1717522621436 0.5836933345501655 83
1717522623761 0.5917494939150247 84
1717522626092 0.5887985623493657 85
1717522628458 0.5977084200525784 86
1717522630755 0.595074835751818 87
1717522633026 0.59313507685209 88
1717522635586 0.5958195163639763 89
1717522637904 0.5966325809944251 90
1717522640486 0.5958050346550398 91
1717522643077 0.6006059835253643 92
1717522645451 0.5970899577828639 93
1717522647765 0.5942620715124689 94
1717522650096 0.5981222550025077 95
1717522652409 0.5956800431877144 96
1717522654738 0.6014027557775253 97
1717522657052 0.6018474962916229 98
1717522659339 0.6000068256363966 99
