1717522429322 1.4950870275497437 1
1717522431666 1.4286391735076904 2
1717522434030 1.3909779787063599 3
1717522436367 1.3680493831634521 4
1717522438710 1.3382914066314697 5
1717522441065 1.320748209953308 6
1717522443404 1.2988698482513428 7
1717522445802 1.2775858640670776 8
1717522448119 1.2577872276306152 9
1717522450446 1.2416025400161743 10
1717522452801 1.2181438207626343 11
1717522455134 1.1933315992355347 12
1717522457472 1.1525499820709229 13
1717522459777 1.1147531270980835 14
1717522462150 1.0722572803497314 15
1717522464494 1.0408028364181519 16
1717522466848 1.0112015008926392 17
1717522469161 0.9850419163703918 18
1717522471496 0.9533734917640686 19
1717522473818 0.9289286732673645 20
1717522476186 0.9042928218841553 21
1717522478555 0.8861179947853088 22
1717522480923 0.8642009496688843 23
1717522483255 0.8381245136260986 24
1717522485833 0.8173904418945312 25
1717522488145 0.802548348903656 26
1717522490479 0.7923666834831238 27
1717522492853 0.781309187412262 28
1717522495171 0.7667858004570007 29
1717522497527 0.7594884037971497 30
1717522499869 0.7536866664886475 31
1717522502221 0.7452856302261353 32
1717522504538 0.7385003566741943 33
1717522506822 0.7252026200294495 34
1717522509141 0.7168383002281189 35
1717522511493 0.70337975025177 36
1717522513838 0.6962021589279175 37
1717522516341 0.6929314136505127 38
1717522518652 0.6879178285598755 39
1717522520982 0.6852483153343201 40
1717522523325 0.6818329095840454 41
1717522525659 0.6726602911949158 42
1717522528031 0.669134259223938 43
1717522530489 0.6723765134811401 44
1717522532856 0.6756037473678589 45
1717522535168 0.6713047027587891 46
1717522537477 0.6663030385971069 47
1717522539802 0.6593960523605347 48
1717522542093 0.6535274386405945 49
1717522544416 0.6482926607131958 50
1717522546914 0.6442367434501648 51
1717522549261 0.6416669487953186 52
1717522551594 0.6343401670455933 53
1717522553875 0.6335887312889099 54
1717522556219 0.6327750086784363 55
1717522558581 0.62420654296875 56
1717522560869 0.6205928921699524 57
1717522563186 0.617613673210144 58
1717522565494 0.6182428598403931 59
1717522567833 0.613734781742096 60
1717522570116 0.6124754548072815 61
1717522572430 0.6114248037338257 62
1717522574756 0.6139954328536987 63
1717522577066 0.6144756078720093 64
1717522579372 0.6095789670944214 65
1717522581667 0.6074334979057312 66
1717522584002 0.6037400364875793 67
1717522586337 0.6013872623443604 68
1717522588633 0.5992574095726013 69
1717522590946 0.5978880524635315 70
1717522593316 0.6066758036613464 71
1717522595628 0.5998974442481995 72
1717522597951 0.5911809206008911 73
1717522600298 0.5845731496810913 74
1717522602651 0.5963626503944397 75
1717522604978 0.5868499875068665 76
1717522607592 0.5822966694831848 77
1717522609941 0.5791270136833191 78
1717522612273 0.5824599862098694 79
1717522614567 0.5777185559272766 80
1717522616851 0.5800121426582336 81
1717522619151 0.5796520113945007 82
1717522621436 0.5866075754165649 83
1717522623761 0.5844353437423706 84
1717522626092 0.5761009454727173 85
1717522628458 0.5722283720970154 86
1717522630755 0.5688055157661438 87
1717522633026 0.5677645206451416 88
1717522635586 0.5662631988525391 89
1717522637904 0.5623244047164917 90
1717522640486 0.56495600938797 91
1717522643077 0.5618953108787537 92
1717522645451 0.5649091005325317 93
1717522647765 0.565616250038147 94
1717522650096 0.5621793866157532 95
1717522652409 0.5588600039482117 96
1717522654738 0.5580947399139404 97
1717522657052 0.5586121678352356 98
1717522659339 0.559181272983551 99
