1717522429322 0.29453454776264737 1
1717522431666 0.3240717835347026 2
1717522434030 0.32520926162391367 3
1717522436367 0.3254343226008357 4
1717522438710 0.3473119475770723 5
1717522441065 0.3627969782495989 6
1717522443404 0.3799606422552906 7
1717522445802 0.3958599297769257 8
1717522448119 0.40737316010761476 9
1717522450446 0.41835573062416903 10
1717522452801 0.43273956147711096 11
1717522455134 0.4558601155233007 12
1717522457472 0.48118781278606015 13
1717522459777 0.5077847908896428 14
1717522462150 0.5311961694905272 15
1717522464494 0.5473294236543853 16
1717522466848 0.5627547849691276 17
1717522469161 0.5780825231080733 18
1717522471496 0.588041819546784 19
1717522473818 0.5954427167232659 20
1717522476186 0.609718227171552 21
1717522478555 0.6082250134657661 22
1717522480923 0.614320068967346 23
1717522483255 0.6220699535442148 24
1717522485833 0.6281892749737353 25
1717522488145 0.6354539374023677 26
1717522490479 0.6336104076232923 27
1717522492853 0.6359791066362602 28
1717522495171 0.6434615603703738 29
1717522497527 0.6406889729997893 30
1717522499869 0.6449489210862215 31
1717522502221 0.6472829258947274 32
1717522504538 0.6442672032076359 33
1717522506822 0.6508751497216095 34
1717522509141 0.6581725561644645 35
1717522511493 0.6608121831239485 36
1717522513838 0.6601501036819001 37
1717522516341 0.6650628061568562 38
1717522518652 0.6602678163334031 39
1717522520982 0.6675265720420772 40
1717522523325 0.6619820598285586 41
1717522525659 0.6709511641296666 42
1717522528031 0.6690069486218978 43
1717522530489 0.6709263773938474 44
1717522532856 0.6675209732090397 45
1717522535168 0.672473640257955 46
1717522537477 0.6670929508710955 47
1717522539802 0.6741808365315449 48
1717522542093 0.6754559815695406 49
1717522544416 0.6806501237788896 50
1717522546914 0.6765631301776491 51
1717522549261 0.6809935789806765 52
1717522551594 0.6843272637728788 53
1717522553875 0.682505503353197 54
1717522556219 0.6777018341204458 55
1717522558581 0.6895456214910837 56
1717522560869 0.6872225905873328 57
1717522563186 0.6913140340946226 58
1717522565494 0.6899482586093576 59
1717522567833 0.6864465170527206 60
1717522570116 0.6961886581561415 61
1717522572430 0.6918038293805757 62
1717522574756 0.6898900896582327 63
1717522577066 0.6859758542228725 64
1717522579372 0.6943256278713598 65
1717522581667 0.6889243885098806 66
1717522584002 0.6900813839856397 67
1717522586337 0.6968902571362886 68
1717522588633 0.692013821888437 69
1717522590946 0.6986015584196712 70
1717522593316 0.6925342847157734 71
1717522595628 0.6924808177147412 72
1717522597951 0.6944688579827786 73
1717522600298 0.7040706435584286 74
1717522602651 0.6929345284003682 75
1717522604978 0.7014795169115221 76
1717522607592 0.6985904189054378 77
1717522609941 0.7051683744493483 78
1717522612273 0.6979550299981533 79
1717522614567 0.7042672248611502 80
1717522616851 0.7003718780407922 81
1717522619151 0.7044269620115922 82
1717522621436 0.6979963030457819 83
1717522623761 0.7003785374592189 84
1717522626092 0.7019561564238278 85
1717522628458 0.7060144531099056 86
1717522630755 0.7065350088929202 87
1717522633026 0.70566383265754 88
1717522635586 0.706795801078256 89
1717522637904 0.7077068931278684 90
1717522640486 0.7081835840647549 91
1717522643077 0.7106132145910966 92
1717522645451 0.7070105574843016 93
1717522647765 0.7058401090851536 94
1717522650096 0.709825895514631 95
1717522652409 0.709013592318908 96
1717522654738 0.7119548675579126 97
1717522657052 0.7124828547465453 98
1717522659339 0.7106820024274945 99
