1710594517829 0.4910809397697449 1
1710594517981 0.6429721117019653 2
1710594518130 0.6552563905715942 3
1710594518287 0.6641458868980408 4
1710594518433 0.6667326092720032 5
1710594518575 0.6820050477981567 6
1710594518720 0.6849691867828369 7
1710594518866 0.7170653343200684 8
1710594519010 0.7154210805892944 9
1710594519153 0.7341143488883972 10
1710594519297 0.735366702079773 11
1710594519441 0.7402667999267578 12
1710594519585 0.7519890069961548 13
1710594519731 0.7459381222724915 14
1710594519874 0.7414540648460388 15
1710594520024 0.7446688413619995 16
1710594520170 0.7415214776992798 17
1710594520314 0.7281721830368042 18
1710594520458 0.7477427124977112 19
1710594520603 0.7458664178848267 20
1710594520747 0.7440466284751892 21
1710594520890 0.7505141496658325 22
1710594521036 0.7481287121772766 23
1710594521180 0.7558075785636902 24
1710594521325 0.7667636871337891 25
1710594521469 0.7668606042861938 26
1710594521614 0.7711663246154785 27
1710594521758 0.7717674970626831 28
1710594521903 0.7667277455329895 29
1710594522046 0.7674846649169922 30
1710594522190 0.7725702524185181 31
1710594522335 0.7733462452888489 32
1710594522478 0.7715110778808594 33
1710594522624 0.7833282351493835 34
1710594522768 0.7850486040115356 35
1710594522916 0.7776519060134888 36
1710594523062 0.7838143110275269 37
1710594523211 0.7824705839157104 38
1710594523356 0.799124538898468 39
1710594523503 0.7818514108657837 40
1710594523650 0.7723971605300903 41
1710594523791 0.7744606733322144 42
1710594523934 0.7865400910377502 43
1710594524080 0.783444344997406 44
1710594524223 0.7885616421699524 45
1710594524369 0.7985448241233826 46
1710594524512 0.8007184267044067 47
1710594524656 0.8186061978340149 48
1710594524798 0.8076201677322388 49
1710594524944 0.7920037508010864 50
1710594525091 0.7973365783691406 51
1710594525231 0.7888414263725281 52
1710594525375 0.7957087755203247 53
1710594525519 0.7619302272796631 54
1710594525664 0.7944118976593018 55
1710594525809 0.765315592288971 56
1710594525954 0.7880741357803345 57
1710594526098 0.7978602647781372 58
1710594526242 0.8032369613647461 59
1710594526388 0.8157696723937988 60
1710594526532 0.8149255514144897 61
1710594526677 0.8294952511787415 62
1710594526823 0.8404140472412109 63
1710594526965 0.8420211672782898 64
1710594527110 0.8455816507339478 65
1710594527256 0.8319852948188782 66
1710594527399 0.8366848230361938 67
1710594527543 0.7931779623031616 68
1710594527689 0.8213160634040833 69
1710594527834 0.799638569355011 70
1710594527979 0.7922821044921875 71
1710594528124 0.7894668579101562 72
1710594528267 0.8024469614028931 73
1710594528414 0.8008888363838196 74
1710594528559 0.8031830787658691 75
1710594528698 0.8225257992744446 76
1710594528841 0.824203610420227 77
1710594528985 0.840656578540802 78
1710594529127 0.8324018716812134 79
1710594529274 0.8260191679000854 80
1710594529423 0.8437672853469849 81
1710594529567 0.8303148150444031 82
1710594529714 0.8351716995239258 83
1710594529862 0.8369985818862915 84
1710594530007 0.8379888534545898 85
1710594530152 0.8432639241218567 86
1710594530293 0.8452972173690796 87
1710594530435 0.8555870056152344 88
1710594530587 0.8450803756713867 89
1710594530731 0.8212052583694458 90
1710594530880 0.8091363906860352 91
1710594531025 0.8328329920768738 92
1710594531171 0.8250996470451355 93
1710594531319 0.8140062093734741 94
1710594531471 0.8442096710205078 95
1710594531616 0.8353639841079712 96
1710594531766 0.8489929437637329 97
1710594531912 0.8522742986679077 98
1710594532058 0.8604243993759155 99
1710594532203 0.8632568120956421 100
1710594532352 0.8496115803718567 101
1710594532496 0.8027399778366089 102
1710594532640 0.7472538352012634 103
1710594532785 0.7191427946090698 104
1710594532934 0.7232603430747986 105
1710594533076 0.742655873298645 106
1710594533221 0.7459123730659485 107
1710594533369 0.7638787627220154 108
1710594533518 0.7747027277946472 109
1710594533658 0.7895092964172363 110
1710594533800 0.7991228103637695 111
1710594533952 0.8067132234573364 112
1710594534094 0.7947930693626404 113
1710594534254 0.7989686727523804 114
1710594534405 0.8083952069282532 115
1710594534556 0.7968000769615173 116
1710594534705 0.8165685534477234 117
1710594534862 0.8163192868232727 118
1710594535008 0.8224717974662781 119
1710594535156 0.8258179426193237 120
1710594535340 0.7984477281570435 121
1710594535486 0.8245874643325806 122
1710594535687 0.8129351735115051 123
1710594535834 0.8134828805923462 124
1710594535978 0.8285585641860962 125
1710594536124 0.8090168237686157 126
1710594536266 0.8263179659843445 127
1710594536413 0.8300775289535522 128
1710594536559 0.8415940403938293 129
1710594536708 0.8384678959846497 130
1710594536850 0.8487499952316284 131
1710594537024 0.8466936945915222 132
1710594537170 0.8448673486709595 133
1710594537313 0.8417936563491821 134
1710594537459 0.8200856447219849 135
1710594537602 0.8053058385848999 136
1710594537740 0.8057259321212769 137
1710594537890 0.8157603144645691 138
1710594538035 0.8045374155044556 139
1710594538181 0.8236516118049622 140
1710594538325 0.8347917795181274 141
1710594538472 0.8381962776184082 142
1710594538616 0.840485692024231 143
1710594538763 0.8464701771736145 144
1710594538909 0.8494413495063782 145
1710594539055 0.8324216604232788 146
1710594539205 0.821763813495636 147
1710594539347 0.8034471273422241 148
1710594539492 0.8173362612724304 149
1710594539644 0.8043004870414734 150
1710594539789 0.8369523882865906 151
1710594539937 0.8366594314575195 152
1710594540077 0.8489319682121277 153
1710594540223 0.859427273273468 154
1710594540365 0.8604737520217896 155
1710594540514 0.8641403317451477 156
1710594540654 0.8694382905960083 157
1710594540798 0.8691390752792358 158
1710594540943 0.8609163165092468 159
1710594541087 0.8683396577835083 160
1710594541233 0.8592392206192017 161
1710594541380 0.852974534034729 162
1710594541525 0.8344312906265259 163
1710594541670 0.840868353843689 164
1710594541814 0.8438571691513062 165
1710594541961 0.8360052108764648 166
1710594542106 0.8292245864868164 167
1710594542251 0.8531253933906555 168
1710594542395 0.8462184071540833 169
1710594542539 0.8370952606201172 170
1710594542685 0.84954434633255 171
1710594542827 0.8539827466011047 172
1710594542977 0.8673804402351379 173
1710594543118 0.8617002367973328 174
1710594543265 0.8558701276779175 175
1710594543412 0.8581436276435852 176
1710594543556 0.8730785250663757 177
1710594543701 0.8792248964309692 178
1710594543852 0.879925549030304 179
1710594544006 0.864305853843689 180
1710594544160 0.8580774068832397 181
1710594544306 0.8617095947265625 182
1710594544454 0.862431526184082 183
1710594544606 0.8505012392997742 184
1710594544750 0.8571761250495911 185
1710594544898 0.8676018714904785 186
1710594545043 0.8611472845077515 187
1710594545188 0.8551209568977356 188
1710594545333 0.8704703450202942 189
1710594545477 0.8672451972961426 190
1710594545620 0.8699108362197876 191
1710594545761 0.8420628309249878 192
1710594545904 0.8424757719039917 193
1710594546049 0.8091060519218445 194
1710594546190 0.7875687479972839 195
1710594546334 0.8056930303573608 196
1710594546510 0.7966368794441223 197
1710594546654 0.8251376152038574 198
1710594546797 0.844429612159729 199
