1710594517829 0.7427171912862788 1
1710594517981 0.8668221359392682 2
1710594518130 0.9425684067080896 3
1710594518287 0.9163979056057749 4
1710594518433 0.9426383832986016 5
1710594518575 0.9092380691409641 6
1710594518720 0.9498724326137358 7
1710594518866 0.8958926384613667 8
1710594519010 0.8996124042192113 9
1710594519153 0.8966100640657995 10
1710594519297 0.8968074927333305 11
1710594519441 0.8760099900035397 12
1710594519585 0.9028314229961957 13
1710594519731 0.902159786731892 14
1710594519874 0.8948754040896276 15
1710594520024 0.8842870320926588 16
1710594520170 0.8606085299489985 17
1710594520314 0.8839766121792856 18
1710594520458 0.8851648941513147 19
1710594520603 0.8739810468252713 20
1710594520747 0.9014592871124851 21
1710594520890 0.8975884038925125 22
1710594521036 0.8754543721990442 23
1710594521180 0.8857136883472763 24
1710594521325 0.9017084814255151 25
1710594521469 0.8661800845835051 26
1710594521614 0.858064422231914 27
1710594521758 0.9013480374949694 28
1710594521903 0.9104341796216359 29
1710594522046 0.860605840993563 30
1710594522190 0.9017778074128404 31
1710594522335 0.8977242550335547 32
1710594522478 0.8810936221339247 33
1710594522624 0.8743484553091833 34
1710594522768 0.9106302332707614 35
1710594522916 0.8973519797428959 36
1710594523062 0.888464019380193 37
1710594523211 0.8770363799204656 38
1710594523356 0.8852305978864667 39
1710594523503 0.9091979902908267 40
1710594523650 0.8994649146895656 41
1710594523791 0.8641995935369119 42
1710594523934 0.8883726143005838 43
1710594524080 0.9281332188400644 44
1710594524223 0.8895611021805359 45
1710594524369 0.9002042327537229 46
1710594524512 0.9122111977067158 47
1710594524656 0.9039070370696299 48
1710594524798 0.9155267241867773 49
1710594524944 0.8918811001108878 50
1710594525091 0.8768665863987918 51
1710594525231 0.8690409122827105 52
1710594525375 0.9363395873406792 53
1710594525519 0.86657599077596 54
1710594525664 0.8376733104026368 55
1710594525809 0.9434942018312571 56
1710594525954 0.850102726930311 57
1710594526098 0.9405482452539708 58
1710594526242 0.8745422582800343 59
1710594526388 0.9096851884549064 60
1710594526532 0.9002646653070923 61
1710594526677 0.9230225079303557 62
1710594526823 0.9012573958308359 63
1710594526965 0.9161297248240796 64
1710594527110 0.9155435550038501 65
1710594527256 0.9044102103523752 66
1710594527399 0.9005837083169137 67
1710594527543 0.8654790095888497 68
1710594527689 0.8802532732375088 69
1710594527834 0.9216274768758176 70
1710594527979 0.9094605147825259 71
1710594528124 0.8363099577923532 72
1710594528267 0.8940560842096957 73
1710594528414 0.9152202972693214 74
1710594528559 0.8857137835537763 75
1710594528698 0.9013720275865241 76
1710594528841 0.9252972258184476 77
1710594528985 0.9073849190729835 78
1710594529127 0.9091263099834528 79
1710594529274 0.9064048390754442 80
1710594529423 0.8917145747058395 81
1710594529567 0.9027544038497647 82
1710594529714 0.9163867181774992 83
1710594529862 0.8775269241024171 84
1710594530007 0.9080498242943467 85
1710594530152 0.8965786605037545 86
1710594530293 0.9209065246281106 87
1710594530435 0.9254977719119 88
1710594530587 0.9085421643031351 89
1710594530731 0.8474485635977578 90
1710594530880 0.924346187508981 91
1710594531025 0.872687711284384 92
1710594531171 0.8814775543084368 93
1710594531319 0.9270860826802446 94
1710594531471 0.8719141439000989 95
1710594531616 0.9381684412523124 96
1710594531766 0.9020601094365736 97
1710594531912 0.9024097999536703 98
1710594532058 0.9138723251245917 99
1710594532203 0.9137948170205192 100
1710594532352 0.9102061656941782 101
1710594532496 0.8963337450938559 102
1710594532640 0.854104262405899 103
1710594532785 0.846836735830476 104
1710594532934 0.8190513635029243 105
1710594533076 0.9009666910242358 106
1710594533221 0.8695790586585431 107
1710594533369 0.919743305971606 108
1710594533518 0.8872891171205151 109
1710594533658 0.8960427898716521 110
1710594533800 0.9022656284389512 111
1710594533952 0.9019527632499453 112
1710594534094 0.9225314019385908 113
1710594534254 0.8580784955989061 114
1710594534405 0.9133643134499172 115
1710594534556 0.9320098807248695 116
1710594534705 0.916554306889134 117
1710594534862 0.882696665808645 118
1710594535008 0.9238078686379968 119
1710594535156 0.9054433980989138 120
1710594535340 0.8878027661546973 121
1710594535486 0.8889458467938297 122
1710594535687 0.9398261726457398 123
1710594535834 0.8636618421433683 124
1710594535978 0.8813077041803755 125
1710594536124 0.948849948307466 126
1710594536266 0.8653758102373418 127
1710594536413 0.9168162252484 128
1710594536559 0.9230795387755366 129
1710594536708 0.8983451501955729 130
1710594536850 0.9064439848821486 131
1710594537024 0.9266803298314926 132
1710594537170 0.9066564915916301 133
1710594537313 0.8828158168879817 134
1710594537459 0.9271857546560005 135
1710594537602 0.8935977709236511 136
1710594537740 0.8626167110394777 137
1710594537890 0.8755919702873447 138
1710594538035 0.8975433527824832 139
1710594538181 0.918849202618615 140
1710594538325 0.9069000819143296 141
1710594538472 0.9181321870717987 142
1710594538616 0.9182818245669996 143
1710594538763 0.9230366703047231 144
1710594538909 0.8920858480517395 145
1710594539055 0.8767664343536117 146
1710594539205 0.9312375304988538 147
1710594539347 0.8847702419872275 148
1710594539492 0.8491344671278218 149
1710594539644 0.9242947042292917 150
1710594539789 0.917366602879247 151
1710594539937 0.9136160964710015 152
1710594540077 0.9149384603151349 153
1710594540223 0.9160831346201558 154
1710594540365 0.9195607767203647 155
1710594540514 0.9341675038685155 156
1710594540654 0.9244820177611957 157
1710594540798 0.9143656218140069 158
1710594540943 0.9323092254752835 159
1710594541087 0.9370359682981448 160
1710594541233 0.9042009165613667 161
1710594541380 0.8750446567085188 162
1710594541525 0.9347523323464599 163
1710594541670 0.8921517814551437 164
1710594541814 0.8673308140963243 165
1710594541961 0.9507279293371711 166
1710594542106 0.8931916440765587 167
1710594542251 0.9023946881262711 168
1710594542395 0.923328558015237 169
1710594542539 0.9227465623990145 170
1710594542685 0.8821666506394916 171
1710594542827 0.9567621505922759 172
1710594542977 0.9150823224394804 173
1710594543118 0.8980703677494042 174
1710594543265 0.9471697164645322 175
1710594543412 0.8936139383854036 176
1710594543556 0.9206899837554557 177
1710594543701 0.9476423229428868 178
1710594543852 0.9239377492274127 179
1710594544006 0.9107789949350241 180
1710594544160 0.9517431344431747 181
1710594544306 0.893048393191413 182
1710594544454 0.9139505856380816 183
1710594544606 0.9104981894643981 184
1710594544750 0.927706649926819 185
1710594544898 0.8992479943830466 186
1710594545043 0.9340444879981591 187
1710594545188 0.937040350038016 188
1710594545333 0.8900322842986483 189
1710594545477 0.9330019813851278 190
1710594545620 0.9374577323632984 191
1710594545761 0.9032472493538876 192
1710594545904 0.8589316285891613 193
1710594546049 0.9548554970735654 194
1710594546190 0.8319753589686979 195
1710594546334 0.8465978947229326 196
1710594546510 0.9385074881294895 197
1710594546654 0.8945109064918171 198
1710594546797 0.9033640259138414 199
