1716240159977 0.36914271116256714 1
1716240167593 0.504932165145874 2
1716240175364 0.5350059270858765 3
1716240183867 0.5454782247543335 4
1716240192165 0.5555621981620789 5
1716240199953 0.5621995329856873 6
1716240207813 0.5672107338905334 7
1716240215582 0.579249382019043 8
1716240223453 0.5983389616012573 9
1716240231412 0.6004508137702942 10
1716240239720 0.6075515747070312 11
1716240248252 0.6133179068565369 12
1716240256014 0.6170786023139954 13
1716240263655 0.6199719309806824 14
1716240271447 0.6230288743972778 15
1716240279334 0.6253875494003296 16
1716240287338 0.6280845999717712 17
1716240295112 0.6304216980934143 18
1716240302941 0.6323971748352051 19
1716240310797 0.6343021988868713 20
1716240318726 0.6360348463058472 21
1716240326631 0.6375879049301147 22
1716240334610 0.6393212080001831 23
1716240343192 0.641495406627655 24
1716240351501 0.6433619260787964 25
1716240359301 0.6450291275978088 26
1716240367707 0.6466585993766785 27
1716240375632 0.6481309533119202 28
1716240383555 0.6496130228042603 29
1716240391454 0.6501396298408508 30
1716240399884 0.6516711711883545 31
1716240408492 0.6526902318000793 32
1716240416629 0.653882622718811 33
1716240424587 0.6547228693962097 34
1716240432558 0.6558389067649841 35
1716240440868 0.6570204496383667 36
1716240449090 0.6576390862464905 37
1716240456902 0.6588779091835022 38
1716240465492 0.6606956124305725 39
1716240473425 0.6618161797523499 40
1716240481525 0.6630107164382935 41
1716240490054 0.664616584777832 42
1716240498171 0.6659544706344604 43
1716240506322 0.6673451066017151 44
1716240514273 0.6683595180511475 45
1716240523228 0.6701985597610474 46
1716241782501 0.6715160608291626 47
1716241792574 0.6733254194259644 48
1716242131994 0.6751694679260254 49
1716242140925 0.676849901676178 50
1716242446658 0.6783095002174377 51
1716242454708 0.6803116798400879 52
1716244001898 0.6820129752159119 53
1716244009870 0.6854938268661499 54
1716246102463 0.6872860193252563 55
1716246110758 0.6896695494651794 56
1716247147274 0.6920186281204224 57
1716249956250 0.6944337487220764 58
1716250879597 0.695029616355896 59
1716252852698 0.6958044171333313 60
1716255867080 0.6988175511360168 61
1716256894140 0.7030488848686218 62
1716258783625 0.7059020400047302 63
1716260903509 0.7077254056930542 64
1716260913015 0.7095813751220703 65
1716260927833 0.7105465531349182 66
1716261602905 0.7119351029396057 67
1716261611018 0.7125052809715271 68
1716262758180 0.7135027647018433 69
1716262766162 0.7146645784378052 70
1716263758525 0.7154011130332947 71
1716264066206 0.7157769203186035 72
1716265956188 0.7165318727493286 73
1716266206316 0.7169439792633057 74
1716266215419 0.7179090976715088 75
1716266223715 0.7182074785232544 76
1716266232058 0.7185418009757996 77
1716266240239 0.719334065914154 78
1716266248215 0.7204822897911072 79
1716266256204 0.7203505039215088 80
1716266939874 0.7212777733802795 81
1716266947948 0.7223274111747742 82
1716266956160 0.7222571969032288 83
1716266964221 0.7231391668319702 84
1716266972259 0.7234103083610535 85
1716266980316 0.7236798405647278 86
1716267070192 0.7244990468025208 87
1716267078271 0.7243684530258179 88
1716267086243 0.7252757549285889 89
1716267094145 0.7246102094650269 90
1716267102410 0.725725531578064 91
1716267983449 0.7267382740974426 92
1716267992120 0.7269800305366516 93
1716268000152 0.7269763350486755 94
1716268008196 0.7272881269454956 95
1716268016151 0.7270808815956116 96
1716268024126 0.727593719959259 97
1716268032773 0.7284771800041199 98
1716268041604 0.7283806800842285 99
