1716240159977 0.7605886671833957 1
1716240167593 0.8735986690678101 2
1716240175364 0.8886641567086886 3
1716240183867 0.8925657505301274 4
1716240192165 0.8955965750017191 5
1716240199953 0.8967033081287491 6
1716240207813 0.8974712181073261 7
1716240215582 0.9015562505745308 8
1716240223453 0.9087442726048581 9
1716240231412 0.9083887447747631 10
1716240239720 0.9110029407439817 11
1716240248252 0.9132046309213252 12
1716240256014 0.9145347984161254 13
1716240263655 0.9155507535219747 14
1716240271447 0.9166765056797376 15
1716240279334 0.9174889570832709 16
1716240287338 0.9184589051949897 17
1716240295112 0.9193083318231783 18
1716240302941 0.9200307142630267 19
1716240310797 0.9207870516829908 20
1716240318726 0.9213474922783459 21
1716240326631 0.9219152743208227 22
1716240334610 0.9225460831746488 23
1716240343192 0.9232938221814267 24
1716240351501 0.923914212668615 25
1716240359301 0.9245503104010583 26
1716240367707 0.9251425020008673 27
1716240375632 0.9256528119104647 28
1716240383555 0.9261715600484749 29
1716240391454 0.9263891419147473 30
1716240399884 0.9268656342221951 31
1716240408492 0.9272496397638412 32
1716240416629 0.927665508689816 33
1716240424587 0.9279325459747784 34
1716240432558 0.9283038111967128 35
1716240440868 0.9286994731861541 36
1716240449090 0.9289740270302351 37
1716240456902 0.9293446711370151 38
1716240465492 0.9299900266816377 39
1716240473425 0.9303659831869976 40
1716240481525 0.9308628878247768 41
1716240490054 0.9313398460982677 42
1716240498171 0.9318721635844693 43
1716240506322 0.9323599080256759 44
1716240514273 0.9326933096298655 45
1716240523228 0.9333387792679924 46
1716241782501 0.9337665611047246 47
1716241792574 0.9344004813255592 48
1716242131994 0.9349912512434122 49
1716242140925 0.9354927754025402 50
1716242446658 0.935995589075853 51
1716242454708 0.9366293033442704 52
1716244001898 0.9371846578576708 53
1716244009870 0.9381857664721795 54
1716246102463 0.9387134796727405 55
1716246110758 0.9394018605873975 56
1716247147274 0.9400706652521464 57
1716249956250 0.9407276952581975 58
1716250879597 0.940972863595307 59
1716252852698 0.9411303881269533 60
1716255867080 0.9420388300169745 61
1716256894140 0.9431719675351332 62
1716258783625 0.9439566407080117 63
1716260903509 0.9444435726524278 64
1716260913015 0.9449391681338094 65
1716260927833 0.9451948991482114 66
1716261602905 0.9455723020048885 67
1716261611018 0.9456930398302053 68
1716262758180 0.9459514809750231 69
1716262766162 0.9462313650040229 70
1716263758525 0.9464117212039181 71
1716264066206 0.9464993643154092 72
1716265956188 0.9466344466763763 73
1716266206316 0.9467608213966653 74
1716266215419 0.9469917309656358 75
1716266223715 0.9470544023509999 76
1716266232058 0.9471397454178794 77
1716266240239 0.9473409373506633 78
1716266248215 0.9476308238401697 79
1716266256204 0.9475742520256011 80
1716266939874 0.9478152060906003 81
1716266947948 0.9481087689935662 82
1716266956160 0.9480893338932821 83
1716266964221 0.948335161130328 84
1716266972259 0.948394492732104 85
1716266980316 0.9484984175992622 86
1716267070192 0.9486809300239324 87
1716267078271 0.9486365322433803 88
1716267086243 0.9488851456213027 89
1716267094145 0.948696967846117 90
1716267102410 0.9489998847962704 91
1716267983449 0.9492602241645733 92
1716267992120 0.9493027996261222 93
1716268000152 0.9492916423388658 94
1716268008196 0.9493839439654261 95
1716268016151 0.9493119174496587 96
1716268024126 0.9494773047178492 97
1716268032773 0.9496975393400837 98
1716268041604 0.9496679293551463 99
