1717655630822 134859.0 1
1717655631755 117386.0 2
1717655632608 106413.0 3
1717655633668 99633.0 4
1717655634687 94523.0 5
1717655635717 90339.0 6
1717655636803 88241.0 7
1717655637975 87143.0 8
1717655639199 86630.0 9
1717655640388 86458.0 10
1717655641558 86240.0 11
1717655642519 86193.0 12
1717655643583 86048.0 13
1717655644636 86014.0 14
1717655645669 87207.0 15
1717655646637 86183.0 16
1717655647423 86039.0 17
1717655648298 85700.0 18
1717655649110 86616.0 19
1717655650081 85566.0 20
1717655651171 85441.0 21
1717655652303 85973.0 22
1717655653373 85723.0 23
1717655654411 85320.0 24
1717655655476 85516.0 25
1717655656379 86910.0 26
1717655657580 86374.0 27
1717655658728 85839.0 28
1717655659747 85404.0 29
1717655660777 85299.0 30
1717655661707 84745.0 31
1717655662608 84853.0 32
1717655663516 84652.0 33
1717655664360 84766.0 34
1717655665295 84212.0 35
1717655666161 84421.0 36
1717655667076 84217.0 37
1717655667946 84235.0 38
1717655668894 83806.0 39
1717655669759 83841.0 40
1717655670791 84091.0 41
1717655671813 83655.0 42
1717655672674 83340.0 43
1717655673671 83016.0 44
1717655674605 82601.0 45
1717655675561 82681.0 46
1717655676377 82841.0 47
1717655677314 82490.0 48
1717655678290 82251.0 49
1717655679166 81977.0 50
1717655680047 81696.0 51
1717655680899 81450.0 52
1717655681845 81453.0 53
1717655682965 79877.0 54
1717655683964 81030.0 55
1717655684894 80854.0 56
1717655685874 80462.0 57
1717655687033 77964.0 58
1717655688045 79306.0 59
1717655689117 78186.0 60
1717655690064 76235.0 61
1717655691057 74544.0 62
1717655691932 73308.0 63
1717655692887 73638.0 64
1717655693812 72340.0 65
1717655694918 71854.0 66
1717655695831 70507.0 67
1717655696708 70388.0 68
1717655697543 69725.0 69
1717655698446 69623.0 70
1717655699462 68452.0 71
1717655700496 68295.0 72
1717655701602 68024.0 73
1717655702758 67587.0 74
1717655703707 68175.0 75
1717655704672 66640.0 76
1717655705679 67871.0 77
1717655706548 66656.0 78
1717655707432 66133.0 79
1717655708437 65561.0 80
1717655709438 66235.0 81
1717655710489 65813.0 82
1717655711424 65384.0 83
1717655712338 66262.0 84
1717655713335 65456.0 85
1717655714379 66252.0 86
1717655715586 65358.0 87
1717655716541 65103.0 88
1717655717615 65680.0 89
1717655718682 65242.0 90
1717655719526 65650.0 91
1717655720449 66668.0 92
1717655721295 66095.0 93
1717655722177 65604.0 94
1717655723089 66372.0 95
1717655724020 67014.0 96
1717655724976 65499.0 97
1717655726146 64455.0 98
1717655727234 64029.0 99
