1717338519648 0.4230769230769231 1
1717338523835 0.46153846153846156 2
1717338527878 0.46153846153846156 3
1717338532054 0.46153846153846156 4
1717338536397 0.46153846153846156 5
1717338540736 0.46153846153846156 6
1717338545874 0.46153846153846156 7
1717338550174 0.46153846153846156 8
1717338554597 0.46153846153846156 9
1717338558803 0.46153846153846156 10
1717338562938 0.46153846153846156 11
1717338567280 0.46153846153846156 12
1717338571661 0.46153846153846156 13
1717338576566 0.5 14
1717338581275 0.46153846153846156 15
1717338585674 0.46153846153846156 16
1717338590054 0.46153846153846156 17
1717338594491 0.5 18
1717338598792 0.46153846153846156 19
1717338603210 0.46153846153846156 20
1717338607496 0.46153846153846156 21
1717338612604 0.46153846153846156 22
1717338618025 0.5 23
1717338622717 0.46153846153846156 24
1717338628363 0.46153846153846156 25
1717338632789 0.46153846153846156 26
1717338637242 0.5 27
1717338642043 0.46153846153846156 28
1717338646520 0.46153846153846156 29
1717338651014 0.46153846153846156 30
1717338656786 0.5 31
1717338661630 0.46153846153846156 32
1717338666139 0.46153846153846156 33
1717338671858 0.46153846153846156 34
1717338677571 0.46153846153846156 35
1717338685552 0.46153846153846156 36
1717338692099 0.46153846153846156 37
1717338696640 0.46153846153846156 38
1717338701963 0.46153846153846156 39
1717338706857 0.46153846153846156 40
1717338712741 0.46153846153846156 41
1717338718066 0.46153846153846156 42
1717338723158 0.46153846153846156 43
1717338727715 0.46153846153846156 44
1717338732731 0.46153846153846156 45
1717338738021 0.46153846153846156 46
1717338743169 0.46153846153846156 47
1717338747974 0.46153846153846156 48
1717338752592 0.46153846153846156 49
1717338757206 0.46153846153846156 50
1717338762228 0.46153846153846156 51
1717338766962 0.46153846153846156 52
1717338771586 0.46153846153846156 53
1717338776241 0.46153846153846156 54
1717338780789 0.46153846153846156 55
1717338785480 0.46153846153846156 56
1717338790274 0.46153846153846156 57
1717338795195 0.46153846153846156 58
1717338799827 0.46153846153846156 59
1717338804529 0.46153846153846156 60
1717338809191 0.46153846153846156 61
1717338813803 0.46153846153846156 62
1717338818504 0.46153846153846156 63
1717338823140 0.46153846153846156 64
1717338827719 0.46153846153846156 65
1717338832421 0.46153846153846156 66
1717338837046 0.46153846153846156 67
1717338841691 0.46153846153846156 68
1717338846691 0.46153846153846156 69
1717338851432 0.46153846153846156 70
1717338855970 0.46153846153846156 71
1717338860574 0.46153846153846156 72
1717338865107 0.46153846153846156 73
1717338869613 0.46153846153846156 74
1717338874056 0.46153846153846156 75
1717338879122 0.46153846153846156 76
1717338884022 0.46153846153846156 77
1717338888572 0.46153846153846156 78
1717338893210 0.46153846153846156 79
1717338897798 0.46153846153846156 80
1717338902427 0.46153846153846156 81
1717338907027 0.46153846153846156 82
1717338912641 0.46153846153846156 83
1717338918110 0.46153846153846156 84
1717338923147 0.46153846153846156 85
1717338928475 0.46153846153846156 86
1717338933026 0.46153846153846156 87
1717338937638 0.46153846153846156 88
1717338942415 0.46153846153846156 89
1717338949162 0.46153846153846156 90
1717338955171 0.46153846153846156 91
1717338960285 0.46153846153846156 92
1717338964930 0.46153846153846156 93
1717338969706 0.46153846153846156 94
1717338974386 0.46153846153846156 95
1717338981696 0.46153846153846156 96
1717338986714 0.46153846153846156 97
1717338991921 0.46153846153846156 98
1717338997597 0.46153846153846156 99
