1717338519648 1.678213357925415 1
1717338523835 1.4326235055923462 2
1717338527878 1.4249577522277832 3
1717338532054 1.4228097200393677 4
1717338536397 1.422973394393921 5
1717338540736 1.4200975894927979 6
1717338545874 1.4207284450531006 7
1717338550174 1.421395182609558 8
1717338554597 1.4227663278579712 9
1717338558803 1.4331059455871582 10
1717338562938 1.4275861978530884 11
1717338567280 1.4233887195587158 12
1717338571661 1.4211363792419434 13
1717338576566 1.432850956916809 14
1717338581275 1.4279239177703857 15
1717338585674 1.420044183731079 16
1717338590054 1.420032262802124 17
1717338594491 1.433068037033081 18
1717338598792 1.4249590635299683 19
1717338603210 1.4212254285812378 20
1717338607496 1.4284794330596924 21
1717338612604 1.4202181100845337 22
1717338618025 1.432762622833252 23
1717338622717 1.427956461906433 24
1717338628363 1.4200174808502197 25
1717338632789 1.423880696296692 26
1717338637242 1.4319508075714111 27
1717338642043 1.42466402053833 28
1717338646520 1.4187589883804321 29
1717338651014 1.42499840259552 30
1717338656786 1.4341450929641724 31
1717338661630 1.429543137550354 32
1717338666139 1.4224320650100708 33
1717338671858 1.4292203187942505 34
1717338677571 1.426790714263916 35
1717338685552 1.4203039407730103 36
1717338692099 1.4300543069839478 37
1717338696640 1.4259529113769531 38
1717338701963 1.4269096851348877 39
1717338706857 1.4238598346710205 40
1717338712741 1.4224779605865479 41
1717338718066 1.4283149242401123 42
1717338723158 1.430479645729065 43
1717338727715 1.4244993925094604 44
1717338732731 1.4283820390701294 45
1717338738021 1.428573727607727 46
1717338743169 1.4268473386764526 47
1717338747974 1.424943447113037 48
1717338752592 1.4261797666549683 49
1717338757206 1.425992727279663 50
1717338762228 1.4269574880599976 51
1717338766962 1.427814245223999 52
1717338771586 1.4245249032974243 53
1717338776241 1.4227579832077026 54
1717338780789 1.4270764589309692 55
1717338785480 1.4319729804992676 56
1717338790274 1.4283262491226196 57
1717338795195 1.424562931060791 58
1717338799827 1.4246807098388672 59
1717338804529 1.4264494180679321 60
1717338809191 1.4306384325027466 61
1717338813803 1.4276890754699707 62
1717338818504 1.424482822418213 63
1717338823140 1.4268006086349487 64
1717338827719 1.4256236553192139 65
1717338832421 1.4285621643066406 66
1717338837046 1.4282500743865967 67
1717338841691 1.4266612529754639 68
1717338846691 1.425915002822876 69
1717338851432 1.4287766218185425 70
1717338855970 1.426290512084961 71
1717338860574 1.4281132221221924 72
1717338865107 1.4255820512771606 73
1717338869613 1.4255553483963013 74
1717338874056 1.425411343574524 75
1717338879122 1.4258856773376465 76
1717338884022 1.429153561592102 77
1717338888572 1.4287806749343872 78
1717338893210 1.4277153015136719 79
1717338897798 1.4262709617614746 80
1717338902427 1.4257466793060303 81
1717338907027 1.4266648292541504 82
1717338912641 1.4271677732467651 83
1717338918110 1.427709698677063 84
1717338923147 1.4284121990203857 85
1717338928475 1.4269400835037231 86
1717338933026 1.42657470703125 87
1717338937638 1.4262874126434326 88
1717338942415 1.4266154766082764 89
1717338949162 1.4270966053009033 90
1717338955171 1.4268584251403809 91
1717338960285 1.4263060092926025 92
1717338964930 1.4288915395736694 93
1717338969706 1.4258488416671753 94
1717338974386 1.4278438091278076 95
1717338981696 1.4264253377914429 96
1717338986714 1.426507830619812 97
1717338991921 1.4259365797042847 98
1717338997597 1.4260272979736328 99
