1717338519648 0.5769230769230769 1
1717338523835 0.5384615384615384 2
1717338527878 0.5384615384615384 3
1717338532054 0.5384615384615384 4
1717338536397 0.5384615384615384 5
1717338540736 0.5384615384615384 6
1717338545874 0.5384615384615384 7
1717338550174 0.5384615384615384 8
1717338554597 0.5384615384615384 9
1717338558803 0.5384615384615384 10
1717338562938 0.5384615384615384 11
1717338567280 0.5384615384615384 12
1717338571661 0.5384615384615384 13
1717338576566 0.5 14
1717338581275 0.5384615384615384 15
1717338585674 0.5384615384615384 16
1717338590054 0.5384615384615384 17
1717338594491 0.5 18
1717338598792 0.5384615384615384 19
1717338603210 0.5384615384615384 20
1717338607496 0.5384615384615384 21
1717338612604 0.5384615384615384 22
1717338618025 0.5 23
1717338622717 0.5384615384615384 24
1717338628363 0.5384615384615384 25
1717338632789 0.5384615384615384 26
1717338637242 0.5 27
1717338642043 0.5384615384615384 28
1717338646520 0.5384615384615384 29
1717338651014 0.5384615384615384 30
1717338656786 0.5 31
1717338661630 0.5384615384615384 32
1717338666139 0.5384615384615384 33
1717338671858 0.5384615384615384 34
1717338677571 0.5384615384615384 35
1717338685552 0.5384615384615384 36
1717338692099 0.5384615384615384 37
1717338696640 0.5384615384615384 38
1717338701963 0.5384615384615384 39
1717338706857 0.5384615384615384 40
1717338712741 0.5384615384615384 41
1717338718066 0.5384615384615384 42
1717338723158 0.5384615384615384 43
1717338727715 0.5384615384615384 44
1717338732731 0.5384615384615384 45
1717338738021 0.5384615384615384 46
1717338743169 0.5384615384615384 47
1717338747974 0.5384615384615384 48
1717338752592 0.5384615384615384 49
1717338757206 0.5384615384615384 50
1717338762228 0.5384615384615384 51
1717338766962 0.5384615384615384 52
1717338771586 0.5384615384615384 53
1717338776241 0.5384615384615384 54
1717338780789 0.5384615384615384 55
1717338785480 0.5384615384615384 56
1717338790274 0.5384615384615384 57
1717338795195 0.5384615384615384 58
1717338799827 0.5384615384615384 59
1717338804529 0.5384615384615384 60
1717338809191 0.5384615384615384 61
1717338813803 0.5384615384615384 62
1717338818504 0.5384615384615384 63
1717338823140 0.5384615384615384 64
1717338827719 0.5384615384615384 65
1717338832421 0.5384615384615384 66
1717338837046 0.5384615384615384 67
1717338841691 0.5384615384615384 68
1717338846691 0.5384615384615384 69
1717338851432 0.5384615384615384 70
1717338855970 0.5384615384615384 71
1717338860574 0.5384615384615384 72
1717338865107 0.5384615384615384 73
1717338869613 0.5384615384615384 74
1717338874056 0.5384615384615384 75
1717338879122 0.5384615384615384 76
1717338884022 0.5384615384615384 77
1717338888572 0.5384615384615384 78
1717338893210 0.5384615384615384 79
1717338897798 0.5384615384615384 80
1717338902427 0.5384615384615384 81
1717338907027 0.5384615384615384 82
1717338912641 0.5384615384615384 83
1717338918110 0.5384615384615384 84
1717338923147 0.5384615384615384 85
1717338928475 0.5384615384615384 86
1717338933026 0.5384615384615384 87
1717338937638 0.5384615384615384 88
1717338942415 0.5384615384615384 89
1717338949162 0.5384615384615384 90
1717338955171 0.5384615384615384 91
1717338960285 0.5384615384615384 92
1717338964930 0.5384615384615384 93
1717338969706 0.5384615384615384 94
1717338974386 0.5384615384615384 95
1717338981696 0.5384615384615384 96
1717338986714 0.5384615384615384 97
1717338991921 0.5384615384615384 98
1717338997597 0.5384615384615384 99
