1717087322689 89462.0 1
1717087323508 89462.0 2
1717087324298 89462.0 3
1717087325093 89462.0 4
1717087325943 89462.0 5
1717087326782 89462.0 6
1717087327565 89462.0 7
1717087328362 89462.0 8
1717087329161 89462.0 9
1717087329979 89462.0 10
1717087330792 89462.0 11
1717087331638 89462.0 12
1717087332450 89462.0 13
1717087333253 89462.0 14
1717087334069 89462.0 15
1717087334933 89462.0 16
1717087335762 89462.0 17
1717087336574 89462.0 18
1717087337390 89462.0 19
1717087338216 89462.0 20
1717087339043 89462.0 21
1717087339858 89462.0 22
1717087340654 89462.0 23
1717087341472 89462.0 24
1717087342292 89462.0 25
1717087343113 89462.0 26
1717087343926 89462.0 27
1717087344746 89462.0 28
1717087345561 89462.0 29
1717087346378 89462.0 30
1717087347222 89462.0 31
1717087348059 89462.0 32
1717087348847 89462.0 33
1717087349650 89462.0 34
1717087350450 89462.0 35
1717087351253 89462.0 36
1717087352079 89462.0 37
1717087352887 89462.0 38
1717087353678 89462.0 39
1717087354488 89462.0 40
1717087355290 89462.0 41
1717087356127 89462.0 42
1717087356941 89462.0 43
1717087357768 89462.0 44
1717087358591 89462.0 45
1717087359391 89462.0 46
1717087360251 89462.0 47
1717087361062 89462.0 48
1717087361867 89462.0 49
1717087362669 89462.0 50
1717087363446 89462.0 51
1717087364265 89462.0 52
1717087365068 89462.0 53
1717087365872 89462.0 54
1717087366687 89462.0 55
1717087367465 89462.0 56
1717087368274 89462.0 57
1717087369083 89462.0 58
1717087369902 89462.0 59
1717087370730 89462.0 60
1717087371540 89462.0 61
1717087372362 89462.0 62
1717087373160 89462.0 63
1717087373952 89462.0 64
1717087374765 89462.0 65
1717087375560 89462.0 66
1717087376351 89462.0 67
1717087377142 89462.0 68
1717087377944 89462.0 69
1717087378758 89462.0 70
1717087379555 89462.0 71
1717087380565 89462.0 72
1717087381387 89462.0 73
1717087382203 89462.0 74
1717087383011 89462.0 75
1717087383808 89462.0 76
1717087384589 89462.0 77
1717087385389 89462.0 78
1717087386183 89462.0 79
1717087387000 89462.0 80
1717087387801 89462.0 81
1717087388617 89462.0 82
1717087389420 89462.0 83
1717087390203 89462.0 84
1717087391065 89462.0 85
1717087391864 89462.0 86
1717087392672 89462.0 87
1717087393458 89462.0 88
1717087394283 89462.0 89
1717087395088 89462.0 90
1717087395895 89462.0 91
1717087396712 89462.0 92
1717087397502 89462.0 93
1717087398304 89462.0 94
1717087399085 89462.0 95
1717087399887 89462.0 96
1717087400680 89462.0 97
1717087401480 89462.0 98
1717087402321 89462.0 99
