1717712667742 749755.0 1
1717712675807 749755.0 2
1717712683674 749755.0 3
1717712691584 749755.0 4
1717712700224 749755.0 5
1717712707896 749755.0 6
1717712715711 749755.0 7
1717712724083 749755.0 8
1717712732213 749755.0 9
1717712740197 749755.0 10
1717712748407 749755.0 11
1717712755964 749755.0 12
1717712764243 749755.0 13
1717712772313 749755.0 14
1717712780319 749755.0 15
1717712788205 749755.0 16
1717712796104 749755.0 17
1717712804031 749755.0 18
1717712812012 749755.0 19
1717712819344 749755.0 20
1717712826915 749755.0 21
1717712834627 749755.0 22
1717712842065 749755.0 23
1717712849689 749755.0 24
1717712857279 749755.0 25
1717712865180 749755.0 26
1717712872703 749755.0 27
1717712880302 749755.0 28
1717712887603 749755.0 29
1717712895075 749755.0 30
1717712903023 749755.0 31
1717712911341 749755.0 32
1717712919070 749755.0 33
1717712926636 749755.0 34
1717712934231 749755.0 35
1717712941428 749755.0 36
1717712948670 749755.0 37
1717712955962 749755.0 38
1717712963256 749755.0 39
1717712971112 749755.0 40
1717712978342 749755.0 41
1717712986228 749755.0 42
1717712993644 749755.0 43
1717713001098 749755.0 44
1717713009030 749755.0 45
1717713016551 749755.0 46
1717713024555 749755.0 47
1717713031897 749755.0 48
1717713039101 749755.0 49
1717713046846 749755.0 50
1717713054966 749755.0 51
1717713062580 749755.0 52
1717713070466 749755.0 53
1717713077906 749755.0 54
1717713086146 749755.0 55
1717713093718 749755.0 56
1717713101335 749755.0 57
1717713109016 749755.0 58
1717713117059 749755.0 59
1717713124656 749755.0 60
1717713132790 749755.0 61
1717713140633 749755.0 62
1717713148411 749755.0 63
1717713156097 749755.0 64
1717713164139 749755.0 65
1717713172509 749755.0 66
1717713180790 749755.0 67
1717713188755 749755.0 68
1717713196466 749755.0 69
1717713203805 749755.0 70
1717713211829 749755.0 71
1717713219155 749755.0 72
1717713227216 749755.0 73
1717713235061 749755.0 74
1717713242332 749755.0 75
1717713250124 749755.0 76
1717713257913 749755.0 77
1717713265601 749755.0 78
1717713273052 749755.0 79
1717713280478 749755.0 80
1717713287875 749755.0 81
1717713295854 749755.0 82
1717713303938 749755.0 83
1717713311367 749755.0 84
1717713318982 749755.0 85
1717713326574 749755.0 86
1717713334846 749755.0 87
1717713342679 749755.0 88
1717713350604 749755.0 89
1717713358174 749755.0 90
1717713365888 749755.0 91
1717713373508 749755.0 92
1717713381770 749755.0 93
1717713389104 749755.0 94
1717713397200 749755.0 95
1717713405834 749755.0 96
1717713413527 749755.0 97
1717713421221 749755.0 98
1717713429605 749755.0 99
