1717712667742 0.4179265174865516 1
1717712675807 0.4619113411517148 2
1717712683674 0.4841298645076978 3
1717712691584 0.503222152993891 4
1717712700224 0.5183560148536058 5
1717712707896 0.5322176647247921 6
1717712715711 0.5446600074259488 7
1717712724083 0.5563046484057371 8
1717712732213 0.5642041287651142 9
1717712740197 0.5734341144919438 10
1717712748407 0.5804151899059831 11
1717712755964 0.5874645136230267 12
1717712764243 0.5924113392031916 13
1717712772313 0.5974136104636747 14
1717712780319 0.6011174437666812 15
1717712788205 0.605191966329092 16
1717712796104 0.6091569782541155 17
1717712804031 0.6117607316219664 18
1717712812012 0.6150701811571216 19
1717712819344 0.618595887917793 20
1717712826915 0.6213809643661145 21
1717712834627 0.6230823183978172 22
1717712842065 0.6261087472447184 23
1717712849689 0.6283066117419972 24
1717712857279 0.6299883525472334 25
1717712865180 0.6318682948007878 26
1717712872703 0.6338506325649127 27
1717712880302 0.6362766406292442 28
1717712887603 0.6378788052584254 29
1717712895075 0.6396810828501303 30
1717712903023 0.6411861767645363 31
1717712911341 0.642537426748992 32
1717712919070 0.6431236398698856 33
1717712926636 0.645343916144661 34
1717712934231 0.647286418867644 35
1717712941428 0.6474132452220763 36
1717712948670 0.6489869316316756 37
1717712955962 0.6506154237000797 38
1717712963256 0.65219696461838 39
1717712971112 0.6527749637296768 40
1717712978342 0.6546971572506051 41
1717712986228 0.655513793120056 42
1717712993644 0.6565858937725859 43
1717713001098 0.6577773840060736 44
1717713009030 0.6577831211627326 45
1717713016551 0.6602247288795653 46
1717713024555 0.6605970987404916 47
1717713031897 0.6606135623949901 48
1717713039101 0.6618885894618661 49
1717713046846 0.6631555309801056 50
1717713054966 0.6641622323795113 51
1717713062580 0.6650955745525557 52
1717713070466 0.6668963003056565 53
1717713077906 0.6672869443152682 54
1717713086146 0.6690237420856896 55
1717713093718 0.6699976859143103 56
1717713101335 0.6683576533652205 57
1717713109016 0.6725437311321675 58
1717713117059 0.6726078713635784 59
1717713124656 0.6736159058574986 60
1717713132790 0.6737769494844028 61
1717713140633 0.6742774094601715 62
1717713148411 0.6749351938750758 63
1717713156097 0.6757904368001671 64
1717713164139 0.6765685234916727 65
1717713172509 0.6777553616974803 66
1717713180790 0.6780934476018767 67
1717713188755 0.6777458016569188 68
1717713196466 0.6786676039041344 69
1717713203805 0.6805417455566921 70
1717713211829 0.6794984098815986 71
1717713219155 0.6822744086525108 72
1717713227216 0.6823044935449303 73
1717713235061 0.6826694734846065 74
1717713242332 0.6834428007696043 75
1717713250124 0.6831336327058306 76
1717713257913 0.6843481107730588 77
1717713265601 0.6851152538521178 78
1717713273052 0.6856412043206888 79
1717713280478 0.6860664799305707 80
1717713287875 0.6869226548428873 81
1717713295854 0.6873781080019449 82
1717713303938 0.6867655380204553 83
1717713311367 0.6869714084246886 84
1717713318982 0.6889048979756223 85
1717713326574 0.6902605678283308 86
1717713334846 0.6898018456871748 87
1717713342679 0.6910281723631904 88
1717713350604 0.6901577545577516 89
1717713358174 0.6902592033196714 90
1717713365888 0.6913064510425863 91
1717713373508 0.6920217947796201 92
1717713381770 0.6934427662867544 93
1717713389104 0.6928764250343509 94
1717713397200 0.6935771900686762 95
1717713405834 0.6908208916497031 96
1717713413527 0.6935837492170369 97
1717713421221 0.6954314779552049 98
1717713429605 0.6943026171023715 99
