1717257082491 0.0796021126505591 1
1717257114733 0.08173349663508427 2
1717257147457 0.08130703491282369 3
1717257182157 0.08251475431914498 4
1717257216234 0.08230680344319552 5
1717257254596 0.08181799293660912 6
1717257291319 0.18393706205753363 7
1717257328409 0.23203229727740116 8
1717257365957 0.2361995192088361 9
1717257403639 0.24062337165180483 10
1717257442350 0.2427918935247154 11
1717257481831 0.24383681288895157 12
1717257522736 0.24448939867266795 13
1717257566223 0.24552392981655657 14
1717257608263 0.22832662010703283 15
1717257643046 0.08181799293660912 16
1717257676239 0.15765808473780132 17
1717257709101 0.2209996245918153 18
1717257741855 0.23307328324590307 19
1717257775504 0.23444046367845672 20
1717257811164 0.2363806967890305 21
1717257846509 0.24076686165350492 22
1717257882458 0.24148242747601578 23
1717257923808 0.24281860794212365 24
1717257966390 0.2433682258796021 25
1717258008980 0.2440768429660613 26
1717258047673 0.24514058352951051 27
1717258086321 0.24514058352951051 28
1717258123907 0.2453512023310468 29
1717258161306 0.2463726636981562 30
1717258199923 0.24658485000767755 31
1717258237963 0.24658485000767755 32
1717258275781 0.2469199750915968 33
1717258314585 0.2469199750915968 34
1717258357881 0.2469199750915968 35
1717258399518 0.2469199750915968 36
1717258438188 0.2469199750915968 37
1717258476687 0.2469199750915968 38
1717258515202 0.2469199750915968 39
1717258553428 0.2469199750915968 40
1717258592979 0.2469199750915968 41
1717258631058 0.2469199750915968 42
1717258669213 0.2469199750915968 43
1717258712146 0.2469199750915968 44
1717258755340 0.2469199750915968 45
1717258799284 0.2469199750915968 46
1717258843664 0.2469199750915968 47
1717258888915 0.24715213880885917 48
1717258933689 0.24715213880885917 49
1717258978699 0.24715213880885917 50
1717259025435 0.24715213880885917 51
1717259071508 0.24715213880885917 52
1717259110275 0.24715213880885917 53
1717259148827 0.24715213880885917 54
1717259187311 0.24715213880885917 55
1717259225561 0.24715213880885917 56
1717259265721 0.24715213880885917 57
1717259304482 0.24715213880885917 58
1717259343077 0.24715213880885917 59
1717259383736 0.24715213880885917 60
1717259427992 0.24715213880885917 61
1717259472292 0.24715213880885917 62
1717259517527 0.24715213880885917 63
1717259562397 0.24715213880885917 64
1717259607531 0.24715213880885917 65
1717259652902 0.24715213880885917 66
1717259697510 0.24715213880885917 67
1717259741632 0.24715213880885917 68
1717259786425 0.24715213880885917 69
1717259831259 0.24715213880885917 70
1717259876787 0.24715213880885917 71
1717259924006 0.24715213880885917 72
1717259970543 0.24715213880885917 73
1717260017445 0.24715213880885917 74
1717260063734 0.24715213880885917 75
1717260109162 0.24715213880885917 76
1717260154922 0.24715213880885917 77
1717260201224 0.24715213880885917 78
1717260247866 0.24715213880885917 79
1717260292102 0.24715213880885917 80
1717260328315 0.24715213880885917 81
1717260363474 0.24715213880885917 82
1717260398488 0.24715213880885917 83
1717260433336 0.24715213880885917 84
1717260468967 0.24715213880885917 85
1717260505098 0.24715213880885917 86
1717260541934 0.24715213880885917 87
1717260581077 0.24715213880885917 88
1717260623398 0.24715213880885917 89
1717260665798 0.24715213880885917 90
1717260708308 0.24715213880885917 91
1717260751589 0.24715213880885917 92
1717260794615 0.24715213880885917 93
1717260837952 0.24715213880885917 94
1717260883386 0.24715213880885917 95
1717260926979 0.24715213880885917 96
1717260970544 0.24715213880885917 97
1717261014664 0.24715213880885917 98
1717261058879 0.24715213880885917 99
