1717092812260 0.9376005141075684 1
1717092815983 0.9362226221053249 2
1717092819652 0.9393836711402684 3
1717092823433 0.9481667124968447 4
1717092827194 0.9518343362348939 5
1717092830895 0.955194796294176 6
1717092834679 0.9573098164090543 7
1717092838454 0.9591618721710222 8
1717092842214 0.9599511303409632 9
1717092845949 0.9605441345161522 10
1717092849717 0.9607435045218856 11
1717092853434 0.9611722148798879 12
1717092857206 0.9613757169720446 13
1717092861064 0.9616963141086544 14
1717092864869 0.961893592125056 15
1717092868646 0.9622153430049641 16
1717092872486 0.9625992614200297 17
1717092876334 0.9636366074696561 18
1717092880119 0.9649891518252153 19
1717092883890 0.965127650367167 20
1717092887573 0.9670579461748867 21
1717092891232 0.9687098385364722 22
1717092894962 0.9693573119541773 23
1717092899141 0.9694642399784794 24
1717092903135 0.9698049067254002 25
1717092906976 0.9709652318060115 26
1717092910964 0.9683172839601029 27
1717092914856 0.9717390854171434 28
1717092918643 0.974841937348728 29
1717092922525 0.9750381264408047 30
1717092926525 0.9755631251783898 31
1717092930300 0.9776705591906855 32
1717092934424 0.9794166943149873 33
1717092938435 0.9779379156192559 34
1717092942466 0.9800604965635815 35
1717092946474 0.9809778043466972 36
1717092950383 0.9813670023188891 37
1717092954323 0.9814430669509037 38
1717092958321 0.9819236643550024 39
1717092962376 0.9822954277963982 40
1717092966234 0.9833012169989839 41
1717092970136 0.9824172297584681 42
1717092974014 0.983328519875226 43
1717092978083 0.9840381127726798 44
1717092982126 0.9842518321705335 45
1717092986300 0.9845385727567008 46
1717092990471 0.9840954201900655 47
1717092994484 0.9853106992799772 48
1717092998355 0.9847359765362752 49
1717093002341 0.9858869696871804 50
1717093006279 0.9861204894095508 51
1717093010225 0.9848392138041728 52
1717093014202 0.9857944247091175 53
1717093018143 0.9868837334208894 54
1717093022352 0.9872354661788427 55
1717093026435 0.9849552644420201 56
1717093030411 0.987384068869419 57
1717093034294 0.9876421963897967 58
1717093038314 0.983189722712629 59
1717093042300 0.9871063405225317 60
1717093046213 0.9876160521948009 61
1717093050184 0.9877499477626548 62
1717093054232 0.9880605405103631 63
1717093058134 0.9880234929869518 64
1717093062177 0.98824541548878 65
1717093066186 0.9881017000560391 66
1717093070125 0.9875113061712972 67
1717093074080 0.9883821737486408 68
1717093078124 0.9882470942915084 69
1717093082105 0.9885525978094034 70
1717093086344 0.9860004152894593 71
1717093090393 0.9886112201566564 72
1717093094473 0.9891421002816114 73
1717093098431 0.988946885845543 74
1717093102396 0.9890884385445758 75
1717093106414 0.9889059303804205 76
1717093110380 0.9889754019377407 77
1717093114542 0.9892949019834437 78
1717093118500 0.9872427690520771 79
1717093122499 0.989218043578575 80
1717093126435 0.9894706866932312 81
1717093130463 0.989679606799276 82
1717093134541 0.9893139222092109 83
1717093138503 0.9893156241213915 84
1717093142768 0.9897302037039227 85
1717093146735 0.9843553108657681 86
1717093150721 0.9885108648087154 87
1717093154728 0.989593370711102 88
1717093158696 0.9897938259515418 89
1717093162579 0.989736899396475 90
1717093166653 0.9898848308611147 91
1717093170676 0.9899714377411764 92
1717093174614 0.9898446567945125 93
1717093178642 0.9899607498948676 94
1717093182597 0.9895357044847662 95
1717093186574 0.9898367117718332 96
1717093190544 0.9900474685749325 97
1717093194494 0.990051672855404 98
1717093198453 0.9898994168836972 99
