1717092812260 341674.0 1
1717092815983 352136.0 2
1717092819652 350926.0 3
1717092823433 347204.0 4
1717092827194 345400.0 5
1717092830895 343845.0 6
1717092834679 342941.0 7
1717092838454 342056.0 8
1717092842214 341853.0 9
1717092845949 341623.0 10
1717092849717 341617.0 11
1717092853434 341355.0 12
1717092857206 341256.0 13
1717092861064 341081.0 14
1717092864869 341020.0 15
1717092868646 340861.0 16
1717092872486 340687.0 17
1717092876334 340052.0 18
1717092880119 339076.0 19
1717092883890 339298.0 20
1717092887573 338346.0 21
1717092891232 337358.0 22
1717092894962 336955.0 23
1717092899141 336797.0 24
1717092903135 337117.0 25
1717092906976 336205.0 26
1717092910964 336943.0 27
1717092914856 336062.0 28
1717092918643 334659.0 29
1717092922525 334345.0 30
1717092926525 333920.0 31
1717092930300 332690.0 32
1717092934424 332373.0 33
1717092938435 332699.0 34
1717092942466 332056.0 35
1717092946474 331745.0 36
1717092950383 331660.0 37
1717092954323 331412.0 38
1717092958321 331277.0 39
1717092962376 331271.0 40
1717092966234 330913.0 41
1717092970136 330938.0 42
1717092974014 330860.0 43
1717092978083 330600.0 44
1717092982126 330596.0 45
1717092986300 330441.0 46
1717092990471 330522.0 47
1717092994484 330198.0 48
1717092998355 330523.0 49
1717093002341 330079.0 50
1717093006279 329972.0 51
1717093010225 330512.0 52
1717093014202 330014.0 53
1717093018143 329717.0 54
1717093022352 329653.0 55
1717093026435 330364.0 56
1717093030411 329558.0 57
1717093034294 329479.0 58
1717093038314 330266.0 59
1717093042300 329563.0 60
1717093046213 329557.0 61
1717093050184 329515.0 62
1717093054232 329470.0 63
1717093058134 329531.0 64
1717093062177 329441.0 65
1717093066186 329547.0 66
1717093070125 329577.0 67
1717093074080 329376.0 68
1717093078124 329430.0 69
1717093082105 329363.0 70
1717093086344 329667.0 71
1717093090393 329203.0 72
1717093094473 329155.0 73
1717093098431 329283.0 74
1717093102396 329247.0 75
1717093106414 329254.0 76
1717093110380 329162.0 77
1717093114542 329174.0 78
1717093118500 329535.0 79
1717093122499 329197.0 80
1717093126435 329040.0 81
1717093130463 329113.0 82
1717093134541 329121.0 83
1717093138503 328956.0 84
1717093142768 329000.0 85
1717093146735 330022.0 86
1717093150721 329123.0 87
1717093154728 329041.0 88
1717093158696 328997.0 89
1717093162579 329071.0 90
1717093166653 328967.0 91
1717093170676 328971.0 92
1717093174614 329017.0 93
1717093178642 328978.0 94
1717093182597 328953.0 95
1717093186574 329056.0 96
1717093190544 328966.0 97
1717093194494 328934.0 98
1717093198453 328890.0 99
