1717931107002 0.16117826720968836 1
1717931108750 0.26139819346842885 2
1717931110528 0.2921071512784343 3
1717931112307 0.29963709650298154 4
1717931114159 0.32862769491841004 5
1717931115902 0.3243326978171014 6
1717931117692 0.3329665583636179 7
1717931119478 0.3189789815940556 8
1717931121243 0.33251876617430126 9
1717931123080 0.3474506391189192 10
1717931124823 0.35500562457472523 11
1717931126674 0.3704822608324504 12
1717931128520 0.3732865410876952 13
1717931130325 0.389409970381667 14
1717931132151 0.3935021048025519 15
1717931133937 0.38900636055759263 16
