1709665355367 0.5478087528592251 1
1709665355450 0.49261394766442007 2
1709665355526 0.49261394766442007 3
1709665355600 0.49261394766442007 4
1709665355674 0.49261394766442007 5
1709665355749 0.49261394766442007 6
1709665355823 0.49261394766442007 7
1709665355900 0.49261394766442007 8
1709665355977 0.49261394766442007 9
1709665356047 0.49261394766442007 10
1709665356119 0.49494144705074294 11
1709665356194 0.4976917847744849 12
1709665356265 0.5006854822534765 13
1709665356365 0.5044123755152535 14
