1709665355367 0.4392409324645996 1
1709665355450 0.34408456087112427 2
1709665355526 0.3376002907752991 3
1709665355600 0.33722102642059326 4
1709665355674 0.334712415933609 5
1709665355749 0.3344690203666687 6
1709665355823 0.3340841829776764 7
1709665355900 0.33323484659194946 8
1709665355977 0.3327442407608032 9
1709665356047 0.33178845047950745 10
1709665356119 0.3305659592151642 11
1709665356194 0.3290201723575592 12
1709665356265 0.32741570472717285 13
1709665356365 0.32607322931289673 14
