1717335351465 0.16775771975517273 1
1717335354289 0.18227581679821014 2
1717335357179 0.22588352859020233 3
1717335360110 0.23371577262878418 4
1717335362983 0.2335997372865677 5
1717335365879 0.23356102406978607 6
1717335368737 0.23292288184165955 7
1717335371600 0.23189766705036163 8
1717335374448 0.2299216240644455 9
1717335377454 0.22491455078125 10
1717335380938 0.22546018660068512 11
1717335383973 0.227534219622612 12
1717335386868 0.23031167685985565 13
1717335389741 0.23263362050056458 14
1717335392621 0.23540107905864716 15
1717335395445 0.23893921077251434 16
1717335398305 0.24345482885837555 17
1717335401135 0.24901528656482697 18
1717335404091 0.25574740767478943 19
1717335407299 0.26306432485580444 20
1717335410238 0.26802894473075867 21
1717335413003 0.2725709080696106 22
1717335415803 0.276279091835022 23
1717335418582 0.27947551012039185 24
1717335421411 0.2823067605495453 25
1717335424216 0.28651872277259827 26
1717335427072 0.29073283076286316 27
1717335429905 0.2947766184806824 28
1717335432749 0.29827743768692017 29
1717335436133 0.30146294832229614 30
1717335439184 0.30414292216300964 31
1717335442140 0.3066249191761017 32
1717335444941 0.30869337916374207 33
1717335447614 0.3107564449310303 34
1717335450475 0.3123641014099121 35
1717335453273 0.3147068917751312 36
1717335455998 0.31696024537086487 37
1717335458712 0.3193778395652771 38
1717335461511 0.32205498218536377 39
1717335464344 0.32420283555984497 40
1717335467580 0.32748815417289734 41
1717335470366 0.3292807638645172 42
1717335473200 0.3317773938179016 43
1717335476046 0.3341701626777649 44
1717335478983 0.3360079824924469 45
1717335481725 0.33766016364097595 46
1717335484522 0.33885130286216736 47
1717335487311 0.34016045928001404 48
1717335490040 0.3414430618286133 49
1717335492831 0.34285303950309753 50
1717335495642 0.34396466612815857 51
1717335498547 0.3452448844909668 52
1717335501309 0.34676408767700195 53
1717335504108 0.34813398122787476 54
1717335506875 0.3494536876678467 55
1717335509621 0.35102421045303345 56
1717335512374 0.35271796584129333 57
1717335515243 0.35399046540260315 58
1717335517908 0.35515305399894714 59
1717335520734 0.35618141293525696 60
1717335524049 0.35732510685920715 61
1717335526884 0.35846900939941406 62
1717335529629 0.35963910818099976 63
1717335532436 0.3605542480945587 64
1717335535270 0.36178648471832275 65
1717335537965 0.36327996850013733 66
1717335540725 0.3647274971008301 67
1717335543435 0.3660416305065155 68
1717335546131 0.3676193952560425 69
1717335548945 0.36864766478538513 70
1717335551666 0.36938539147377014 71
1717335554959 0.37045884132385254 72
1717335557951 0.3715321123600006 73
1717335560813 0.372397243976593 74
1717335563602 0.37298938632011414 75
1717335566455 0.3736606538295746 76
1717335569185 0.37417590618133545 77
1717335571860 0.37480682134628296 78
1717335574570 0.374835342168808 79
1717335577288 0.3753441274166107 80
1717335580048 0.3757844865322113 81
1717335582759 0.37594351172447205 82
1717335585624 0.3761400580406189 83
1717335588920 0.376443475484848 84
1717335591850 0.3763972818851471 85
1717335594610 0.37662672996520996 86
1717335597427 0.3766481578350067 87
1717335600155 0.3770539462566376 88
1717335602924 0.3770154118537903 89
1717335605619 0.37709397077560425 90
1717335608338 0.37707531452178955 91
1717335611155 0.3774617612361908 92
1717335613922 0.3774862587451935 93
1717335616728 0.37757596373558044 94
1717335619895 0.37768489122390747 95
1717335622832 0.37776613235473633 96
1717335625687 0.3778599798679352 97
1717335628456 0.37818631529808044 98
1717335631189 0.3782370984554291 99
