1717335351465 0.4091818363605853 1
1717335354289 0.5401352312158563 2
1717335357179 0.687943546041833 3
1717335360110 0.7196388711059224 4
1717335362983 0.7199567266979449 5
1717335365879 0.7198608428136808 6
1717335368737 0.7150536709076316 7
1717335371600 0.7072766359940976 8
1717335374448 0.6950750456800315 9
1717335377454 0.6553409245209457 10
1717335380938 0.6385570317178665 11
1717335383973 0.6347881534700514 12
1717335386868 0.6401634568947999 13
1717335389741 0.643906404649172 14
1717335392621 0.6447515612860049 15
1717335395445 0.6497163801663853 16
1717335398305 0.6546986187176153 17
1717335401135 0.6593048436314294 18
1717335404091 0.66526776428329 19
1717335407299 0.6709888570996756 20
1717335410238 0.6740260412476969 21
1717335413003 0.6758212013706147 22
1717335415803 0.6779141286238434 23
1717335418582 0.6789396729892035 24
1717335421411 0.6808454793067716 25
1717335424216 0.6853341442657341 26
1717335427072 0.6897573971440353 27
1717335429905 0.6945078362314423 28
1717335432749 0.6984188003206729 29
1717335436133 0.7021123771658913 30
1717335439184 0.7051973556224509 31
1717335442140 0.7075380002161671 32
1717335444941 0.709895560425211 33
1717335447614 0.7122315067981038 34
1717335450475 0.7139229488381057 35
1717335453273 0.7165900696397007 36
1717335455998 0.7191871173624376 37
1717335458712 0.7217029903579845 38
1717335461511 0.7246357152898126 39
1717335464344 0.727291863900575 40
1717335467580 0.7309559639809539 41
1717335470366 0.7326189489434819 42
1717335473200 0.7357275674644361 43
1717335476046 0.7386339852161496 44
1717335478983 0.7407573107172678 45
1717335481725 0.7427103158310866 46
1717335484522 0.7439198645569479 47
1717335487311 0.7452579229840048 48
1717335490040 0.7465899483896826 49
1717335492831 0.7481241495993616 50
1717335495642 0.7492493988283494 51
1717335498547 0.7503451331232018 52
1717335501309 0.7518951343676841 53
1717335504108 0.7534228142678142 54
1717335506875 0.7549690917636139 55
1717335509621 0.7567611557899848 56
1717335512374 0.758508682406863 57
1717335515243 0.7597651053638553 58
1717335517908 0.7609113806377239 59
1717335520734 0.7619514437637472 60
1717335524049 0.7630012834071317 61
1717335526884 0.7641102806381812 62
1717335529629 0.7651700792720983 63
1717335532436 0.7660029961886989 64
1717335535270 0.7669994449665619 65
1717335537965 0.7680434949359874 66
1717335540725 0.7694748052105098 67
1717335543435 0.7705333634778313 68
1717335546131 0.7718480938304132 69
1717335548945 0.7728635930986922 70
1717335551666 0.7735020115702311 71
1717335554959 0.7741287664227378 72
1717335557951 0.7749178546119365 73
1717335560813 0.7755953439966315 74
1717335563602 0.7761616292158504 75
1717335566455 0.7766757338845625 76
1717335569185 0.7770656701924122 77
1717335571860 0.7774831789428756 78
1717335574570 0.77760868656616 79
1717335577288 0.7780257739749367 80
1717335580048 0.7782330493548477 81
1717335582759 0.7784167514700217 82
1717335585624 0.778464755097457 83
1717335588920 0.7786502280656387 84
1717335591850 0.7786860021239674 85
1717335594610 0.7788591187279362 86
1717335597427 0.7787727503432904 87
1717335600155 0.7790057186580157 88
1717335602924 0.779050077257109 89
1717335605619 0.7791609073845076 90
1717335608338 0.7791088604839598 91
1717335611155 0.7792948448481353 92
1717335613922 0.7793511478658025 93
1717335616728 0.7793740306954241 94
1717335619895 0.7794989020004759 95
1717335622832 0.7796318380674966 96
1717335625687 0.7796900409150966 97
1717335628456 0.7798627804658546 98
1717335631189 0.779978098544573 99
