1717335351465 0.1677577114758585 1
1717335354289 0.18227583015248872 2
1717335357179 0.2258835410942661 3
1717335360110 0.23371579177163596 4
1717335362983 0.23359973496521325 5
1717335365879 0.23356103848404364 6
1717335368737 0.23292289758533924 7
1717335371600 0.2318976641832926 8
1717335374448 0.22992161038184838 9
1717335377454 0.22491454116262247 10
1717335380938 0.2254602034293634 11
1717335383973 0.22753419549466936 12
1717335386868 0.23031168121107398 13
1717335389741 0.23263363920502472 14
1717335392621 0.2354010601092805 15
1717335395445 0.23893918883222826 16
1717335398305 0.24345481925830803 17
1717335401135 0.24901528488351166 18
1717335404091 0.2557473925919544 19
1717335407299 0.2630643500819825 20
1717335410238 0.26802896004923155 21
1717335413003 0.2725709185543543 22
1717335415803 0.27627909969197517 23
1717335418582 0.2794754892012972 24
1717335421411 0.2823067378782951 25
1717335424216 0.28651871227120845 26
1717335427072 0.29073281221015657 27
1717335429905 0.2947766102584346 28
1717335432749 0.2982774316217881 29
1717335436133 0.3014629356495924 30
1717335439184 0.3041429354329098 31
1717335442140 0.30662491636504446 32
1717335444941 0.3086933619027451 33
1717335447614 0.3107564762625147 34
1717335450475 0.3123640895714239 35
1717335453273 0.3147068911465377 36
1717335455998 0.31696024218234214 37
1717335458712 0.3193778176047813 38
1717335461511 0.3220550076352542 39
1717335464344 0.3242028575150129 40
1717335467580 0.3274881514493069 41
1717335470366 0.32928076567635645 42
1717335473200 0.33177737259347995 43
1717335476046 0.3341701571013919 44
1717335478983 0.3360079768123844 45
1717335481725 0.33766017728869124 46
1717335484522 0.3388513322092183 47
1717335487311 0.34016046393227817 48
1717335490040 0.34144305390206275 49
1717335492831 0.34285301004394453 50
1717335495642 0.3439646328203207 51
1717335498547 0.34524489830257854 52
1717335501309 0.3467641053629693 53
1717335504108 0.34813400941891043 54
1717335506875 0.3494537204803541 55
1717335509621 0.351024233995258 56
1717335512374 0.3527179619764441 57
1717335515243 0.3539904563311143 58
1717335517908 0.355153080042362 59
1717335520734 0.3561814078515015 60
1717335524049 0.3573251620881211 61
1717335526884 0.3584690122465311 62
1717335529629 0.3596391365167137 63
1717335532436 0.3605542525160169 64
1717335535270 0.3617864336660892 65
1717335537965 0.36327996345040287 66
1717335540725 0.3647274966917332 67
1717335543435 0.36604157847403423 68
1717335546131 0.36761940698282675 69
1717335548945 0.36864770501786215 70
1717335551666 0.36938540289932636 71
1717335554959 0.3704588241219363 72
1717335557951 0.37153209982507807 73
1717335560813 0.37239720745327104 74
1717335563602 0.3729894063613071 75
1717335566455 0.37366067171461215 76
1717335569185 0.37417589822679437 77
1717335571860 0.374806831470149 78
1717335574570 0.37483532276685605 79
1717335577288 0.3753441232116253 80
1717335580048 0.3757844607624898 81
1717335582759 0.3759435014923215 82
1717335585624 0.37614005243691123 83
1717335588920 0.37644346339685497 84
1717335591850 0.37639725805405233 85
1717335594610 0.37662672408947245 86
1717335597427 0.3766481207958955 87
1717335600155 0.3770539417398512 88
1717335602924 0.3770154194001808 89
1717335605619 0.3770939755262311 90
1717335608338 0.3770753161231393 91
1717335611155 0.37746176107444407 92
1717335613922 0.3774862597541543 93
1717335616728 0.37757596999297854 94
1717335619895 0.37768487985791566 95
1717335622832 0.3777661497292831 96
1717335625687 0.37785999427084505 97
1717335628456 0.3781862930574094 98
1717335631189 0.37823710691266477 99
