1717335351465 329923.0 1
1717335354289 329923.0 2
1717335357179 329923.0 3
1717335360110 329923.0 4
1717335362983 329923.0 5
1717335365879 329923.0 6
1717335368737 329923.0 7
1717335371600 329923.0 8
1717335374448 329923.0 9
1717335377454 329923.0 10
1717335380938 329923.0 11
1717335383973 329923.0 12
1717335386868 329923.0 13
1717335389741 329923.0 14
1717335392621 329923.0 15
1717335395445 329923.0 16
1717335398305 329923.0 17
1717335401135 329923.0 18
1717335404091 329923.0 19
1717335407299 329923.0 20
1717335410238 329923.0 21
1717335413003 329923.0 22
1717335415803 329923.0 23
1717335418582 329923.0 24
1717335421411 329923.0 25
1717335424216 329923.0 26
1717335427072 329923.0 27
1717335429905 329923.0 28
1717335432749 329923.0 29
1717335436133 329923.0 30
1717335439184 329923.0 31
1717335442140 329923.0 32
1717335444941 329923.0 33
1717335447614 329923.0 34
1717335450475 329923.0 35
1717335453273 329923.0 36
1717335455998 329923.0 37
1717335458712 329923.0 38
1717335461511 329923.0 39
1717335464344 329923.0 40
1717335467580 329923.0 41
1717335470366 329923.0 42
1717335473200 329923.0 43
1717335476046 329923.0 44
1717335478983 329923.0 45
1717335481725 329923.0 46
1717335484522 329923.0 47
1717335487311 329923.0 48
1717335490040 329923.0 49
1717335492831 329923.0 50
1717335495642 329923.0 51
1717335498547 329923.0 52
1717335501309 329923.0 53
1717335504108 329923.0 54
1717335506875 329923.0 55
1717335509621 329923.0 56
1717335512374 329923.0 57
1717335515243 329923.0 58
1717335517908 329923.0 59
1717335520734 329923.0 60
1717335524049 329923.0 61
1717335526884 329923.0 62
1717335529629 329923.0 63
1717335532436 329923.0 64
1717335535270 329923.0 65
1717335537965 329923.0 66
1717335540725 329923.0 67
1717335543435 329923.0 68
1717335546131 329923.0 69
1717335548945 329923.0 70
1717335551666 329923.0 71
1717335554959 329923.0 72
1717335557951 329923.0 73
1717335560813 329923.0 74
1717335563602 329923.0 75
1717335566455 329923.0 76
1717335569185 329923.0 77
1717335571860 329923.0 78
1717335574570 329923.0 79
1717335577288 329923.0 80
1717335580048 329923.0 81
1717335582759 329923.0 82
1717335585624 329923.0 83
1717335588920 329923.0 84
1717335591850 329923.0 85
1717335594610 329923.0 86
1717335597427 329923.0 87
1717335600155 329923.0 88
1717335602924 329923.0 89
1717335605619 329923.0 90
1717335608338 329923.0 91
1717335611155 329923.0 92
1717335613922 329923.0 93
1717335616728 329923.0 94
1717335619895 329923.0 95
1717335622832 329923.0 96
1717335625687 329923.0 97
1717335628456 329923.0 98
1717335631189 329923.0 99
