1717452531366 0.47453680634498596 1
1717452535246 0.5727691650390625 2
1717452538873 0.5903260707855225 3
1717452542518 0.6041663289070129 4
1717452546177 0.615755558013916 5
1717452549996 0.625377893447876 6
1717452553692 0.636949896812439 7
1717452557396 0.6488549113273621 8
1717452561300 0.6576325297355652 9
1717452564970 0.66432785987854 10
1717452568636 0.6690813302993774 11
1717452572308 0.673430323600769 12
1717452575981 0.6771734952926636 13
1717452579638 0.6806009411811829 14
1717452583304 0.68366539478302 15
1717452587094 0.6862802505493164 16
1717452590853 0.6885591149330139 17
1717452594698 0.6909177899360657 18
1717452598609 0.6933586597442627 19
1717452602377 0.6954795718193054 20
1717452606176 0.6975198984146118 21
1717452609852 0.6995514035224915 22
1717452613565 0.7013118267059326 23
1717452617347 0.7030563354492188 24
1717452621035 0.7048797011375427 25
1717452624813 0.7066274285316467 26
1717452628697 0.7080129384994507 27
1717452632567 0.7092443108558655 28
1717452636273 0.7100974321365356 29
1717452640221 0.7110466957092285 30
1717452643938 0.711868941783905 31
1717452647711 0.7126851677894592 32
1717452651449 0.7133677005767822 33
1717452655164 0.7142059803009033 34
1717452658878 0.7147336006164551 35
1717452662586 0.7153354287147522 36
1717452666361 0.7157124876976013 37
1717452670241 0.716221272945404 38
1717452674189 0.7166843414306641 39
1717452677902 0.7171801924705505 40
1717452681763 0.7177366018295288 41
1717452685479 0.7182008624076843 42
1717452689187 0.7187277674674988 43
1717452693116 0.7192449569702148 44
1717452697050 0.7199624180793762 45
1717452700763 0.7206289172172546 46
1717452704511 0.7209235429763794 47
1717452708518 0.7213876843452454 48
1717452712447 0.7217507362365723 49
1717452716139 0.7220399975776672 50
1717452719853 0.7222325205802917 51
1717452723634 0.7223266959190369 52
1717452727351 0.7225466966629028 53
1717452731300 0.7228991389274597 54
1717452735022 0.7231383323669434 55
1717452738731 0.7232040762901306 56
1717452742442 0.7233999371528625 57
1717452746439 0.723676860332489 58
1717452750507 0.723694384098053 59
1717452754379 0.7238836288452148 60
1717452758390 0.7240821123123169 61
1717452762112 0.7242944240570068 62
1717452765847 0.7244796752929688 63
1717452769552 0.7245325446128845 64
1717452773259 0.724777340888977 65
1717452776967 0.7249519228935242 66
1717452780679 0.7251758575439453 67
1717452784392 0.7253680229187012 68
1717452788099 0.7255523204803467 69
1717452791859 0.7256863713264465 70
1717452795589 0.7258107662200928 71
1717452799296 0.7259180545806885 72
1717452803045 0.7261419296264648 73
1717452806743 0.7262333035469055 74
1717452810541 0.7262973785400391 75
1717452814249 0.7263873219490051 76
1717452817953 0.726512610912323 77
1717452821661 0.7267013788223267 78
1717452825366 0.7267775535583496 79
1717452829113 0.7269790768623352 80
1717452832818 0.7272477149963379 81
1717452836552 0.727428674697876 82
1717452840255 0.7276532053947449 83
1717452843988 0.7278395891189575 84
1717452847747 0.7280029058456421 85
1717452851533 0.7281790375709534 86
1717452855367 0.7283666729927063 87
1717452859129 0.7284902334213257 88
1717452862846 0.7286893129348755 89
1717452866569 0.7288569211959839 90
1717452870275 0.7290672063827515 91
1717452874060 0.7291648983955383 92
1717452877900 0.7293433547019958 93
1717452881630 0.7295103073120117 94
1717452885357 0.7296434044837952 95
1717452889064 0.7298794984817505 96
1717452892757 0.7300413250923157 97
1717452896478 0.7302486300468445 98
1717452900181 0.7304665446281433 99
