1717269928269 0.3951747719225426 1
1717269934115 0.4205423961373119 2
1717269940317 0.4297253243229223 3
1717269946782 0.43852284274324943 4
1717269952523 0.44675969289567363 5
1717269958225 0.456147659937894 6
1717269963987 0.46743649955146455 7
1717269969792 0.482211185125822 8
1717269975559 0.49119141106800274 9
1717269981419 0.49626872066904404 10
1717269987294 0.5007227909850323 11
1717269993062 0.5028813676291783 12
1717269998869 0.5048554938150478 13
1717270004695 0.5064713037862308 14
1717270010543 0.5081464915461639 15
1717270016412 0.5098807435673827 16
1717270022223 0.5107086585747438 17
1717270028069 0.5108195804610314 18
1717270033976 0.5125844346835351 19
1717270039824 0.5129859441923746 20
1717270045773 0.5139030950745195 21
1717270051687 0.5142386347382509 22
1717270057552 0.5149589385537698 23
1717270063452 0.5159395646983206 24
1717270069931 0.5159322603980997 25
1717270075878 0.5170620129295275 26
1717270081789 0.5178536742223032 27
1717270087718 0.5186693905435726 28
1717270093617 0.5190947324009638 29
1717270099489 0.5200580190273698 30
1717270105391 0.5206077245362242 31
1717270111268 0.5211814910647693 32
1717270117129 0.5214263735254847 33
1717270122995 0.5219244335251128 34
1717270128900 0.5221787113424627 35
1717270135128 0.52277983293875 36
1717270141011 0.5232188495678458 37
1717270146857 0.5242056511573491 38
1717270152700 0.5246159851799941 39
1717270158569 0.5254615944411669 40
1717270164511 0.5261734145758615 41
1717270170448 0.5266352410749061 42
1717270176327 0.5273459286626819 43
1717270182246 0.5276621188259347 44
1717270188143 0.5283754512824265 45
1717270194609 0.5287812020242998 46
1717270200520 0.5287723595529142 47
1717270206434 0.5292677343862419 48
1717270212271 0.529657178053561 49
1717270218117 0.5301145082878811 50
1717270224038 0.5305305594486568 51
1717270229949 0.5307937750230671 52
1717270235901 0.5308852698327474 53
1717270241790 0.5312581871443629 54
1717270247675 0.5317402821118119 55
1717270253861 0.5317862734055633 56
1717270259791 0.5321680121511476 57
1717270265661 0.5318622503113275 58
1717270271545 0.5322400130711331 59
1717270277460 0.5325601145023384 60
1717270283326 0.5322492322520567 61
1717270289253 0.533211680527706 62
1717270295128 0.5331768070777045 63
1717270301039 0.5336074091937867 64
1717270306923 0.5336854115753813 65
1717270312874 0.5336269893250019 66
1717270319183 0.534140106372803 67
1717270325119 0.5339841514838091 68
1717270330933 0.5339310586753293 69
1717270336843 0.5348693457724403 70
1717270342771 0.5349340470600115 71
1717270348620 0.5349953276793028 72
1717270354537 0.5363250860586798 73
1717270360388 0.5364797889933266 74
1717270366283 0.5346372812950542 75
1717270372430 0.5344676920762359 76
1717270378331 0.5350929721115124 77
1717270384287 0.5357080329227266 78
1717270390205 0.5360680050033847 79
1717270396083 0.536505119967165 80
1717270402006 0.5378260830432414 81
1717270407908 0.5385131028335349 82
1717270413835 0.5382946970794985 83
1717270419737 0.5388720907159308 84
1717270425645 0.5365391622061557 85
1717270431565 0.5373085996286292 86
1717270438371 0.538760911603683 87
1717270444497 0.5391183842978702 88
1717270450420 0.5381397371278283 89
1717270456324 0.5380250802839419 90
1717270463201 0.537751039444264 91
1717270469114 0.5382913779996079 92
1717270475413 0.5386429752229842 93
1717270481597 0.5392590559934607 94
1717270487877 0.5390346405366282 95
1717270494682 0.5398005767070866 96
1717270500817 0.5398630751448596 97
1717270506753 0.5399537726799296 98
1717270512591 0.5404387356126823 99
