1717269928269 752941.0 1
1717269934115 752941.0 2
1717269940317 752941.0 3
1717269946782 752941.0 4
1717269952523 752941.0 5
1717269958225 752941.0 6
1717269963987 752941.0 7
1717269969792 752941.0 8
1717269975559 752941.0 9
1717269981419 752941.0 10
1717269987294 752941.0 11
1717269993062 752941.0 12
1717269998869 752941.0 13
1717270004695 752941.0 14
1717270010543 752941.0 15
1717270016412 752941.0 16
1717270022223 752941.0 17
1717270028069 752941.0 18
1717270033976 752941.0 19
1717270039824 752941.0 20
1717270045773 752941.0 21
1717270051687 752941.0 22
1717270057552 752941.0 23
1717270063452 752941.0 24
1717270069931 752941.0 25
1717270075878 752941.0 26
1717270081789 752941.0 27
1717270087718 752941.0 28
1717270093617 752941.0 29
1717270099489 752941.0 30
1717270105391 752941.0 31
1717270111268 752941.0 32
1717270117129 752941.0 33
1717270122995 752941.0 34
1717270128900 752941.0 35
1717270135128 752941.0 36
1717270141011 752941.0 37
1717270146857 752941.0 38
1717270152700 752941.0 39
1717270158569 752941.0 40
1717270164511 752941.0 41
1717270170448 752941.0 42
1717270176327 752941.0 43
1717270182246 752941.0 44
1717270188143 752941.0 45
1717270194609 752941.0 46
1717270200520 752941.0 47
1717270206434 752941.0 48
1717270212271 752941.0 49
1717270218117 752941.0 50
1717270224038 752941.0 51
1717270229949 752941.0 52
1717270235901 752941.0 53
1717270241790 752941.0 54
1717270247675 752941.0 55
1717270253861 752941.0 56
1717270259791 752941.0 57
1717270265661 752941.0 58
1717270271545 752941.0 59
1717270277460 752941.0 60
1717270283326 752941.0 61
1717270289253 752941.0 62
1717270295128 752941.0 63
1717270301039 752941.0 64
1717270306923 752941.0 65
1717270312874 752941.0 66
1717270319183 752941.0 67
1717270325119 752941.0 68
1717270330933 752941.0 69
1717270336843 752941.0 70
1717270342771 752941.0 71
1717270348620 752941.0 72
1717270354537 752941.0 73
1717270360388 752941.0 74
1717270366283 752941.0 75
1717270372430 752941.0 76
1717270378331 752941.0 77
1717270384287 752941.0 78
1717270390205 752941.0 79
1717270396083 752941.0 80
1717270402006 752941.0 81
1717270407908 752941.0 82
1717270413835 752941.0 83
1717270419737 752941.0 84
1717270425645 752941.0 85
1717270431565 752941.0 86
1717270438371 752941.0 87
1717270444497 752941.0 88
1717270450420 752941.0 89
1717270456324 752941.0 90
1717270463201 752941.0 91
1717270469114 752941.0 92
1717270475413 752941.0 93
1717270481597 752941.0 94
1717270487877 752941.0 95
1717270494682 752941.0 96
1717270500817 752941.0 97
1717270506753 752941.0 98
1717270512591 752941.0 99
