1717269928269 0.9764272919329317 1
1717269934115 0.9794949554401872 2
1717269940317 0.9800651705112704 3
1717269946782 0.9810022470287945 4
1717269952523 0.9818892019362565 5
1717269958225 0.9827422780161108 6
1717269963987 0.9837866154818418 7
1717269969792 0.9835415885623328 8
1717269975559 0.9832707488911511 9
1717269981419 0.9829669497222382 10
1717269987294 0.9827822411195661 11
1717269993062 0.9827702030929589 12
1717269998869 0.982831779137223 13
1717270004695 0.9827621805308593 14
1717270010543 0.9828364978784612 15
1717270016412 0.9828672753219942 16
1717270022223 0.9828379756347845 17
1717270028069 0.9828899350272133 18
1717270033976 0.9829447716519819 19
1717270039824 0.9828535236549324 20
1717270045773 0.9828754200237231 21
1717270051687 0.9828688289321884 22
1717270057552 0.9829539206912349 23
1717270063452 0.9829018070424116 24
1717270069931 0.9829619087044733 25
1717270075878 0.9829694729202132 26
1717270081789 0.9829261363105578 27
1717270087718 0.9829769898069685 28
1717270093617 0.9830524749219884 29
1717270099489 0.9829124194096136 30
1717270105391 0.9829822861780305 31
1717270111268 0.9829918238351171 32
1717270117129 0.9830774479262608 33
1717270122995 0.9831112958381304 34
1717270128900 0.9830488504308942 35
1717270135128 0.9830286742005423 36
1717270141011 0.983005394738139 37
1717270146857 0.9831061784880895 38
1717270152700 0.9831098847748304 39
1717270158569 0.9831283120243068 40
1717270164511 0.9831348890759782 41
1717270170448 0.9831741678178681 42
1717270176327 0.9832339550108804 43
1717270182246 0.9832287054782131 44
1717270188143 0.9832560983046871 45
1717270194609 0.9832999265806921 46
1717270200520 0.9832387443766128 47
1717270206434 0.983236691522655 48
1717270212271 0.983261076342954 49
1717270218117 0.9832429024550535 50
1717270224038 0.983306020515229 51
1717270229949 0.9833871013263291 52
1717270235901 0.9832529310160322 53
1717270241790 0.9833354706722227 54
1717270247675 0.9833031558882817 55
1717270253861 0.9832658977613417 56
1717270259791 0.9832712013642984 57
1717270265661 0.9833119719054957 58
1717270271545 0.9833233755272721 59
1717270277460 0.983351183789466 60
1717270283326 0.983302300249341 61
1717270289253 0.983332311723753 62
1717270295128 0.9833565961117767 63
1717270301039 0.9833257435805584 64
1717270306923 0.9832388057048183 65
1717270312874 0.983340555275874 66
1717270319183 0.9833548585639607 67
1717270325119 0.9832630863065718 68
1717270330933 0.9832941741756425 69
1717270336843 0.983360356467527 70
1717270342771 0.9833992805020136 71
1717270348620 0.9834279205730753 72
1717270354537 0.9834094676055194 73
1717270360388 0.9833566675052209 74
1717270366283 0.9834480861916868 75
1717270372430 0.9833365653325107 76
1717270378331 0.9833505384683884 77
1717270384287 0.9833290582218346 78
1717270390205 0.9833875303787283 79
1717270396083 0.9833520489041458 80
1717270402006 0.9833816093205046 81
1717270407908 0.9833678394801136 82
1717270413835 0.9833390041700473 83
1717270419737 0.9833889972650387 84
1717270425645 0.983479873968008 85
1717270431565 0.9833557390588791 86
1717270438371 0.9833955106241582 87
1717270444497 0.9833866892926677 88
1717270450420 0.9834164995962027 89
1717270456324 0.9834418539999412 90
1717270463201 0.9834251282148556 91
1717270469114 0.983416646319608 92
1717270475413 0.9833434462059534 93
1717270481597 0.9834075080623215 94
1717270487877 0.9833814584203133 95
1717270494682 0.9834154445665627 96
1717270500817 0.9834290009927179 97
1717270506753 0.9833933834064094 98
1717270512591 0.9834504771668517 99
