1717269928269 0.9179605456617206 1
1717269934115 0.9268700911072051 2
1717269940317 0.9270922880728583 3
1717269946782 0.9288756334455666 4
1717269952523 0.9304653205256437 5
1717269958225 0.9321589374714104 6
1717269963987 0.934584212058129 7
1717269969792 0.9320184090547511 8
1717269975559 0.9300766262933289 9
1717269981419 0.9281541246678379 10
1717269987294 0.9269934417061271 11
1717269993062 0.9264835059455598 12
1717269998869 0.9265238799632786 13
1717270004695 0.9263437608204432 14
1717270010543 0.9266398328668135 15
1717270016412 0.9265972277916442 16
1717270022223 0.9266008314686172 17
1717270028069 0.9266648845282778 18
1717270033976 0.9270672283338646 19
1717270039824 0.9266151397200413 20
1717270045773 0.9268412491380116 21
1717270051687 0.9268827819993245 22
1717270057552 0.9272060859916696 23
1717270063452 0.9271014103606942 24
1717270069931 0.9272581273966898 25
1717270075878 0.9274051626645088 26
1717270081789 0.9271944486303217 27
1717270087718 0.9273002161155988 28
1717270093617 0.9277471146933122 29
1717270099489 0.9271450135071828 30
1717270105391 0.9273858384341791 31
1717270111268 0.9272450069326668 32
1717270117129 0.9277152033118033 33
1717270122995 0.9277794888302956 34
1717270128900 0.9274641552745133 35
1717270135128 0.9271013264696184 36
1717270141011 0.9270856266745727 37
1717270146857 0.9274064738832364 38
1717270152700 0.927359473347858 39
1717270158569 0.9273608923845336 40
1717270164511 0.9272753708644792 41
1717270170448 0.9275787052976678 42
1717270176327 0.9277132289346409 43
1717270182246 0.9277524747902652 44
1717270188143 0.9277956657456428 45
1717270194609 0.9279045547627672 46
1717270200520 0.9276122637236066 47
1717270206434 0.9275920365238586 48
1717270212271 0.9275591801294838 49
1717270218117 0.9274902487805083 50
1717270224038 0.9277164092318853 51
1717270229949 0.9280891430316 52
1717270235901 0.9273860884867443 53
1717270241790 0.9277691254392552 54
1717270247675 0.9277021881974941 55
1717270253861 0.9274489538357437 56
1717270259791 0.9275705314741625 57
1717270265661 0.9275365884406506 58
1717270271545 0.927726734259821 59
1717270277460 0.9278599926696252 60
1717270283326 0.9276981135484232 61
1717270289253 0.9276238224024942 62
1717270295128 0.9278391664977634 63
1717270301039 0.9276399711721981 64
1717270306923 0.9272038022817503 65
1717270312874 0.9275114194066693 66
1717270319183 0.9277418053780295 67
1717270325119 0.9272137408848298 68
1717270330933 0.9273153385305949 69
1717270336843 0.9276652344476427 70
1717270342771 0.9278699135722147 71
1717270348620 0.9279632726521352 72
1717270354537 0.9277854415788725 73
1717270360388 0.9274923427588818 74
1717270366283 0.9280777851197215 75
1717270372430 0.9276834269010721 76
1717270378331 0.9276168493543985 77
1717270384287 0.92757091563017 78
1717270390205 0.9276293925323464 79
1717270396083 0.9274764759872486 80
1717270402006 0.9275522677737188 81
1717270407908 0.9273466991662789 82
1717270413835 0.927334361003257 83
1717270419737 0.9274056312857171 84
1717270425645 0.9279233136835157 85
1717270431565 0.9275028497905571 86
1717270438371 0.9274807181625996 87
1717270444497 0.9273877250834616 88
1717270450420 0.9275843670966435 89
1717270456324 0.9277019682257208 90
1717270463201 0.9276570799622924 91
1717270469114 0.927678661087662 92
1717270475413 0.9272927449686552 93
1717270481597 0.9274820714922397 94
1717270487877 0.9273374526617781 95
1717270494682 0.9273760495973841 96
1717270500817 0.9275504711589599 97
1717270506753 0.9273273394908977 98
1717270512591 0.9275163364964466 99
