1717269928269 0.5478910803794861 1
1717269934115 0.5740611553192139 2
1717269940317 0.5831807851791382 3
1717269946782 0.5921859741210938 4
1717269952523 0.6004921197891235 5
1717269958225 0.6096471548080444 6
1717269963987 0.6205287575721741 7
1717269969792 0.6329450607299805 8
1717269975559 0.6401684880256653 9
1717269981419 0.64402174949646 10
1717269987294 0.6475804448127747 11
1717269993062 0.6492480039596558 12
1717269998869 0.6508966684341431 13
1717270004695 0.652187168598175 14
1717270010543 0.6536391973495483 15
1717270016412 0.6550338864326477 16
1717270022223 0.6557043790817261 17
1717270028069 0.6557984948158264 18
1717270033976 0.657366931438446 19
1717270039824 0.6575841307640076 20
1717270045773 0.6583943367004395 21
1717270051687 0.6586266756057739 22
1717270057552 0.6593107581138611 23
1717270063452 0.6600716710090637 24
1717270069931 0.6601240038871765 25
1717270075878 0.6610641479492188 26
1717270081789 0.6616528630256653 27
1717270087718 0.6623750925064087 28
1717270093617 0.662786066532135 29
1717270099489 0.6634403467178345 30
1717270105391 0.6639136672019958 31
1717270111268 0.6643856763839722 32
1717270117129 0.6646949052810669 33
1717270122995 0.6651201844215393 34
1717270128900 0.665251612663269 35
1717270135128 0.6657000184059143 36
1717270141011 0.6660582423210144 37
1717270146857 0.6669201850891113 38
1717270152700 0.6672542095184326 39
1717270158569 0.6679456233978271 40
1717270164511 0.6685091257095337 41
1717270170448 0.6689210534095764 42
1717270176327 0.6695299744606018 43
1717270182246 0.6697956919670105 44
1717270188143 0.6703965067863464 45
1717270194609 0.6707526445388794 46
1717270200520 0.6707125902175903 47
1717270206434 0.6711075901985168 48
1717270212271 0.6714414358139038 49
1717270218117 0.6717880368232727 50
1717270224038 0.6721839308738708 51
1717270229949 0.6724902391433716 52
1717270235901 0.6723880171775818 53
1717270241790 0.6728158593177795 54
1717270247675 0.6731859445571899 55
1717270253861 0.6731484532356262 56
1717270259791 0.6735242009162903 57
1717270265661 0.6732588410377502 58
1717270271545 0.6736335754394531 59
1717270277460 0.6739363074302673 60
1717270283326 0.6736301779747009 61
1717270289253 0.6743682026863098 62
1717270295128 0.6744204759597778 63
1717270301039 0.6747536659240723 64
1717270306923 0.6747547388076782 65
1717270312874 0.6747957468032837 66
1717270319183 0.6752564907073975 67
1717270325119 0.6750018000602722 68
1717270330933 0.6750175356864929 69
1717270336843 0.6758372783660889 70
1717270342771 0.6759065389633179 71
1717270348620 0.6759688854217529 72
1717270354537 0.6770157814025879 73
1717270360388 0.6770880222320557 74
1717270366283 0.6757221817970276 75
1717270372430 0.6754693984985352 76
1717270378331 0.675960898399353 77
1717270384287 0.6764408946037292 78
1717270390205 0.6767938733100891 79
1717270396083 0.6771146059036255 80
1717270402006 0.6782048940658569 81
1717270407908 0.6787139177322388 82
1717270413835 0.6785323023796082 83
1717270419737 0.6790332794189453 84
1717270425645 0.6772898435592651 85
1717270431565 0.6777942776679993 86
1717270438371 0.6789711117744446 87
1717270444497 0.6792515516281128 88
1717270450420 0.6785457134246826 89
1717270456324 0.6784685850143433 90
1717270463201 0.678239643573761 91
1717270469114 0.6786879301071167 92
1717270475413 0.6788771748542786 93
1717270481597 0.6794112920761108 94
1717270487877 0.6792166233062744 95
1717270494682 0.6798537969589233 96
1717270500817 0.6799274682998657 97
1717270506753 0.6799612045288086 98
1717270512591 0.6804050803184509 99
