1717630045711 0.052663031267893 1
1717630055538 0.04068373592308563 2
1717630064807 0.048958094413111206 3
1717630074407 0.045825446073292406 4
1717630083727 0.0561249631447157 5
1717630093607 0.05800259984416434 6
1717630103549 0.05800259984416434 7
1717630114477 0.0561872871110862 8
1717630124097 0.0561872871110862 9
1717630133973 0.0561872871110862 10
1717630144677 0.0561872871110862 11
1717630154240 0.0561872871110862 12
1717630162862 0.0561872871110862 13
1717630171265 0.0561872871110862 14
1717630180503 0.0561872871110862 15
1717630189945 0.0561872871110862 16
1717630199079 0.0561872871110862 17
1717630209256 0.0561872871110862 18
1717630218683 0.0561872871110862 19
1717630228051 0.0561872871110862 20
1717630237143 0.0561872871110862 21
1717630246049 0.0561872871110862 22
1717630255413 0.0561872871110862 23
1717630264913 0.0561872871110862 24
1717630274895 0.0561872871110862 25
1717630284145 0.0561872871110862 26
1717630293818 0.0561872871110862 27
1717630302665 0.0561872871110862 28
1717630311857 0.0561872871110862 29
