1717630045711 210316.0 1
1717630055538 163060.0 2
1717630064807 192924.0 3
1717630074407 179022.0 4
1717630083727 224540.0 5
1717630093607 230294.0 6
1717630103549 230294.0 7
1717630114477 223932.0 8
1717630124097 223932.0 9
1717630133973 223932.0 10
1717630144677 223932.0 11
1717630154240 223932.0 12
1717630162862 223932.0 13
1717630171265 223932.0 14
1717630180503 223932.0 15
1717630189945 223932.0 16
1717630199079 223932.0 17
1717630209256 223932.0 18
1717630218683 223932.0 19
1717630228051 223932.0 20
1717630237143 223932.0 21
1717630246049 223932.0 22
1717630255413 223932.0 23
1717630264913 223932.0 24
1717630274895 223932.0 25
1717630284145 223932.0 26
1717630293818 223932.0 27
1717630302665 223932.0 28
1717630311857 223932.0 29
