1717630045711 106604.0 1
1717630055538 153860.0 2
1717630064807 123996.0 3
1717630074407 137898.0 4
1717630083727 92380.0 5
1717630093607 86626.0 6
1717630103549 86626.0 7
1717630114477 92988.0 8
1717630124097 92988.0 9
1717630133973 92988.0 10
1717630144677 92988.0 11
1717630154240 92988.0 12
1717630162862 92988.0 13
1717630171265 92988.0 14
1717630180503 92988.0 15
1717630189945 92988.0 16
1717630199079 92988.0 17
1717630209256 92988.0 18
1717630218683 92988.0 19
1717630228051 92988.0 20
1717630237143 92988.0 21
1717630246049 92988.0 22
1717630255413 92988.0 23
1717630264913 92988.0 24
1717630274895 92988.0 25
1717630284145 92988.0 26
1717630293818 92988.0 27
1717630302665 92988.0 28
1717630311857 92988.0 29
