1717630045711 0.09711320610568051 1
1717630055538 0.07517459200962942 2
1717630064807 0.09040301449588342 3
1717630074407 0.08460345199080986 4
1717630083727 0.10374480179366925 5
1717630093607 0.10717189824684212 6
1717630103549 0.10717189824684212 7
1717630114477 0.10384891749361432 8
1717630124097 0.10384891749361432 9
1717630133973 0.10384891749361432 10
1717630144677 0.10384891749361432 11
1717630154240 0.10384891749361432 12
1717630162862 0.10384891749361432 13
1717630171265 0.10384891749361432 14
1717630180503 0.10384891749361432 15
1717630189945 0.10384891749361432 16
1717630199079 0.10384891749361432 17
1717630209256 0.10384891749361432 18
1717630218683 0.10384891749361432 19
1717630228051 0.10384891749361432 20
1717630237143 0.10384891749361432 21
1717630246049 0.10384891749361432 22
1717630255413 0.10384891749361432 23
1717630264913 0.10384891749361432 24
1717630274895 0.10384891749361432 25
1717630284145 0.10384891749361432 26
1717630293818 0.10384891749361432 27
1717630302665 0.10384891749361432 28
1717630311857 0.10384891749361432 29
