1717259388973 0.7391565432633677 1
1717259391669 0.659420910247837 2
1717259394289 0.6269806028615235 3
1717259396985 0.5366138999329912 4
1717259399599 0.49486597420300565 5
1717259402252 0.4469241956125554 6
1717259404868 0.46535623094179857 7
1717259407522 0.4360587573744431 8
1717259410156 0.47440015942213937 9
1717259412793 0.5094967289714283 10
1717259415451 0.5248412334660887 11
1717259418066 0.5084538185670905 12
1717259420725 0.5196947961246938 13
1717259423325 0.48625477791339083 14
1717259425976 0.489755929226065 15
1717259428596 0.4969986149732486 16
1717259431249 0.49246295599019707 17
1717259433871 0.48258754687404365 18
1717259436523 0.4590683833799666 19
1717259439206 0.4629615714176349 20
1717259443442 0.46761234854054484 21
1717259446092 0.4533546230324889 22
1717259448696 0.4366958719772608 23
1717259451338 0.4332139337004803 24
1717259453949 0.43590761800080735 25
1717259456650 0.4365059257537426 26
1717259459269 0.42970665467214825 27
1717259461911 0.4363686326527845 28
1717259464519 0.42872778405572937 29
1717259467157 0.43386109259270156 30
1717259469867 0.42391406681492827 31
1717259473447 0.41703974718634 32
1717259476510 0.4040905294237904 33
1717259479108 0.41141491051056395 34
1717259481736 0.40977773883011875 35
1717259484329 0.4037560496255414 36
1717259486980 0.41883857242064443 37
1717259489590 0.4242629687372667 38
1717259492239 0.419951568686322 39
1717259494829 0.4199239863315944 40
1717259497486 0.41470178723653073 41
1717259500091 0.39697919438731366 42
1717259502780 0.4318342554644474 43
1717259505465 0.4048126860033845 44
1717259509699 0.39510517341604845 45
1717259512306 0.3842113584409962 46
1717259514907 0.39242178624316687 47
1717259517556 0.40863316036153774 48
1717259520164 0.42313656330747923 49
1717259522774 0.4111823382296334 50
1717259525440 0.39986728984812475 51
1717259528035 0.38806460916946034 52
1717259530872 0.4143716902998026 53
1717259534423 0.37056455997643717 54
1717259537135 0.39859380652547316 55
1717259539825 0.405957457170138 56
1717259546233 0.41659900332406175 57
1717259552989 0.38203929454072244 58
1717259558022 0.4173567144073054 59
1717259562243 0.3852364484265865 60
1717259566646 0.39560962363469065 61
1717259571032 0.41300676221086036 62
1717259575291 0.41171827548505285 63
1717259579379 0.4054002574238805 64
1717259583529 0.4063618819637606 65
1717259587831 0.41306714255546667 66
1717259592194 0.3902695594794761 67
1717259597552 0.403065073775115 68
1717259601172 0.4147187688494924 69
1717259604353 0.41571641910009943 70
1717259607738 0.41490571757185213 71
1717259610995 0.4225911571225377 72
1717259614288 0.4430228333025782 73
1717259619000 0.4304031523827906 74
1717259622399 0.4541350096228197 75
1717259625721 0.46308472408089435 76
1717259628737 0.4882329166385465 77
1717259631785 0.45071896004215994 78
1717259634788 0.46295734422001417 79
1717259637945 0.47367530692759297 80
1717259641048 0.48274642016749614 81
1717259644068 0.46520293570141963 82
1717259647339 0.4648562105450764 83
1717259650601 0.47219954799767794 84
1717259653606 0.4646635226340633 85
1717259656667 0.5051080038865003 86
1717259659340 0.4759471053704728 87
1717259662047 0.48825488939773043 88
1717259664713 0.4734116854217241 89
1717259667430 0.4648745911619002 90
1717259670115 0.4499715248321158 91
1717259672774 0.45631778580017607 92
1717259675452 0.4459693112792695 93
1717259678096 0.4772331509962438 94
1717259680744 0.463111302707711 95
1717259683381 0.45592979849027204 96
1717259686027 0.4573376899997539 97
1717259688641 0.46276779214162084 98
1717259691278 0.42982912726042594 99
