1717259388973 0.8090570117230631 1
1717259391669 0.8116652092350267 2
1717259394289 0.8124672115468221 3
1717259396985 0.8127061981529277 4
1717259399599 0.8087063431624342 5
1717259402252 0.8132515067825511 6
1717259404868 0.8131170039937017 7
1717259407522 0.8114291999751877 8
1717259410156 0.8147336121866178 9
1717259412793 0.8156028339643265 10
1717259415451 0.8158929867166653 11
1717259418066 0.81549991311838 12
1717259420725 0.8190733703662312 13
1717259423325 0.8166452839964022 14
1717259425976 0.8161498029150788 15
1717259428596 0.8160128503508476 16
1717259431249 0.8185215282100736 17
1717259433871 0.8179009843600731 18
1717259436523 0.8204019042612537 19
1717259439206 0.818547961763335 20
1717259443442 0.8205107720820085 21
1717259446092 0.8224583827496657 22
1717259448696 0.8231956498959152 23
1717259451338 0.8241499197120377 24
1717259453949 0.8253530650339431 25
1717259456650 0.8268694102163552 26
1717259459269 0.8276606511072896 27
1717259461911 0.8288026084272495 28
1717259464519 0.8289859238409245 29
1717259467157 0.8297237292202141 30
1717259469867 0.8301892536284544 31
1717259473447 0.8299343730512282 32
1717259476510 0.8283778794670674 33
1717259479108 0.8286157869543447 34
1717259481736 0.8283136340590046 35
1717259484329 0.8293636891923825 36
1717259486980 0.8305347122136472 37
1717259489590 0.8319358858068353 38
1717259492239 0.8324603218111928 39
1717259494829 0.8342029396299908 40
1717259497486 0.8318164545403977 41
1717259500091 0.8328038199512922 42
1717259502780 0.8341642158669277 43
1717259505465 0.8327615404406122 44
1717259509699 0.8354700816464349 45
1717259512306 0.8349040354115751 46
1717259514907 0.8350574951220167 47
1717259517556 0.8367020945864349 48
1717259520164 0.837590157556185 49
1717259522774 0.8347996440182401 50
1717259525440 0.835559952925323 51
1717259528035 0.8362252758295232 52
1717259530872 0.8356908315594419 53
1717259534423 0.83329078023527 54
1717259537135 0.8367090199727992 55
1717259539825 0.8363389434690542 56
1717259546233 0.8381102341917794 57
1717259552989 0.835491698226286 58
1717259558022 0.8361216835527782 59
1717259562243 0.8367757833823324 60
1717259566646 0.838612680971142 61
1717259571032 0.8397115427266582 62
1717259575291 0.8395530597011894 63
1717259579379 0.8397420253171568 64
1717259583529 0.8395917421018556 65
1717259587831 0.8373596597212725 66
1717259592194 0.8351302364426798 67
1717259597552 0.8370639304421484 68
1717259601172 0.8386741573437624 69
1717259604353 0.8383670805828681 70
1717259607738 0.8399394122970855 71
1717259610995 0.8406223767901418 72
1717259614288 0.8426857860390824 73
1717259619000 0.8402210987320944 74
1717259622399 0.8404055685599231 75
1717259625721 0.8435683902045834 76
1717259628737 0.8462458268937655 77
1717259631785 0.8406702231620345 78
1717259634788 0.8411728229097512 79
1717259637945 0.8420904434743139 80
1717259641048 0.8439241240049047 81
1717259644068 0.8437039042284489 82
1717259647339 0.8437726954234712 83
1717259650601 0.8408121397959089 84
1717259653606 0.8384210282010828 85
1717259656667 0.8419701225328055 86
1717259659340 0.838928440079393 87
1717259662047 0.8387408788633508 88
1717259664713 0.8374079350405943 89
1717259667430 0.8384311144896455 90
1717259670115 0.8398352470101873 91
1717259672774 0.8409922818411213 92
1717259675452 0.840256096952361 93
1717259678096 0.8427592645948532 94
1717259680744 0.8442817929930801 95
1717259683381 0.8428473806527333 96
1717259686027 0.8415358015327616 97
1717259688641 0.841658993679675 98
1717259691278 0.8429661084519935 99
