1717095433500 15196.0 1
1717095434333 15196.0 2
1717095435144 15196.0 3
1717095436045 15196.0 4
1717095436866 15196.0 5
1717095437693 15196.0 6
1717095438515 15196.0 7
1717095439356 15196.0 8
1717095440191 15196.0 9
1717095441032 15196.0 10
1717095441842 15196.0 11
1717095442690 15196.0 12
1717095443541 15196.0 13
1717095444377 15196.0 14
1717095445206 15196.0 15
1717095446053 15196.0 16
1717095446894 15196.0 17
1717095447722 15196.0 18
1717095448549 15196.0 19
1717095449376 15196.0 20
1717095450203 15196.0 21
1717095451039 15196.0 22
1717095451876 15196.0 23
1717095452706 15196.0 24
1717095453559 15196.0 25
1717095454386 15196.0 26
1717095455207 15196.0 27
1717095456054 15196.0 28
1717095456881 15196.0 29
1717095457716 15196.0 30
1717095458558 15196.0 31
1717095459421 15196.0 32
1717095460240 15196.0 33
1717095461067 15196.0 34
1717095461888 15196.0 35
1717095462732 15196.0 36
1717095463573 15196.0 37
1717095464389 15196.0 38
1717095465227 15196.0 39
1717095466049 15196.0 40
1717095466897 15196.0 41
1717095467739 15196.0 42
1717095468571 15196.0 43
1717095469409 15196.0 44
1717095470236 15196.0 45
1717095471063 15196.0 46
1717095471874 15196.0 47
1717095472712 15196.0 48
1717095473526 15196.0 49
1717095474354 15196.0 50
1717095475188 15196.0 51
1717095476054 15196.0 52
1717095476874 15196.0 53
1717095477698 15196.0 54
1717095478539 15196.0 55
1717095479358 15196.0 56
1717095480187 15196.0 57
1717095481356 15196.0 58
1717095482163 15196.0 59
1717095483013 15196.0 60
1717095483938 15196.0 61
1717095485036 15196.0 62
1717095486141 15196.0 63
1717095487196 15196.0 64
1717095488097 15196.0 65
1717095488926 15196.0 66
1717095489753 15196.0 67
1717095490585 15196.0 68
1717095491414 15196.0 69
1717095492252 15196.0 70
1717095493097 15196.0 71
1717095493930 15196.0 72
1717095494746 15196.0 73
1717095495568 15196.0 74
1717095496384 15196.0 75
1717095497223 15196.0 76
1717095498048 15196.0 77
1717095498864 15196.0 78
1717095499705 15196.0 79
1717095500525 15196.0 80
1717095501340 15196.0 81
1717095502187 15196.0 82
1717095503018 15196.0 83
1717095503848 15196.0 84
1717095504673 15196.0 85
1717095505507 15196.0 86
1717095506363 15196.0 87
1717095507183 15196.0 88
1717095508005 15196.0 89
1717095508831 15196.0 90
1717095509663 15196.0 91
1717095510501 15196.0 92
1717095511317 15196.0 93
1717095512145 15196.0 94
1717095512964 15196.0 95
1717095513781 15196.0 96
1717095514625 15196.0 97
1717095515443 15196.0 98
1717095516278 15196.0 99
