1717440764804 304683.0 1
1717440771785 274426.0 2
1717440778339 263671.0 3
1717440784644 254354.0 4
1717440791741 246647.0 5
1717440797975 241684.0 6
1717440804237 237927.0 7
1717440810512 234770.0 8
1717440817146 231904.0 9
1717440823894 230345.0 10
1717440830694 228539.0 11
1717440837486 227264.0 12
1717440844366 225863.0 13
1717440851188 224982.0 14
1717440857965 224047.0 15
1717440864792 222667.0 16
1717440871832 221908.0 17
1717440878730 220713.0 18
1717440885630 219945.0 19
1717440892579 218999.0 20
1717440899572 218605.0 21
1717440906516 218036.0 22
1717440913502 217461.0 23
1717440920455 217329.0 24
1717440927467 217121.0 25
1717440934515 216626.0 26
1717440941541 216288.0 27
1717440948559 216178.0 28
1717440955625 215780.0 29
1717440962478 215460.0 30
1717440969215 215575.0 31
1717440975911 215378.0 32
1717440982664 215093.0 33
1717440989458 214648.0 34
1717440996248 214342.0 35
1717441003969 214195.0 36
1717441010618 214150.0 37
1717441017493 213774.0 38
1717441024783 213530.0 39
1717441031727 213476.0 40
1717441038768 213519.0 41
1717441045791 213009.0 42
1717441052856 213034.0 43
1717441060320 213163.0 44
1717441067151 212721.0 45
1717441073675 212830.0 46
1717441080677 212601.0 47
1717441087516 212071.0 48
1717441094608 212035.0 49
1717441101345 211857.0 50
1717441108092 211904.0 51
1717441114705 211942.0 52
1717441122405 211531.0 53
1717441130068 211167.0 54
1717441136463 211275.0 55
1717441143050 211244.0 56
1717441149859 211383.0 57
1717441156516 211011.0 58
1717441163039 210671.0 59
1717441169804 210711.0 60
1717441176751 210449.0 61
1717441183576 210509.0 62
1717441190001 209944.0 63
1717441196503 210061.0 64
1717441203160 209922.0 65
1717441209780 210104.0 66
1717441216456 209577.0 67
1717441223179 209479.0 68
1717441230419 209325.0 69
1717441237158 209291.0 70
1717441243948 209521.0 71
1717441250691 209161.0 72
1717441257190 208998.0 73
1717441263839 208839.0 74
1717441270498 208916.0 75
1717441277159 208863.0 76
1717441283856 208656.0 77
1717441290627 208756.0 78
1717441297388 208452.0 79
1717441304841 208391.0 80
1717441311748 208525.0 81
1717441318373 208155.0 82
1717441325076 208121.0 83
1717441331866 208066.0 84
1717441338708 208074.0 85
1717441345471 208001.0 86
1717441352752 207730.0 87
1717441359500 207750.0 88
1717441366324 207873.0 89
1717441373492 207584.0 90
1717441380234 207546.0 91
1717441387033 207489.0 92
1717441393673 207224.0 93
1717441400176 207352.0 94
1717441406789 207346.0 95
1717441413656 207108.0 96
1717441420436 207041.0 97
1717441427179 207048.0 98
1717441433984 206889.0 99
