1717440764804 0.5768461227416992 1
1717440771785 0.628411591053009 2
1717440778339 0.6477406620979309 3
1717440784644 0.6655934453010559 4
1717440791741 0.6803960800170898 5
1717440797975 0.689817488193512 6
1717440804237 0.6975765228271484 7
1717440810512 0.7036252021789551 8
1717440817146 0.7096691131591797 9
1717440823894 0.7145277261734009 10
1717440830694 0.7187660336494446 11
1717440837486 0.7226476669311523 12
1717440844366 0.7260652184486389 13
1717440851188 0.7291975021362305 14
1717440857965 0.7307846546173096 15
1717440864792 0.73428875207901 16
1717440871832 0.7365383505821228 17
1717440878730 0.7397855520248413 18
1717440885630 0.7414328455924988 19
1717440892579 0.7436885237693787 20
1717440899572 0.7450546026229858 21
1717440906516 0.7468616962432861 22
1717440913502 0.7484068274497986 23
1717440920455 0.7494475245475769 24
1717440927467 0.7500004768371582 25
1717440934515 0.7507928609848022 26
1717440941541 0.7517197728157043 27
1717440948559 0.7531335949897766 28
1717440955625 0.7534875869750977 29
1717440962478 0.7545521855354309 30
1717440969215 0.7551420331001282 31
1717440975911 0.7552369236946106 32
1717440982664 0.7562023401260376 33
1717440989458 0.757136344909668 34
1717440996248 0.7578952312469482 35
1717441003969 0.7586491107940674 36
1717441010618 0.7586488127708435 37
1717441017493 0.7597341537475586 38
1717441024783 0.7605718970298767 39
1717441031727 0.7605077624320984 40
1717441038768 0.76015305519104 41
1717441045791 0.7619391679763794 42
1717441052856 0.7616344094276428 43
1717441060320 0.7616934180259705 44
1717441067151 0.7626054883003235 45
1717441073675 0.7625260949134827 46
1717441080677 0.7630702257156372 47
1717441087516 0.7642902731895447 48
1717441094608 0.7644494771957397 49
1717441101345 0.7654229998588562 50
1717441108092 0.7652065753936768 51
1717441114705 0.7656039595603943 52
1717441122405 0.766351580619812 53
1717441130068 0.7671314477920532 54
1717441136463 0.766332745552063 55
1717441143050 0.7667791843414307 56
1717441149859 0.7670421004295349 57
1717441156516 0.7678070664405823 58
1717441163039 0.7686635851860046 59
1717441169804 0.7688584923744202 60
1717441176751 0.7693479061126709 61
1717441183576 0.7694350481033325 62
1717441190001 0.7707764506340027 63
1717441196503 0.770452082157135 64
1717441203160 0.7711232900619507 65
1717441209780 0.7709202170372009 66
1717441216456 0.7718008756637573 67
1717441223179 0.7721773386001587 68
1717441230419 0.7725911736488342 69
1717441237158 0.7731244564056396 70
1717441243948 0.7726227641105652 71
1717441250691 0.7734119892120361 72
1717441257190 0.7740352153778076 73
1717441263839 0.774289608001709 74
1717441270498 0.7741904854774475 75
1717441277159 0.7743130922317505 76
1717441283856 0.7746264338493347 77
1717441290627 0.7746581435203552 78
1717441297388 0.7755314707756042 79
1717441304841 0.7753747701644897 80
1717441311748 0.7754777669906616 81
1717441318373 0.7759583592414856 82
1717441325076 0.7758628726005554 83
1717441331866 0.7762777805328369 84
1717441338708 0.7763132452964783 85
1717441345471 0.7765549421310425 86
1717441352752 0.7772701978683472 87
1717441359500 0.7776488065719604 88
1717441366324 0.7771550416946411 89
1717441373492 0.7778411507606506 90
1717441380234 0.7777557969093323 91
1717441387033 0.7777372002601624 92
1717441393673 0.7784131765365601 93
1717441400176 0.7782830595970154 94
1717441406789 0.7785362601280212 95
1717441413656 0.7787466645240784 96
1717441420436 0.7793258428573608 97
1717441427179 0.7791868448257446 98
1717441433984 0.7793349027633667 99
