1717223411611 0.670641750875128 1
1717223414266 0.8376650140713352 2
1717223416930 0.8834762092253122 3
1717223419599 0.9023162736939676 4
1717223422258 0.9240935276863553 5
1717223424904 0.907325711949303 6
1717223427549 0.9303066926539383 7
1717223430212 0.9278845538202456 8
1717223432919 0.9211596537221958 9
1717223435557 0.9257256933329527 10
1717223438168 0.923018090123857 11
1717223440827 0.9216963139268369 12
1717223443506 0.917520727533887 13
1717223446182 0.9383758099009452 14
1717223448859 0.9493815515858941 15
1717223451549 0.9521935937935888 16
1717223454262 0.9586068503106393 17
1717223456947 0.9692068640298668 18
1717223459594 0.9713683199135318 19
1717223462267 0.9762605146233432 20
1717223464900 0.9794395911648437 21
1717223467591 0.9792484255911216 22
1717223470245 0.9776226458988763 23
1717223472936 0.9791870273282874 24
1717223475631 0.9794405837304531 25
1717223478313 0.9771642984663998 26
1717223480956 0.9794888494472657 27
1717223483575 0.9798174398315165 28
1717223486235 0.9799436278844382 29
1717223488894 0.981301140000703 30
1717223491573 0.982357659583293 31
1717223494273 0.9800369391813936 32
1717223496983 0.984035964137238 33
1717223499703 0.9824559203237702 34
1717223502355 0.9810457557721147 35
1717223505065 0.9839217461529952 36
1717223507735 0.9841076207439015 37
1717223510448 0.9841829318004012 38
1717223513103 0.9838856243515053 39
1717223515742 0.9846505734383515 40
1717223518454 0.9845371316984357 41
1717223521215 0.9846479612559659 42
1717223523939 0.9838172843320081 43
1717223526650 0.986348188234426 44
1717223529313 0.9850481494116246 45
1717223531992 0.9850445215106326 46
1717223534619 0.9854099819183993 47
1717223537319 0.9844192522285751 48
1717223539988 0.9863804750466233 49
1717223542677 0.9862809624022525 50
1717223545383 0.9856962473666148 51
1717223548079 0.9860263359189829 52
1717223550776 0.9865760927835152 53
1717223553483 0.9865660791990706 54
1717223556182 0.9864480229712781 55
1717223558871 0.9875959742902847 56
1717223561555 0.9857295239134578 57
1717223564213 0.9880624678518567 58
1717223566877 0.9879440918240675 59
1717223569620 0.9868757387271024 60
1717223572317 0.9886303231585316 61
1717223574992 0.9883551523936266 62
1717223577688 0.9883394157815811 63
1717223580348 0.9879805334397226 64
1717223583077 0.9902283489860888 65
1717223585762 0.9899666287721111 66
1717223588478 0.9886463714760291 67
1717223591180 0.9896014429565092 68
1717223593868 0.9913564137229441 69
1717223596587 0.9902878359158634 70
1717223599369 0.9912782672638455 71
1717223602114 0.9912597573833573 72
1717223604820 0.9888291242938981 73
1717223607510 0.9914372297003029 74
1717223610206 0.9911742584172467 75
1717223612895 0.9904991903579333 76
1717223615573 0.9904201313384158 77
1717223618267 0.9920495780379834 78
1717223620984 0.9907089521432759 79
1717223623681 0.9923623936894884 80
1717223626388 0.9914170304973078 81
1717223629093 0.991323420960137 82
1717223631758 0.9912220421844309 83
1717223634451 0.991513608958312 84
1717223637104 0.99220819892091 85
1717223639781 0.9915785405265687 86
1717223642549 0.9927158214606917 87
1717223645257 0.9923466584109406 88
1717223648078 0.9904983798064129 89
1717223650750 0.991521996567909 90
1717223653490 0.9925540416824086 91
1717223656152 0.9917274196654471 92
1717223658865 0.9929145278549875 93
1717223661510 0.9932271085135838 94
1717223664255 0.9927507038631387 95
1717223666946 0.9933112151678231 96
1717223669622 0.9927254509951702 97
1717223672384 0.9927524007591639 98
1717223675091 0.9906195762180097 99
