1717223411611 329923.0 1
1717223414266 329923.0 2
1717223416930 329923.0 3
1717223419599 329923.0 4
1717223422258 329923.0 5
1717223424904 329923.0 6
1717223427549 329923.0 7
1717223430212 329923.0 8
1717223432919 329923.0 9
1717223435557 329923.0 10
1717223438168 329923.0 11
1717223440827 329923.0 12
1717223443506 329923.0 13
1717223446182 329923.0 14
1717223448859 329923.0 15
1717223451549 329923.0 16
1717223454262 329923.0 17
1717223456947 329923.0 18
1717223459594 329923.0 19
1717223462267 329923.0 20
1717223464900 329923.0 21
1717223467591 329923.0 22
1717223470245 329923.0 23
1717223472936 329923.0 24
1717223475631 329923.0 25
1717223478313 329923.0 26
1717223480956 329923.0 27
1717223483575 329923.0 28
1717223486235 329923.0 29
1717223488894 329923.0 30
1717223491573 329923.0 31
1717223494273 329923.0 32
1717223496983 329923.0 33
1717223499703 329923.0 34
1717223502355 329923.0 35
1717223505065 329923.0 36
1717223507735 329923.0 37
1717223510448 329923.0 38
1717223513103 329923.0 39
1717223515742 329923.0 40
1717223518454 329923.0 41
1717223521215 329923.0 42
1717223523939 329923.0 43
1717223526650 329923.0 44
1717223529313 329923.0 45
1717223531992 329923.0 46
1717223534619 329923.0 47
1717223537319 329923.0 48
1717223539988 329923.0 49
1717223542677 329923.0 50
1717223545383 329923.0 51
1717223548079 329923.0 52
1717223550776 329923.0 53
1717223553483 329923.0 54
1717223556182 329923.0 55
1717223558871 329923.0 56
1717223561555 329923.0 57
1717223564213 329923.0 58
1717223566877 329923.0 59
1717223569620 329923.0 60
1717223572317 329923.0 61
1717223574992 329923.0 62
1717223577688 329923.0 63
1717223580348 329923.0 64
1717223583077 329923.0 65
1717223585762 329923.0 66
1717223588478 329923.0 67
1717223591180 329923.0 68
1717223593868 329923.0 69
1717223596587 329923.0 70
1717223599369 329923.0 71
1717223602114 329923.0 72
1717223604820 329923.0 73
1717223607510 329923.0 74
1717223610206 329923.0 75
1717223612895 329923.0 76
1717223615573 329923.0 77
1717223618267 329923.0 78
1717223620984 329923.0 79
1717223623681 329923.0 80
1717223626388 329923.0 81
1717223629093 329923.0 82
1717223631758 329923.0 83
1717223634451 329923.0 84
1717223637104 329923.0 85
1717223639781 329923.0 86
1717223642549 329923.0 87
1717223645257 329923.0 88
1717223648078 329923.0 89
1717223650750 329923.0 90
1717223653490 329923.0 91
1717223656152 329923.0 92
1717223658865 329923.0 93
1717223661510 329923.0 94
1717223664255 329923.0 95
1717223666946 329923.0 96
1717223669622 329923.0 97
1717223672384 329923.0 98
1717223675091 329923.0 99
