1716911282999 106368.0 1
1716911284049 109111.0 2
1716911285150 126425.0 3
1716911286261 128916.0 4
1716911287349 123080.0 5
1716911288555 110944.0 6
1716911289937 100991.0 7
1716911291087 98987.0 8
1716911292427 96688.0 9
1716911293691 94976.0 10
1716911294837 92440.0 11
1716911295916 90701.0 12
1716911297121 89533.0 13
1716911298255 89095.0 14
1716911299370 88697.0 15
1716911300462 88903.0 16
1716911301548 88574.0 17
1716911302662 88020.0 18
1716911303771 87519.0 19
1716911304886 87234.0 20
1716911305972 86710.0 21
1716911307082 86266.0 22
1716911308199 86216.0 23
1716911309498 85979.0 24
1716911310820 85556.0 25
1716911312155 84734.0 26
1716911313523 84381.0 27
1716911314865 84376.0 28
1716911316227 83654.0 29
1716911317564 83781.0 30
1716911318904 82751.0 31
1716911320232 82384.0 32
1716911321570 81823.0 33
1716911323002 81886.0 34
1716911324355 81704.0 35
1716911325721 81070.0 36
1716911327093 80583.0 37
1716911328515 80210.0 38
1716911330097 80176.0 39
1716911331428 79977.0 40
1716911332768 79355.0 41
1716911334104 79308.0 42
1716911335455 78909.0 43
1716911336809 78383.0 44
1716911338159 78066.0 45
1716911339533 78014.0 46
1716911340876 78277.0 47
1716911342246 77994.0 48
1716911343643 78108.0 49
1716911344980 77637.0 50
1716911346336 77583.0 51
1716911347686 77301.0 52
1716911349005 77168.0 53
1716911350346 76865.0 54
1716911351708 76649.0 55
1716911353055 76495.0 56
1716911354441 76132.0 57
1716911355870 76030.0 58
1716911357243 75986.0 59
1716911358608 75663.0 60
1716911360055 75722.0 61
1716911361393 75535.0 62
1716911362728 75072.0 63
1716911364084 75104.0 64
1716911365452 75168.0 65
1716911366860 74900.0 66
1716911368259 75009.0 67
1716911369656 74908.0 68
1716911371024 74849.0 69
1716911372410 74371.0 70
1716911373779 74234.0 71
1716911375162 74323.0 72
1716911376545 74190.0 73
1716911377945 74134.0 74
1716911379343 74378.0 75
1716911380759 74223.0 76
1716911382128 74017.0 77
1716911383519 73900.0 78
1716911384919 73615.0 79
1716911386303 73581.0 80
1716911387662 73387.0 81
1716911389035 73391.0 82
1716911390411 73834.0 83
1716911391851 73572.0 84
1716911393311 73340.0 85
1716911394720 73431.0 86
1716911396153 73415.0 87
1716911397545 73368.0 88
1716911398954 73204.0 89
1716911400371 73394.0 90
1716911401758 72770.0 91
1716911403326 72452.0 92
1716911404760 72552.0 93
1716911406149 72297.0 94
1716911407551 72431.0 95
1716911408953 72193.0 96
1716911410355 72284.0 97
1716911411758 72315.0 98
1716911413144 71845.0 99
