1716911282999 331273.0 1
1716911284049 331273.0 2
1716911285150 331273.0 3
1716911286261 331273.0 4
1716911287349 331273.0 5
1716911288555 331273.0 6
1716911289937 331273.0 7
1716911291087 331273.0 8
1716911292427 331273.0 9
1716911293691 331273.0 10
1716911294837 331273.0 11
1716911295916 331273.0 12
1716911297121 331273.0 13
1716911298255 331273.0 14
1716911299370 331273.0 15
1716911300462 331273.0 16
1716911301548 331273.0 17
1716911302662 331273.0 18
1716911303771 331273.0 19
1716911304886 331273.0 20
1716911305972 331273.0 21
1716911307082 331273.0 22
1716911308199 331273.0 23
1716911309498 331273.0 24
1716911310820 331273.0 25
1716911312155 331273.0 26
1716911313523 331273.0 27
1716911314865 331273.0 28
1716911316227 331273.0 29
1716911317564 331273.0 30
1716911318904 331273.0 31
1716911320232 331273.0 32
1716911321570 331273.0 33
1716911323002 331273.0 34
1716911324355 331273.0 35
1716911325721 331273.0 36
1716911327093 331273.0 37
1716911328515 331273.0 38
1716911330097 331273.0 39
1716911331428 331273.0 40
1716911332768 331273.0 41
1716911334104 331273.0 42
1716911335455 331273.0 43
1716911336809 331273.0 44
1716911338159 331273.0 45
1716911339533 331273.0 46
1716911340876 331273.0 47
1716911342246 331273.0 48
1716911343643 331273.0 49
1716911344980 331273.0 50
1716911346336 331273.0 51
1716911347686 331273.0 52
1716911349005 331273.0 53
1716911350346 331273.0 54
1716911351708 331273.0 55
1716911353055 331273.0 56
1716911354441 331273.0 57
1716911355870 331273.0 58
1716911357243 331273.0 59
1716911358608 331273.0 60
1716911360055 331273.0 61
1716911361393 331273.0 62
1716911362728 331273.0 63
1716911364084 331273.0 64
1716911365452 331273.0 65
1716911366860 331273.0 66
1716911368259 331273.0 67
1716911369656 331273.0 68
1716911371024 331273.0 69
1716911372410 331273.0 70
1716911373779 331273.0 71
1716911375162 331273.0 72
1716911376545 331273.0 73
1716911377945 331273.0 74
1716911379343 331273.0 75
1716911380759 331273.0 76
1716911382128 331273.0 77
1716911383519 331273.0 78
1716911384919 331273.0 79
1716911386303 331273.0 80
1716911387662 331273.0 81
1716911389035 331273.0 82
1716911390411 331273.0 83
1716911391851 331273.0 84
1716911393311 331273.0 85
1716911394720 331273.0 86
1716911396153 331273.0 87
1716911397545 331273.0 88
1716911398954 331273.0 89
1716911400371 331273.0 90
1716911401758 331273.0 91
1716911403326 331273.0 92
1716911404760 331273.0 93
1716911406149 331273.0 94
1716911407551 331273.0 95
1716911408953 331273.0 96
1716911410355 331273.0 97
1716911411758 331273.0 98
1716911413144 331273.0 99
