1716911282999 0.2522088289260864 1
1716911284049 0.2679429352283478 2
1716911285150 0.26739320158958435 3
1716911286261 0.2710370719432831 4
1716911287349 0.2852064371109009 5
1716911288555 0.30979058146476746 6
1716911289937 0.3303995430469513 7
1716911291087 0.33638256788253784 8
1716911292427 0.34355729818344116 9
1716911293691 0.34986239671707153 10
1716911294837 0.3587806224822998 11
1716911295916 0.36617156863212585 12
1716911297121 0.37263426184654236 13
1716911298255 0.37732255458831787 14
1716911299370 0.37966272234916687 15
1716911300462 0.3815048336982727 16
1716911301548 0.3835528492927551 17
1716911302662 0.3855498135089874 18
1716911303771 0.3881983757019043 19
1716911304886 0.38958626985549927 20
1716911305972 0.3915786147117615 21
1716911307082 0.3931862413883209 22
1716911308199 0.39378899335861206 23
1716911309498 0.39397668838500977 24
1716911310820 0.3957749009132385 25
1716911312155 0.3977307379245758 26
1716911313523 0.39905256032943726 27
1716911314865 0.3993822932243347 28
1716911316227 0.4014422297477722 29
1716911317564 0.4015207886695862 30
1716911318904 0.40457257628440857 31
1716911320232 0.4051211476325989 32
1716911321570 0.40709105134010315 33
1716911323002 0.40745118260383606 34
1716911324355 0.40903598070144653 35
1716911325721 0.4111224114894867 36
1716911327093 0.411837100982666 37
1716911328515 0.41359570622444153 38
1716911330097 0.4140298068523407 39
1716911331428 0.41461703181266785 40
1716911332768 0.41689354181289673 41
1716911334104 0.41591566801071167 42
1716911335455 0.41803494095802307 43
1716911336809 0.42013171315193176 44
1716911338159 0.42101603746414185 45
1716911339533 0.4214301109313965 46
1716911340876 0.4208107888698578 47
1716911342246 0.42165422439575195 48
1716911343643 0.42091044783592224 49
1716911344980 0.422722727060318 50
1716911346336 0.4231667220592499 51
1716911347686 0.42427465319633484 52
1716911349005 0.42450398206710815 53
1716911350346 0.42587366700172424 54
1716911351708 0.4263809323310852 55
1716911353055 0.426924467086792 56
1716911354441 0.4283587336540222 57
1716911355870 0.42887115478515625 58
1716911357243 0.42915067076683044 59
1716911358608 0.4302341938018799 60
1716911360055 0.43028345704078674 61
1716911361393 0.4300072193145752 62
1716911362728 0.4319033622741699 63
1716911364084 0.43201959133148193 64
1716911365452 0.4313175678253174 65
1716911366860 0.4327450394630432 66
1716911368259 0.4329233467578888 67
1716911369656 0.4322623014450073 68
1716911371024 0.4327004551887512 69
1716911372410 0.43464767932891846 70
1716911373779 0.43515539169311523 71
1716911375162 0.4352620244026184 72
1716911376545 0.43549013137817383 73
1716911377945 0.4360586702823639 74
1716911379343 0.4361443519592285 75
1716911380759 0.4368979334831238 76
1716911382128 0.4378960132598877 77
1716911383519 0.43796271085739136 78
1716911384919 0.4388341009616852 79
1716911386303 0.4385770261287689 80
1716911387662 0.4398488700389862 81
1716911389035 0.439921498298645 82
1716911390411 0.43857714533805847 83
1716911391851 0.4397169053554535 84
1716911393311 0.44041505455970764 85
1716911394720 0.4402453899383545 86
1716911396153 0.44061124324798584 87
1716911397545 0.4404803514480591 88
1716911398954 0.4415028691291809 89
1716911400371 0.44158193469047546 90
1716911401758 0.44355857372283936 91
1716911403326 0.44451507925987244 92
1716911404760 0.4442896842956543 93
1716911406149 0.4458906948566437 94
1716911407551 0.44560375809669495 95
1716911408953 0.44566965103149414 96
1716911410355 0.4456050992012024 97
1716911411758 0.4455316960811615 98
1716911413144 0.44751518964767456 99
