1717527489885 0.5552588969531065 1
1717527492179 0.6467058725981443 2
1717527494545 0.7756380908417229 3
1717527496883 0.8248646910805032 4
1717527499219 0.8492944252003686 5
1717527501492 0.8797241325090902 6
1717527503714 0.8984295255878231 7
1717527505992 0.9124146028679466 8
1717527508345 0.9242167684156363 9
1717527510695 0.9328756988244917 10
1717527512946 0.9382713892226617 11
1717527515249 0.9424968066812692 12
1717527517558 0.9461166232308524 13
1717527519888 0.9495965661379634 14
1717527522308 0.9507142079617328 15
1717527524637 0.9521374331941106 16
1717527526935 0.9531545110978756 17
1717527529299 0.9543681971670362 18
1717527531672 0.955389174843084 19
1717527533991 0.9568992526576126 20
1717527536403 0.957931604296071 21
1717527538679 0.9587708425606897 22
1717527540997 0.96063304651578 23
1717527543328 0.9627116335457583 24
1717527545639 0.963552529321927 25
1717527547994 0.9660360830278542 26
1717527550358 0.9677298385069909 27
1717527552604 0.9694339440543076 28
1717527554888 0.9718399759700936 29
1717527557316 0.9749359282877816 30
1717527559689 0.9768048327657318 31
1717527562005 0.97793500648537 32
1717527564339 0.9802415056684968 33
1717527566663 0.9817632946574733 34
1717527569002 0.9828467800280126 35
1717527571391 0.983800723195564 36
1717527573684 0.9840575126486524 37
1717527575956 0.9848127368336506 38
1717527578287 0.9857326816406837 39
1717527580584 0.9868292342328278 40
1717527582866 0.987661977658189 41
1717527585178 0.9883060803959186 42
1717527587538 0.9887555305053397 43
1717527589849 0.9890691418880099 44
1717527592130 0.9895469731626381 45
1717527594494 0.9898237729989651 46
1717527596800 0.9900560259070954 47
1717527599115 0.9903820666459998 48
1717527601497 0.9906406338197413 49
1717527603862 0.9910717046332307 50
1717527606239 0.9912586328519591 51
1717527608654 0.991354721163356 52
1717527611042 0.9923456091261158 53
1717527613397 0.9929018337806631 54
1717527615839 0.9927653872248199 55
1717527618211 0.9924414547702619 56
1717527620573 0.9923948771360458 57
1717527622935 0.9925490554570131 58
1717527625237 0.9924638174228254 59
1717527627554 0.9929153173492998 60
1717527629914 0.9930910797027577 61
1717527632157 0.9933669683248091 62
1717527634444 0.9937237748520122 63
1717527636802 0.9941046798194656 64
1717527639160 0.9941046798194656 65
1717527641453 0.9944315148957804 66
1717527643728 0.9944737446255101 67
1717527646112 0.994679262657475 68
1717527648446 0.9952539282094016 69
1717527650776 0.995606902206689 70
1717527653140 0.9956881864984997 71
1717527655459 0.9957550045583443 72
1717527657758 0.9959316517938153 73
1717527660049 0.9960942203774366 74
1717527662353 0.9964779216421088 75
1717527664676 0.9966872954808171 76
1717527666975 0.9965100322898554 77
1717527669308 0.9965100322898554 78
1717527671655 0.9965828814193084 79
1717527674061 0.9965828814193084 80
1717527676537 0.9969005980276696 81
1717527678836 0.9969005980276696 82
1717527681425 0.9968592090123142 83
1717527683747 0.9969688521239857 84
1717527686061 0.997009494269891 85
1717527688410 0.9969097635428541 86
1717527690765 0.9967407665915926 87
1717527693113 0.9967407665915926 88
1717527695491 0.9967407665915926 89
1717527697802 0.9967858868370467 90
1717527700117 0.9969484554206679 91
1717527702453 0.9969484554206679 92
1717527704731 0.996956184503697 93
1717527707239 0.996956184503697 94
1717527709621 0.996956184503697 95
1717527711925 0.9970150669155208 96
1717527714256 0.997056455930876 97
1717527716526 0.9969800325286327 98
1717527718807 0.9969800325286327 99
