1717527489885 0.936792680846666 1
1717527492179 0.9692824705455738 2
1717527494545 0.979666643578837 3
1717527496883 0.9841275703754172 4
1717527499219 0.9864259095282979 5
1717527501492 0.9891859465185727 6
1717527503714 0.9908413111343759 7
1717527505992 0.9920709962684716 8
1717527508345 0.9931210963895127 9
1717527510695 0.9939080986593788 10
1717527512946 0.9943918359363237 11
1717527515249 0.9947781999336874 12
1717527517558 0.995130808535579 13
1717527519888 0.9954711903416451 14
1717527522308 0.9955919035809602 15
1717527524637 0.9957243678039566 16
1717527526935 0.9958372080220267 17
1717527529299 0.9959521654403579 18
1717527531672 0.9960617020872992 19
1717527533991 0.9962109184254413 20
1717527536403 0.9963131772195771 21
1717527538679 0.9963867718149071 22
1717527540997 0.9965552913778603 23
1717527543328 0.9967481591201325 24
1717527545639 0.9968406643148899 25
1717527547994 0.9970799040572978 26
1717527550358 0.9972467606573747 27
1717527552604 0.9974105058812338 28
1717527554888 0.9976369291365194 29
1717527557316 0.9978934477101264 30
1717527559689 0.9980295413770432 31
1717527562005 0.9981229887774221 32
1717527564339 0.9983086683957628 33
1717527566663 0.99844553926476 34
1717527569002 0.9985343266748703 35
1717527571391 0.9986146425611176 36
1717527573684 0.9986382168742549 37
1717527575956 0.9986985959197107 38
1717527578287 0.9987806692252325 39
1717527580584 0.9988710092866736 40
1717527582866 0.9989393422911484 41
1717527585178 0.998999528651853 42
1717527587538 0.9990400202781519 43
1717527589849 0.9990668643620011 44
1717527592130 0.9991063057633617 45
1717527594494 0.9991356850135817 46
1717527596800 0.9991591020512739 47
1717527599115 0.9991878451910362 48
1717527601497 0.9992071686864431 49
1717527603862 0.9992424090769921 50
1717527606239 0.999256992552504 51
1717527608654 0.999265245023455 52
1717527611042 0.9993500611349625 53
1717527613397 0.9993972418564173 54
1717527615839 0.9993816101859229 55
1717527618211 0.9993533535436625 56
1717527620573 0.9993462544387065 57
1717527622935 0.9993609913745429 58
1717527625237 0.9993532979067457 59
1717527627554 0.999389658341905 60
1717527629914 0.9994026579376178 61
1717527632157 0.999424755828271 62
1717527634444 0.9994549442137368 63
1717527636802 0.9994864962366152 64
1717527639160 0.9994864623551696 65
1717527641453 0.9995159542205341 66
1717527643728 0.9995192677208361 67
1717527646112 0.9995389974632863 68
1717527648446 0.9995905631958445 69
1717527650776 0.9996228727563482 70
1717527653140 0.9996304222089349 71
1717527655459 0.9996346160981441 72
1717527657758 0.9996458044047114 73
1717527660049 0.9996606669431656 74
1717527662353 0.9996943200099098 75
1717527664676 0.9997090470339332 76
1717527666975 0.9996967894149649 77
1717527669308 0.999696789824198 78
1717527671655 0.9997051624831439 79
1717527674061 0.9997053022277964 80
1717527676537 0.9997351748781075 81
1717527678836 0.9997353098150012 82
1717527681425 0.9997318936021127 83
1717527683747 0.9997391105942144 84
1717527686061 0.999742890977907 85
1717527688410 0.9997353823054805 86
1717527690765 0.9997239716239114 87
1717527693113 0.9997240801754922 88
1717527695491 0.9997241244130558 89
1717527697802 0.9997277259482249 90
1717527700117 0.9997426799912855 91
1717527702453 0.9997427219545896 92
1717527704731 0.9997428906479453 93
1717527707239 0.9997429743531857 94
1717527709621 0.9997430141262961 95
1717527711925 0.9997468182149614 96
1717527714256 0.9997504806525789 97
1717527716526 0.9997504380949201 98
1717527718807 0.9997505099118663 99
