1717527489885 0.21068346625319959 1
1717527492179 0.238982606735358 2
1717527494545 0.2650306087939594 3
1717527496883 0.2805562301902943 4
1717527499219 0.28983346456403214 5
1717527501492 0.29764951508468773 6
1717527503714 0.30237306834920463 7
1717527505992 0.3075998884548229 8
1717527508345 0.3121577240836945 9
1717527510695 0.3159149758129359 10
1717527512946 0.3187250422924706 11
1717527515249 0.32132510438803885 12
1717527517558 0.3238726936402507 13
1717527519888 0.3270471375626583 14
1717527522308 0.32911367305952105 15
1717527524637 0.3316931179694434 16
1717527526935 0.33468740235883504 17
1717527529299 0.33701172820564845 18
1717527531672 0.3389933377995165 19
1717527533991 0.3413071157162963 20
1717527536403 0.3437024671530756 21
1717527538679 0.345814698044508 22
1717527540997 0.34845037963754927 23
1717527543328 0.3513326171896197 24
1717527545639 0.3544163979327186 25
1717527547994 0.357925609183499 26
1717527550358 0.3604795159764421 27
1717527552604 0.36391001407781803 28
1717527554888 0.36813052571791066 29
1717527557316 0.3727150627985958 30
1717527559689 0.3754357606199251 31
1717527562005 0.37700054367566666 32
1717527564339 0.3807284530274343 33
1717527566663 0.3830053735234021 34
1717527569002 0.3852074743451301 35
1717527571391 0.3873174389057511 36
1717527573684 0.3890950272397829 37
1717527575956 0.39091130248791245 38
1717527578287 0.39241003632229005 39
1717527580584 0.39395244284400177 40
1717527582866 0.3949239394923465 41
1717527585178 0.3957490908165274 42
1717527587538 0.3965459769453956 43
1717527589849 0.39701477073874547 44
1717527592130 0.3974931423853076 45
1717527594494 0.397708901781178 46
1717527596800 0.3980709001584257 47
1717527599115 0.39838297440857584 48
1717527601497 0.39871752054252385 49
1717527603862 0.3991037958002499 50
1717527606239 0.3994204869943602 51
1717527608654 0.3996588332959239 52
1717527611042 0.40008301053790213 53
1717527613397 0.4003739412802965 54
1717527615839 0.4005077158742848 55
1717527618211 0.40033889210378215 56
1717527620573 0.4002168882896099 57
1717527622935 0.4001147772082558 58
1717527625237 0.400067690409196 59
1717527627554 0.40021387012885423 60
1717527629914 0.40031862724427114 61
1717527632157 0.40038901264528737 62
1717527634444 0.40048253821317475 63
1717527636802 0.4005521125220123 64
1717527639160 0.40050982674053864 65
1717527641453 0.400595201245979 66
1717527643728 0.4006203970526171 67
1717527646112 0.4007338335992606 68
1717527648446 0.4009814289376329 69
1717527650776 0.40105184683775497 70
1717527653140 0.4011419724066659 71
1717527655459 0.40118286122014113 72
1717527657758 0.4012252614382229 73
1717527660049 0.4013153019880171 74
1717527662353 0.4015202709910288 75
1717527664676 0.4015907664271908 76
1717527666975 0.401641019855878 77
1717527669308 0.40163072453251475 78
1717527671655 0.40175540609104843 79
1717527674061 0.4018382793631291 80
1717527676537 0.40195845638345507 81
1717527678836 0.40202725229034586 82
1717527681425 0.4020976425984939 83
1717527683747 0.4021653734088378 84
1717527686061 0.4022469829002041 85
1717527688410 0.40223035915434463 86
1717527690765 0.40221729951479385 87
1717527693113 0.40229538840370227 88
1717527695491 0.4023569068939152 89
1717527697802 0.4024355347623755 90
1717527700117 0.40260834875965423 91
1717527702453 0.40264124658970607 92
1717527704731 0.4027024948031247 93
1717527707239 0.40277153268319577 94
1717527709621 0.40283992097425186 95
1717527711925 0.40294663089999755 96
1717527714256 0.4030630714706418 97
1717527716526 0.4031595997208462 98
1717527718807 0.4032750434084561 99
