1717617964011 0.9282578744169636 1
1717617998810 0.9814227203958599 2
1717618034311 0.9833948228257309 3
1717618071657 0.9826848348053644 4
1717618114750 0.9818882934035775 5
1717618154319 0.9814437808603944 6
1717618191739 0.9823685098922004 7
1717618229065 0.9831201680559593 8
1717618266671 0.9831710457432399 9
1717618305034 0.9830382066480536 10
1717618343515 0.9827688868925454 11
1717618383522 0.981887392159094 12
1717618427452 0.9812038517436898 13
1717618479243 0.9825185257307872 14
1717618529077 0.9828875017890394 15
1717618576603 0.9830212062494023 16
