1717085094906 0.2884058586105556 1
1717085096352 0.47403018339608644 2
1717085097824 0.48235909201239524 3
1717085099267 0.5226707375233586 4
1717085100765 0.5806068205530229 5
1717085102235 0.6212736203483297 6
1717085103859 0.6371189939208595 7
1717085105386 0.6664211628754302 8
1717085106864 0.6853136879512387 9
1717085108245 0.7147106125792927 10
1717085109629 0.7252127135871465 11
1717085111004 0.7334416982660633 12
1717085112376 0.7410144139842582 13
1717085113762 0.7285757184152732 14
1717085115132 0.7546295186897591 15
1717085116512 0.7601688744453359 16
1717085117922 0.7677725753759299 17
1717085119302 0.7864561493835257 18
1717085120667 0.772805795868021 19
1717085122063 0.787272289540463 20
1717085123428 0.7848663496266555 21
1717085124798 0.7924196211587633 22
1717085126206 0.7966795536485879 23
1717085127564 0.787638256582522 24
1717085128926 0.7968848945933417 25
1717085130292 0.8022351231412104 26
1717085131687 0.8041056508849728 27
1717085133061 0.8175550188267294 28
1717085134435 0.812427347541153 29
1717085135775 0.8152660027783647 30
1717085137249 0.8124719430204086 31
1717085138634 0.820281707474979 32
1717085140005 0.8161471263738973 33
1717085141358 0.8363249347190901 34
1717085142728 0.834453732553041 35
1717085144117 0.8195488588365787 36
1717085145507 0.8273768738472084 37
1717085146887 0.8408727218784365 38
1717085148259 0.8336816826964856 39
1717085149623 0.8457389660350053 40
1717085151031 0.836201209445216 41
1717085152419 0.8374696128118969 42
1717085153790 0.8353526551189657 43
1717085155166 0.8381180626134374 44
1717085156599 0.8523976347544624 45
1717085157973 0.8474563165672196 46
1717085159340 0.8420327679773241 47
1717085160755 0.8444870560651746 48
1717085162116 0.845089869305718 49
1717085163495 0.8501422472115356 50
1717085164924 0.8583846954119217 51
1717085166333 0.8551649243714055 52
1717085167698 0.8509103466956566 53
1717085169095 0.846834293810151 54
1717085170446 0.8528462162518047 55
1717085171818 0.8602841511926117 56
1717085173150 0.8466658736051399 57
1717085174506 0.8602857241837912 58
1717085175871 0.8529633001555978 59
1717085177239 0.8607090518400252 60
1717085178608 0.8606024305637268 61
1717085179997 0.8661027116509082 62
1717085181349 0.8653940305448173 63
1717085182740 0.8494918463627776 64
1717085184109 0.8604489939239066 65
1717085185483 0.8669788064056553 66
1717085186854 0.8728802004210409 67
1717085188223 0.8724985462475365 68
1717085189617 0.868485236570841 69
1717085191010 0.8636656958593019 70
1717085192382 0.8666025064329138 71
1717085193758 0.8657390616047316 72
1717085195125 0.8704118603523086 73
1717085196486 0.873153399398422 74
1717085197855 0.8699676765542458 75
1717085199233 0.8695988395811766 76
1717085200586 0.8748656494791153 77
1717085201961 0.8771638330611496 78
1717085203350 0.8455532836241052 79
1717085204711 0.8482039228964736 80
1717085206065 0.8783745648402937 81
1717085207398 0.8843787627793895 82
1717085208781 0.8757670234275441 83
1717085210181 0.8783248890867416 84
1717085211539 0.8872187112758617 85
1717085212924 0.884524940139556 86
1717085214279 0.8815525701990184 87
1717085215766 0.8864428560798406 88
1717085217107 0.8726881112806629 89
1717085218511 0.8824476794599347 90
1717085220047 0.883889703864552 91
1717085221499 0.8893257943631033 92
1717085222921 0.8896571792363037 93
1717085224314 0.8521363865605217 94
1717085225681 0.8869430334547381 95
1717085227018 0.893342916003779 96
1717085228380 0.890721219295141 97
1717085229799 0.885105303627151 98
1717085231194 0.8840430647089368 99
