1717085094906 0.23216796210734333 1
1717085096352 0.3487342684605513 2
1717085097824 0.3621684850841354 3
1717085099267 0.40542468648516944 4
1717085100765 0.4788730140787516 5
1717085102235 0.5176765988192498 6
1717085103859 0.5466621377642122 7
1717085105386 0.582142126838206 8
1717085106864 0.6172487625837961 9
1717085108245 0.6574168492944888 10
1717085109629 0.6676844807506186 11
1717085111004 0.6707215066883229 12
1717085112376 0.7034249390071453 13
1717085113762 0.6893238996023715 14
1717085115132 0.7096753477539471 15
1717085116512 0.7246925469624826 16
1717085117922 0.7353885496186455 17
1717085119302 0.7513286799300772 18
1717085120667 0.7393245762894738 19
1717085122063 0.7555784963548096 20
1717085123428 0.7552304645004313 21
1717085124798 0.7552825069621776 22
1717085126206 0.7629960743044075 23
1717085127564 0.7530178342608769 24
1717085128926 0.7650087869179382 25
1717085130292 0.7587875406094143 26
1717085131687 0.7758557160253459 27
1717085133061 0.7839258322265213 28
1717085134435 0.7779143463738931 29
1717085135775 0.780736912770265 30
1717085137249 0.7882530353614483 31
1717085138634 0.7802288642577017 32
1717085140005 0.7906742149505303 33
1717085141358 0.7939871138117826 34
1717085142728 0.798432201441419 35
1717085144117 0.7905846825995508 36
1717085145507 0.8028076423699726 37
1717085146887 0.801579663679674 38
1717085148259 0.8023457019637558 39
1717085149623 0.8076406422640449 40
1717085151031 0.8025032365816613 41
1717085152419 0.8054443483366013 42
1717085153790 0.807628619882092 43
1717085155166 0.8086377432690706 44
1717085156599 0.8157779936693278 45
1717085157973 0.8135421537365783 46
1717085159340 0.8083308703757945 47
1717085160755 0.8072716738101047 48
1717085162116 0.823340641798527 49
1717085163495 0.8159262669102596 50
1717085164924 0.8284180915710778 51
1717085166333 0.8267422721208018 52
1717085167698 0.8131731667800575 53
1717085169095 0.8196065855825786 54
1717085170446 0.8265398574987577 55
1717085171818 0.8315064532055884 56
1717085173150 0.8229870682015225 57
1717085174506 0.8247826023269432 58
1717085175871 0.8301840336761634 59
1717085177239 0.8243623661340973 60
1717085178608 0.8325138881052352 61
1717085179997 0.8452017911058208 62
1717085181349 0.8306641520443653 63
1717085182740 0.8271722066592504 64
1717085184109 0.8319461627345277 65
1717085185483 0.8394828967856398 66
1717085186854 0.8473717521110699 67
1717085188223 0.8459359869241453 68
1717085189617 0.8404896448838874 69
1717085191010 0.8463118086441296 70
1717085192382 0.8385049282808875 71
1717085193758 0.8433635198233869 72
1717085195125 0.835340106788051 73
1717085196486 0.8483914368074205 74
1717085197855 0.8414164799932893 75
1717085199233 0.844886496999405 76
1717085200586 0.8523036216778339 77
1717085201961 0.8509822136066131 78
1717085203350 0.8152002819621383 79
1717085204711 0.8412796864608664 80
1717085206065 0.8521834527082388 81
1717085207398 0.8591409923508032 82
1717085208781 0.8460703326264284 83
1717085210181 0.8577976899024812 84
1717085211539 0.8632571137819619 85
1717085212924 0.8613492517936637 86
1717085214279 0.8577670576991281 87
1717085215766 0.859500032014694 88
1717085217107 0.8499623275523283 89
1717085218511 0.8631001376438368 90
1717085220047 0.8599951984922731 91
1717085221499 0.8656535910936496 92
1717085222921 0.8637424974894018 93
1717085224314 0.8303138173237159 94
1717085225681 0.8641339950310506 95
1717085227018 0.875910613043796 96
1717085228380 0.8656954434554927 97
1717085229799 0.8697270024872844 98
1717085231194 0.8586876600744355 99
