1717085094906 0.8914801861889055 1
1717085096352 0.9348225858557537 2
1717085097824 0.9352903733593468 3
1717085099267 0.9382805650988365 4
1717085100765 0.9418090399349969 5
1717085102235 0.9464174214351029 6
1717085103859 0.9466876269996695 7
1717085105386 0.9503546179969886 8
1717085106864 0.951792385649906 9
1717085108245 0.9545196744543591 10
1717085109629 0.9560153753938331 11
1717085111004 0.9577349296851143 12
1717085112376 0.9569262685365177 13
1717085113762 0.9556973692961493 14
1717085115132 0.9598253531935051 15
1717085116512 0.9602505183422518 16
1717085117922 0.9614148085783184 17
1717085119302 0.9644554472245671 18
1717085120667 0.9621068620924389 19
1717085122063 0.9642753524358738 20
1717085123428 0.9639362356612142 21
1717085124798 0.9654955349465089 22
1717085126206 0.9659171856591549 23
1717085127564 0.9645697079213688 24
1717085128926 0.9658353587173647 25
1717085130292 0.9672808341375806 26
1717085131687 0.9670569690383193 27
1717085133061 0.9694348484753125 28
1717085134435 0.9685109397719998 29
1717085135775 0.9690877859418683 30
1717085137249 0.9681657449927322 31
1717085138634 0.970154495205585 32
1717085140005 0.9690118380389363 33
1717085141358 0.9728166368532477 34
1717085142728 0.9722422735982644 35
1717085144117 0.9695374312519898 36
1717085145507 0.9707315172248744 37
1717085146887 0.9733855565490762 38
1717085148259 0.9719211591926509 39
1717085149623 0.9741253111053112 40
1717085151031 0.9724226277493372 41
1717085152419 0.9726779029581507 42
1717085153790 0.972213053482232 43
1717085155166 0.9726510747065255 44
1717085156599 0.9752112561556601 45
1717085157973 0.9743229862397491 46
1717085159340 0.9734366235619829 47
1717085160755 0.9739410156455907 48
1717085162116 0.9735386560841564 49
1717085163495 0.9747723905539585 50
1717085164924 0.9759418814134551 51
1717085166333 0.9754678528168884 52
1717085167698 0.9748878832217569 53
1717085169095 0.9739196983600321 54
1717085170446 0.9749555951952047 55
1717085171818 0.9763714055652848 56
1717085173150 0.9738214495710349 57
1717085174506 0.9764519734773973 58
1717085175871 0.9749876616074106 59
1717085177239 0.9765168508055054 60
1717085178608 0.9763093217139687 61
1717085179997 0.9771051430947127 62
1717085181349 0.9772349142577677 63
1717085182740 0.9742079354895276 64
1717085184109 0.9762300029623603 65
1717085185483 0.977256503591077 66
1717085186854 0.978295290540857 67
1717085188223 0.9783059357894318 68
1717085189617 0.9775928413077992 69
1717085191010 0.9766050337175811 70
1717085192382 0.9772432536539215 71
1717085193758 0.9770311177191644 72
1717085195125 0.9780851606143107 73
1717085196486 0.9782881309684337 74
1717085197855 0.9778972087187341 75
1717085199233 0.977855437804197 76
1717085200586 0.9786176252576677 77
1717085201961 0.9790582234839388 78
1717085203350 0.973856006850152 79
1717085204711 0.9734347627371215 80
1717085206065 0.9792419539680911 81
1717085207398 0.9801065827176199 82
1717085208781 0.9788825631327532 83
1717085210181 0.9790360796226113 84
1717085211539 0.9806090850313317 85
1717085212924 0.9801198753409317 86
1717085214279 0.9796532066815521 87
1717085215766 0.9804721691447572 88
1717085217107 0.978286247622143 89
1717085218511 0.9796304377598644 90
1717085220047 0.980071763536019 91
1717085221499 0.9809871150674289 92
1717085222921 0.9810368039527745 93
1717085224314 0.9747615714299412 94
1717085225681 0.9805439151282389 95
1717085227018 0.9814795598698279 96
1717085228380 0.9811490128953665 97
1717085229799 0.9801361155848048 98
1717085231194 0.9802070587218601 99
