1717192875795 0.7974663896784312 1
1717192877493 0.8699288898217032 2
1717192879076 0.8842337053045679 3
1717192880725 0.8885863522855961 4
1717192882421 0.8902809025315669 5
1717192884030 0.8914088461635132 6
1717192885681 0.8923710280011019 7
1717192887359 0.8945322722589729 8
1717192889022 0.8984668382565587 9
1717192890708 0.9013460626828705 10
1717192892360 0.9051406367042713 11
1717192893980 0.9078409770214307 12
1717192895622 0.9116698343977839 13
1717192897343 0.9127872877151565 14
1717192899001 0.9137034501751735 15
1717192900716 0.9145326781155536 16
1717192902388 0.9153560445270473 17
1717192904040 0.9170756204237376 18
1717192905695 0.9184094499042749 19
1717192907302 0.9199538802118726 20
1717192908936 0.9211528948011214 21
1717192910562 0.9226318461153888 22
1717192912210 0.924037749085029 23
1717192913836 0.9259764802694641 24
1717192915490 0.928937523764982 25
1717192917162 0.9325060030647218 26
1717192918828 0.9368134731286691 27
1717192920461 0.9395703827091301 28
1717192922109 0.9417412672347572 29
1717192923800 0.9416935915121146 30
1717192925507 0.94251559729206 31
1717192927111 0.9433652169676664 32
1717192928818 0.9441666071596266 33
1717192930463 0.9445274043773702 34
1717192932167 0.9447355525015465 35
1717192933810 0.9453363885260102 36
1717192935454 0.9456115967269509 37
1717192937077 0.9463117246401885 38
1717192938748 0.9458875523687723 39
1717192940419 0.9478060368806283 40
1717192942115 0.9481407521709199 41
1717192943676 0.9484203643133333 42
1717192945404 0.9480968451281142 43
1717192947101 0.9482536142249419 44
1717192948748 0.9488754022222021 45
1717192950316 0.9484445116467699 46
1717192951956 0.9491745645177236 47
1717192953634 0.9491851923453991 48
1717192955296 0.9494066198616368 49
1717192956983 0.949631234511024 50
1717192958602 0.949738386233199 51
1717192960277 0.9500154680503494 52
1717192961928 0.9500921830083382 53
1717192963635 0.9499407923214549 54
1717192965291 0.9499135519723496 55
1717192966989 0.9504305061493066 56
1717192968701 0.9497271082900546 57
1717192970302 0.9498934186937079 58
1717192972016 0.9502576161247742 59
1717192973686 0.9503969281758252 60
1717192975362 0.9504825082769032 61
1717192977058 0.9502163092552951 62
1717192978694 0.9506103097252387 63
1717192980377 0.9511609668099349 64
1717192982027 0.9504819845147203 65
1717192983690 0.950948654231088 66
1717192985439 0.9508089988852337 67
1717192987189 0.9508406753184396 68
1717192988860 0.9505213469080239 69
1717192990536 0.951019421344626 70
1717192992254 0.948043688155222 71
1717192993926 0.9504427374020455 72
1717192995578 0.9510545550624387 73
1717192997168 0.9511826542246242 74
1717192998766 0.9514606606990207 75
1717193000445 0.9514949976735135 76
1717193002150 0.9513321523973948 77
1717193003839 0.9512586442226997 78
1717193005525 0.9516039803159743 79
1717193007149 0.9515437563521942 80
1717193008830 0.9514926337894335 81
1717193010496 0.9518893948018365 82
1717193012137 0.9511880373216572 83
1717193013803 0.9519820050846893 84
1717193015382 0.9519447195776396 85
1717193017042 0.9496609099950533 86
1717193018703 0.9512763180747303 87
1717193020414 0.9515104931113962 88
1717193022050 0.9520124377488682 89
1717193023731 0.9517769951715959 90
1717193025424 0.9523931085100897 91
1717193027099 0.9514361162380001 92
1717193028755 0.9525770317775103 93
1717193030459 0.9527191143760597 94
1717193032154 0.9522983326186069 95
1717193033837 0.9520773425816181 96
1717193035460 0.950092477147952 97
1717193037074 0.9521630634995819 98
1717193038743 0.9531168487908043 99
