1717192875795 329923.0 1
1717192877493 329923.0 2
1717192879076 329923.0 3
1717192880725 329923.0 4
1717192882421 329923.0 5
1717192884030 329923.0 6
1717192885681 329923.0 7
1717192887359 329923.0 8
1717192889022 329923.0 9
1717192890708 329923.0 10
1717192892360 329923.0 11
1717192893980 329923.0 12
1717192895622 329923.0 13
1717192897343 329923.0 14
1717192899001 329923.0 15
1717192900716 329923.0 16
1717192902388 329923.0 17
1717192904040 329923.0 18
1717192905695 329923.0 19
1717192907302 329923.0 20
1717192908936 329923.0 21
1717192910562 329923.0 22
1717192912210 329923.0 23
1717192913836 329923.0 24
1717192915490 329923.0 25
1717192917162 329923.0 26
1717192918828 329923.0 27
1717192920461 329923.0 28
1717192922109 329923.0 29
1717192923800 329923.0 30
1717192925507 329923.0 31
1717192927111 329923.0 32
1717192928818 329923.0 33
1717192930463 329923.0 34
1717192932167 329923.0 35
1717192933810 329923.0 36
1717192935454 329923.0 37
1717192937077 329923.0 38
1717192938748 329923.0 39
1717192940419 329923.0 40
1717192942115 329923.0 41
1717192943676 329923.0 42
1717192945404 329923.0 43
1717192947101 329923.0 44
1717192948748 329923.0 45
1717192950316 329923.0 46
1717192951956 329923.0 47
1717192953634 329923.0 48
1717192955296 329923.0 49
1717192956983 329923.0 50
1717192958602 329923.0 51
1717192960277 329923.0 52
1717192961928 329923.0 53
1717192963635 329923.0 54
1717192965291 329923.0 55
1717192966989 329923.0 56
1717192968701 329923.0 57
1717192970302 329923.0 58
1717192972016 329923.0 59
1717192973686 329923.0 60
1717192975362 329923.0 61
1717192977058 329923.0 62
1717192978694 329923.0 63
1717192980377 329923.0 64
1717192982027 329923.0 65
1717192983690 329923.0 66
1717192985439 329923.0 67
1717192987189 329923.0 68
1717192988860 329923.0 69
1717192990536 329923.0 70
1717192992254 329923.0 71
1717192993926 329923.0 72
1717192995578 329923.0 73
1717192997168 329923.0 74
1717192998766 329923.0 75
1717193000445 329923.0 76
1717193002150 329923.0 77
1717193003839 329923.0 78
1717193005525 329923.0 79
1717193007149 329923.0 80
1717193008830 329923.0 81
1717193010496 329923.0 82
1717193012137 329923.0 83
1717193013803 329923.0 84
1717193015382 329923.0 85
1717193017042 329923.0 86
1717193018703 329923.0 87
1717193020414 329923.0 88
1717193022050 329923.0 89
1717193023731 329923.0 90
1717193025424 329923.0 91
1717193027099 329923.0 92
1717193028755 329923.0 93
1717193030459 329923.0 94
1717193032154 329923.0 95
1717193033837 329923.0 96
1717193035460 329923.0 97
1717193037074 329923.0 98
1717193038743 329923.0 99
