1717192875795 0.987499660205059 1
1717192877493 0.9946992180695314 2
1717192879076 0.9981490315127924 3
1717192880725 0.9988756770310178 4
1717192882421 0.9990917401452699 5
1717192884030 0.9991366066240567 6
1717192885681 0.9991350356420723 7
1717192887359 0.9988946711344032 8
1717192889022 0.9984797718540646 9
1717192890708 0.9984613972828991 10
1717192892360 0.9980417953715613 11
1717192893980 0.9977740457593681 12
1717192895622 0.9972838809553705 13
1717192897343 0.9973511690165713 14
1717192899001 0.9974618178619468 15
1717192900716 0.9974705545284038 16
1717192902388 0.997380578535561 17
1717192904040 0.9973578040973647 18
1717192905695 0.9975285216554726 19
1717192907302 0.9975154767551268 20
1717192908936 0.997647235521924 21
1717192910562 0.9976713103204842 22
1717192912210 0.9978612500068444 23
1717192913836 0.9978096817925808 24
1717192915490 0.9980787152928945 25
1717192917162 0.9981529004970321 26
1717192918828 0.9985389707479125 27
1717192920461 0.9986449366329072 28
1717192922109 0.9988760086621601 29
1717192923800 0.9991420739708539 30
1717192925507 0.9992401908998512 31
1717192927111 0.9992482337361378 32
1717192928818 0.9993406665222387 33
1717192930463 0.9993198563368616 34
1717192932167 0.9993799042998285 35
1717192933810 0.9994084737580478 36
1717192935454 0.9994186336265373 37
1717192937077 0.999312037507571 38
1717192938748 0.9990519022932651 39
1717192940419 0.999423492460104 40
1717192942115 0.9994360358366102 41
1717192943676 0.9993535894694429 42
1717192945404 0.9994157173486812 43
1717192947101 0.9994232960364066 44
1717192948748 0.9995078525533468 45
1717192950316 0.9994418921109502 46
1717192951956 0.9994952743886126 47
1717192953634 0.999547187797891 48
1717192955296 0.9995551858606764 49
1717192956983 0.9995680559876617 50
1717192958602 0.9995064873173787 51
1717192960277 0.9995879443723671 52
1717192961928 0.9994834172476201 53
1717192963635 0.9995250920738197 54
1717192965291 0.9994655556188006 55
1717192966989 0.999246200414214 56
1717192968701 0.9993813820268105 57
1717192970302 0.9995569956492699 58
1717192972016 0.9995527033561871 59
1717192973686 0.9995526053071618 60
1717192975362 0.9995082951132046 61
1717192977058 0.9995242534571092 62
1717192978694 0.9995318203787104 63
1717192980377 0.9995362759770454 64
1717192982027 0.9994631765901832 65
1717192983690 0.9995346893077278 66
1717192985439 0.999494843954859 67
1717192987189 0.9994178195895597 68
1717192988860 0.9995508922620128 69
1717192990536 0.9995355881610152 70
1717192992254 0.9990664490286474 71
1717192993926 0.9995238261755218 72
1717192995578 0.999567077833052 73
1717192997168 0.9995381414421168 74
1717192998766 0.999587750889976 75
1717193000445 0.9995756914122276 76
1717193002150 0.9995604721184155 77
1717193003839 0.9995279918110038 78
1717193005525 0.9995689299281902 79
1717193007149 0.9996348959349656 80
1717193008830 0.9995518448238463 81
1717193010496 0.99957237861247 82
1717193012137 0.9995173926989727 83
1717193013803 0.9995850490458816 84
1717193015382 0.9994832913886653 85
1717193017042 0.999130988371194 86
1717193018703 0.9995620300869447 87
1717193020414 0.9995745605579925 88
1717193022050 0.9995262977807211 89
1717193023731 0.9995457761111646 90
1717193025424 0.9995175387240778 91
1717193027099 0.9995140073380232 92
1717193028755 0.9994728569958028 93
1717193030459 0.9994701050188046 94
1717193032154 0.9994908264227581 95
1717193033837 0.9993463384490763 96
1717193035460 0.9992615144326218 97
1717193037074 0.9995551857530671 98
1717193038743 0.9994953285466314 99
