1717708368714 0.004139130434782645 1
1717708377710 0.017440993788819914 2
1717708384114 0.058081987577639715 3
1717708390319 0.15392795031055906 4
1717708396466 0.19645217391304348 5
1717708403048 0.2509763975155279 6
1717708409619 0.29317267080745346 7
1717708416623 0.2974062111801242 8
1717708423045 0.2872347826086956 9
1717708429083 0.26805962732919253 10
1717708435187 0.2421962732919255 11
1717708441568 0.2127900621118013 12
1717708448071 0.20762236024844716 13
1717708455029 0.21578633540372671 14
1717708461325 0.2363875776397516 15
1717708467610 0.26122732919254654 16
