1717708368714 0.2331874817609787 1
1717708377710 0.20090849697589874 2
1717708384114 0.1890058070421219 3
1717708390319 0.15456724166870117 4
1717708396466 0.12787845730781555 5
1717708403048 0.12337469309568405 6
1717708409619 0.12133771926164627 7
1717708416623 0.11979874968528748 8
1717708423045 0.11847197264432907 9
1717708429083 0.11719787120819092 10
1717708435187 0.1161317527294159 11
1717708441568 0.11533833295106888 12
1717708448071 0.11470659077167511 13
1717708455029 0.11412575095891953 14
1717708461325 0.11361602693796158 15
1717708467610 0.1131342202425003 16
