1717533841957 0.21467159688472748 1
1717533843259 0.22025713324546814 2
1717533844670 0.22214409708976746 3
1717533846150 0.24248981475830078 4
1717533847657 0.2519949674606323 5
1717533849223 0.2562951147556305 6
1717533850756 0.2618429660797119 7
1717533852198 0.2853940725326538 8
1717533853594 0.3133048117160797 9
1717533854953 0.3405373692512512 10
1717533856586 0.3591920733451843 11
1717533858199 0.3750458359718323 12
1717533859869 0.3876981735229492 13
1717533861235 0.3973105251789093 14
1717533862629 0.4074883460998535 15
1717533863996 0.41998255252838135 16
1717533865474 0.4295080304145813 17
1717533866872 0.436336874961853 18
1717533868256 0.44109633564949036 19
1717533869635 0.4445057809352875 20
1717533871025 0.4462582468986511 21
1717533872487 0.4556208550930023 22
1717533873888 0.4597793221473694 23
1717533875304 0.4634450078010559 24
1717533876696 0.46712416410446167 25
1717533878162 0.46960675716400146 26
1717533879554 0.47293177247047424 27
1717533880944 0.47507327795028687 28
1717533882343 0.4771157205104828 29
1717533883722 0.4787572920322418 30
1717533885173 0.47816184163093567 31
1717533886549 0.4634592831134796 32
1717533887940 0.47950029373168945 33
1717533889327 0.478532075881958 34
1717533890681 0.47197407484054565 35
1717533892078 0.479767769575119 36
1717533893452 0.4776744842529297 37
1717533894849 0.48886629939079285 38
1717533896293 0.4814518988132477 39
1717533897692 0.4987911581993103 40
1717533899071 0.4883972406387329 41
1717533900469 0.4886886477470398 42
1717533901889 0.5034751892089844 43
1717533903245 0.494956910610199 44
1717533904678 0.497374564409256 45
1717533906070 0.5057429075241089 46
1717533907460 0.5021325945854187 47
1717533908838 0.5026164650917053 48
1717533910287 0.5150667428970337 49
1717533911727 0.5080059766769409 50
1717533913124 0.5149709582328796 51
1717533914513 0.5127588510513306 52
1717533915917 0.5193890929222107 53
1717533917299 0.5168848633766174 54
1717533918702 0.5180547833442688 55
1717533920139 0.5238975286483765 56
1717533921539 0.5194261074066162 57
1717533922945 0.5274275541305542 58
1717533924337 0.521596372127533 59
1717533925766 0.5294400453567505 60
1717533927175 0.5238326787948608 61
1717533928581 0.5312210917472839 62
1717533929980 0.5268728137016296 63
1717533931364 0.532650887966156 64
1717533932769 0.5289413332939148 65
1717533934180 0.5343289375305176 66
1717533935574 0.5315293669700623 67
1717533936987 0.5360888242721558 68
1717533938371 0.5335661172866821 69
1717533939747 0.5372074842453003 70
1717533941179 0.5347989797592163 71
1717533942544 0.5381007194519043 72
1717533943958 0.5356888175010681 73
1717533945360 0.5399022102355957 74
1717533947070 0.5367392897605896 75
1717533948506 0.5402881503105164 76
1717533949888 0.5372298359870911 77
1717533951323 0.5413389205932617 78
1717533952771 0.5381793975830078 79
1717533954170 0.5420577526092529 80
1717533955635 0.5395699739456177 81
1717533957030 0.5427355170249939 82
1717533958432 0.5400863885879517 83
1717533959813 0.5436451435089111 84
1717533961214 0.5413824319839478 85
1717533962607 0.545375645160675 86
1717533963987 0.5421909689903259 87
1717533965375 0.5467360615730286 88
1717533966790 0.5421956181526184 89
1717533968202 0.5471930503845215 90
1717533969636 0.5419341325759888 91
1717533971045 0.5485700368881226 92
1717533972427 0.5439414978027344 93
1717533973819 0.5477750897407532 94
1717533975263 0.5483877658843994 95
1717533976639 0.5492622256278992 96
1717533978054 0.5497751832008362 97
1717533979450 0.5503218770027161 98
1717533981002 0.550652027130127 99
