1717533841957 1.1388745307922363 1
1717533843259 1.099799633026123 2
1717533844670 1.0662610530853271 3
1717533846150 0.975483775138855 4
1717533847657 0.9059949517250061 5
1717533849223 0.8728010654449463 6
1717533850756 0.8415507674217224 7
1717533852198 0.802651047706604 8
1717533853594 0.7527344822883606 9
1717533854953 0.6908775568008423 10
1717533856586 0.6488423347473145 11
1717533858199 0.6140481233596802 12
1717533859869 0.5772687196731567 13
1717533861235 0.550919771194458 14
1717533862629 0.5308901071548462 15
1717533863996 0.5070977807044983 16
1717533865474 0.49132296442985535 17
1717533866872 0.48047128319740295 18
1717533868256 0.4722170829772949 19
1717533869635 0.46695300936698914 20
1717533871025 0.4705107510089874 21
1717533872487 0.45869192481040955 22
1717533873888 0.4559742212295532 23
1717533875304 0.4477468430995941 24
1717533876696 0.44498211145401 25
1717533878162 0.44082924723625183 26
1717533879554 0.43694791197776794 27
1717533880944 0.4341769218444824 28
1717533882343 0.4317622184753418 29
1717533883722 0.42987412214279175 30
1717533885173 0.4319075047969818 31
1717533886549 0.45983439683914185 32
1717533887940 0.4337786138057709 33
1717533889327 0.4373708665370941 34
1717533890681 0.436810165643692 35
1717533892078 0.428783118724823 36
1717533893452 0.4297492504119873 37
1717533894849 0.4187949597835541 38
1717533896293 0.42535001039505005 39
1717533897692 0.41073083877563477 40
1717533899071 0.41721850633621216 41
1717533900469 0.4162300229072571 42
1717533901889 0.40559571981430054 43
1717533903245 0.4103972613811493 44
1717533904678 0.40819597244262695 45
1717533906070 0.4028145372867584 46
1717533907460 0.4039830267429352 47
1717533908838 0.40361487865448 48
1717533910287 0.3959166407585144 49
1717533911727 0.3995818793773651 50
1717533913124 0.3951430320739746 51
1717533914513 0.39633291959762573 52
1717533915917 0.3913425803184509 53
1717533917299 0.3923426568508148 54
1717533918702 0.39139604568481445 55
1717533920139 0.3867577612400055 56
1717533921539 0.3898853361606598 57
1717533922945 0.38318678736686707 58
1717533924337 0.38760000467300415 59
1717533925766 0.38054800033569336 60
1717533927175 0.38537484407424927 61
1717533928581 0.37810635566711426 62
1717533929980 0.382581502199173 63
1717533931364 0.37593308091163635 64
1717533932769 0.38021135330200195 65
1717533934180 0.373630553483963 66
1717533935574 0.3773542642593384 67
1717533936987 0.3711720407009125 68
1717533938371 0.3746582269668579 69
1717533939747 0.36875155568122864 70
1717533941179 0.37235477566719055 71
1717533942544 0.36661893129348755 72
1717533943958 0.36953920125961304 73
1717533945360 0.36410635709762573 74
1717533947070 0.3660542368888855 75
1717533948506 0.3623415529727936 76
1717533949888 0.36542659997940063 77
1717533951323 0.3604329824447632 78
1717533952771 0.3617890775203705 79
1717533954170 0.3580189347267151 80
1717533955635 0.35964590311050415 81
1717533957030 0.3561429977416992 82
1717533958432 0.3574836254119873 83
1717533959813 0.3546232283115387 84
1717533961214 0.35542839765548706 85
1717533962607 0.3541899025440216 86
1717533963987 0.353862464427948 87
1717533965375 0.3546511232852936 88
1717533966790 0.354062020778656 89
1717533968202 0.3572808802127838 90
1717533969636 0.35493072867393494 91
1717533971045 0.3529953062534332 92
1717533972427 0.34947827458381653 93
1717533973819 0.345617413520813 94
1717533975263 0.3444637358188629 95
1717533976639 0.34355416893959045 96
1717533978054 0.3425633907318115 97
1717533979450 0.3419833779335022 98
1717533981002 0.3411118984222412 99
