1717246734502 440160.0 1
1717246744248 440160.0 2
1717246753871 440160.0 3
1717246763357 440160.0 4
1717246773118 440160.0 5
1717246782764 440160.0 6
1717246792563 440160.0 7
1717246802462 440160.0 8
1717246812124 440160.0 9
1717246821314 440160.0 10
1717246830739 440160.0 11
1717246840462 440160.0 12
1717246850177 440160.0 13
1717246860626 440160.0 14
1717246870631 440160.0 15
1717246879919 440160.0 16
1717246889715 440160.0 17
1717246898989 440160.0 18
1717246908373 440160.0 19
1717246918012 440160.0 20
1717246927053 440160.0 21
1717246936299 440160.0 22
1717246945609 440160.0 23
1717246955085 440160.0 24
1717246964900 440160.0 25
1717246974317 440160.0 26
1717246985055 440160.0 27
1717246994433 440160.0 28
1717247003823 440160.0 29
1717247013317 440160.0 30
1717247022859 440160.0 31
1717247032510 440160.0 32
1717247042409 440160.0 33
1717247052315 440160.0 34
1717247061878 440160.0 35
1717247071456 440160.0 36
1717247081437 440160.0 37
1717247091066 440160.0 38
1717247100737 440160.0 39
1717247111139 440160.0 40
1717247120399 440160.0 41
1717247130014 440160.0 42
1717247139684 440160.0 43
1717247149280 440160.0 44
1717247158570 440160.0 45
1717247168062 440160.0 46
1717247177884 440160.0 47
1717247187118 440160.0 48
1717247196405 440160.0 49
1717247206383 440160.0 50
1717247215708 440160.0 51
1717247225080 440160.0 52
1717247235850 440160.0 53
1717247245670 440160.0 54
1717247255112 440160.0 55
1717247264812 440160.0 56
1717247274746 440160.0 57
1717247284205 440160.0 58
1717247293722 440160.0 59
1717247303293 440160.0 60
1717247312716 440160.0 61
1717247322321 440160.0 62
1717247331674 440160.0 63
1717247341162 440160.0 64
1717247350984 440160.0 65
1717247361034 440160.0 66
1717247370451 440160.0 67
1717247379711 440160.0 68
1717247389390 440160.0 69
1717247399188 440160.0 70
1717247408395 440160.0 71
1717247417999 440160.0 72
1717247427280 440160.0 73
1717247436549 440160.0 74
1717247446275 440160.0 75
1717247456042 440160.0 76
1717247465443 440160.0 77
1717247474751 440160.0 78
1717247484776 440160.0 79
1717247494399 440160.0 80
1717247503624 440160.0 81
1717247512921 440160.0 82
1717247522201 440160.0 83
1717247531450 440160.0 84
1717247540844 440160.0 85
1717247550454 440160.0 86
1717247559902 440160.0 87
1717247569576 440160.0 88
1717247579005 440160.0 89
1717247588673 440160.0 90
1717247598209 440160.0 91
1717247608611 440160.0 92
1717247617959 440160.0 93
1717247627776 440160.0 94
1717247637308 440160.0 95
1717247646489 440160.0 96
1717247655915 440160.0 97
1717247665223 440160.0 98
1717247674608 440160.0 99
