1717246734502 0.02351813194855597 1
1717246744248 7.864108210128971e-05 2
1717246753871 0.011878265560184356 3
1717246763357 0.029334286001526263 4
1717246773118 0.03384332778193522 5
1717246782764 0.03696948917858328 6
1717246792563 0.038762891712496805 7
1717246802462 0.049757631012868835 8
1717246812124 0.020476273736229473 9
1717246821314 0.04855346002791698 10
1717246830739 0.06375973969821604 11
1717246840462 0.07639723311805803 12
1717246850177 0.13012122209130492 13
1717246860626 0.2103847850512885 14
1717246870631 0.27702744716236244 15
1717246879919 0.33224126783974134 16
1717246889715 0.3668665130725894 17
1717246898989 0.4034119488044173 18
1717246908373 0.44744965368217865 19
1717246918012 0.4671814175949514 20
1717246927053 0.4652527442513361 21
1717246936299 0.5327908595187264 22
1717246945609 0.5616271034590349 23
1717246955085 0.5827838603662956 24
1717246964900 0.590776074106616 25
1717246974317 0.5440277627805429 26
1717246985055 0.6361158405069834 27
1717246994433 0.6551564164988691 28
1717247003823 0.63614284421084 29
1717247013317 0.6708939022927921 30
1717247022859 0.6790667035985075 31
1717247032510 0.644992757764156 32
1717247042409 0.6923245369703418 33
1717247052315 0.7077488726617636 34
1717247061878 0.6946610978149479 35
1717247071456 0.7117889510150839 36
1717247081437 0.7289239905484692 37
1717247091066 0.703457740898242 38
1717247100737 0.7430626597039267 39
1717247111139 0.676514135974414 40
1717247120399 0.7425524094929221 41
1717247130014 0.7665155737421191 42
1717247139684 0.7661873450787604 43
1717247149280 0.74629066098232 44
1717247158570 0.7805674982317908 45
1717247168062 0.792887892907813 46
1717247177884 0.792080966631302 47
1717247187118 0.7849720812782383 48
1717247196405 0.8085755156816897 49
1717247206383 0.7996943339182128 50
1717247215708 0.8166360098588212 51
1717247225080 0.7716527578342472 52
1717247235850 0.8280894940674521 53
1717247245670 0.8286266649562203 54
1717247255112 0.8256198355920146 55
1717247264812 0.8289569152973887 56
1717247274746 0.8292880213827978 57
1717247284205 0.8414445920972408 58
1717247293722 0.7952368865630605 59
1717247303293 0.8622754883014548 60
1717247312716 0.862004124138761 61
1717247322321 0.8713389466981681 62
1717247331674 0.8495741170063871 63
1717247341162 0.8743624957852538 64
1717247350984 0.8479854336212235 65
1717247361034 0.8691326387570706 66
1717247370451 0.8140639021966735 67
1717247379711 0.8901659876363427 68
1717247389390 0.875627811184773 69
1717247399188 0.8709178756831191 70
1717247408395 0.8889928031579906 71
1717247417999 0.8780406105480977 72
1717247427280 0.8777408609217692 73
1717247436549 0.8387105921337691 74
1717247446275 0.8977938598743765 75
1717247456042 0.872582686874993 76
1717247465443 0.8829358787245281 77
1717247474751 0.9113717706312755 78
1717247484776 0.9085216085387031 79
1717247494399 0.9008391241651853 80
1717247503624 0.8433694094611462 81
1717247512921 0.9122946921184739 82
1717247522201 0.9126981496621301 83
1717247531450 0.8980454972631798 84
1717247540844 0.9139084316070081 85
1717247550454 0.8833520500805587 86
1717247559902 0.9009946843249395 87
1717247569576 0.9254045985293647 88
1717247579005 0.8264712561266151 89
1717247588673 0.9174902218219617 90
1717247598209 0.9276928235845177 91
1717247608611 0.9288240363249721 92
1717247617959 0.9261978548010336 93
1717247627776 0.8930770744243878 94
1717247637308 0.9316712898659985 95
1717247646489 0.8804959047545937 96
1717247655915 0.936769073570313 97
1717247665223 0.93334601010435 98
1717247674608 0.9362407825778679 99
