1717246734502 0.006428051739931107 1
1717246744248 0.00015686276310589164 2
1717246753871 0.022858545184135437 3
1717246763357 0.05521014332771301 4
1717246773118 0.06197195127606392 5
1717246782764 0.06851176172494888 6
1717246792563 0.07105327397584915 7
1717246802462 0.06958714872598648 8
1717246812124 0.03762861713767052 9
1717246821314 0.08818702399730682 10
1717246830739 0.1107015311717987 11
1717246840462 0.12959986925125122 12
1717246850177 0.20191307365894318 13
1717246860626 0.29874691367149353 14
1717246870631 0.3765426576137543 15
1717246879919 0.43542009592056274 16
1717246889715 0.4697573184967041 17
1717246898989 0.49908682703971863 18
1717246908373 0.5424855947494507 19
1717246918012 0.5583586692810059 20
1717246927053 0.5457953214645386 21
1717246936299 0.6138145327568054 22
1717246945609 0.6317703127861023 23
1717246955085 0.6462792754173279 24
1717246964900 0.6579148769378662 25
1717246974317 0.6088162660598755 26
1717246985055 0.6929132342338562 27
1717246994433 0.7061800360679626 28
1717247003823 0.6924341320991516 29
1717247013317 0.7173686027526855 30
1717247022859 0.7241443991661072 31
1717247032510 0.6935868859291077 32
1717247042409 0.7369093894958496 33
1717247052315 0.7455738186836243 34
1717247061878 0.7355427145957947 35
1717247071456 0.7486491203308105 36
1717247081437 0.7640089988708496 37
1717247091066 0.7383556365966797 38
1717247100737 0.7728753089904785 39
1717247111139 0.7103860378265381 40
1717247120399 0.7748710513114929 41
1717247130014 0.7894872426986694 42
1717247139684 0.7847628593444824 43
1717247149280 0.7724792957305908 44
1717247158570 0.80027174949646 45
1717247168062 0.8065817952156067 46
1717247177884 0.808961808681488 47
1717247187118 0.7989827394485474 48
1717247196405 0.819725751876831 49
1717247206383 0.8109368085861206 50
1717247215708 0.8254569172859192 51
1717247225080 0.7863305807113647 52
1717247235850 0.8369522094726562 53
1717247245670 0.8357428312301636 54
1717247255112 0.8317249417304993 55
1717247264812 0.8336913585662842 56
1717247274746 0.8357715606689453 57
1717247284205 0.8463383913040161 58
1717247293722 0.7989859580993652 59
1717247303293 0.86296546459198 60
1717247312716 0.8611277341842651 61
1717247322321 0.8693253397941589 62
1717247331674 0.8466465473175049 63
1717247341162 0.8727269172668457 64
1717247350984 0.8508310914039612 65
1717247361034 0.8659487366676331 66
1717247370451 0.8217469453811646 67
1717247379711 0.8842498660087585 68
1717247389390 0.8731911182403564 69
1717247399188 0.8710471987724304 70
1717247408395 0.8811792731285095 71
1717247417999 0.8743491172790527 72
1717247427280 0.8774115443229675 73
1717247436549 0.8368579745292664 74
1717247446275 0.8953096866607666 75
1717247456042 0.8691514730453491 76
1717247465443 0.8817311525344849 77
1717247474751 0.9024498462677002 78
1717247484776 0.9043594002723694 79
1717247494399 0.8935261964797974 80
1717247503624 0.8454504609107971 81
1717247512921 0.9065921306610107 82
1717247522201 0.9045388698577881 83
1717247531450 0.889925479888916 84
1717247540844 0.9082157611846924 85
1717247550454 0.8780723810195923 86
1717247559902 0.8998684883117676 87
1717247569576 0.9200426936149597 88
1717247579005 0.829057514667511 89
1717247588673 0.9148322343826294 90
1717247598209 0.9214703440666199 91
1717247608611 0.9204756617546082 92
1717247617959 0.9171174764633179 93
1717247627776 0.8877893686294556 94
1717247637308 0.9260787963867188 95
1717247646489 0.8726789951324463 96
1717247655915 0.929343581199646 97
1717247665223 0.9260545372962952 98
1717247674608 0.928697943687439 99
