1717432147002 0.828646695318524 1
1717432170577 0.8655635454670197 2
1717432194187 0.8804393853572956 3
1717432218786 0.8904877067001746 4
1717432243002 0.8977574012340028 5
1717432267268 0.904829799928296 6
1717432291550 0.9126498601308202 7
1717432315790 0.9191754035151649 8
1717432340078 0.9240495111854534 9
1717432364283 0.9299798317506742 10
1717432388468 0.934193324065904 11
1717432412748 0.9368065230282002 12
1717432436934 0.9393561054109261 13
1717432460774 0.942275656246509 14
1717432484491 0.9442056210989562 15
1717432506814 0.9459045703510375 16
1717432530496 0.9462765539524415 17
1717432555052 0.9483649765786686 18
1717432580875 0.9496793790476874 19
1717432605465 0.949038388405838 20
1717432631205 0.9508697218900372 21
1717432655210 0.9531608739259061 22
1717432678887 0.9527956014898831 23
1717432701828 0.9536102292043872 24
1717432725652 0.9537807371089826 25
1717432749601 0.9550089594260891 26
1717432774117 0.9551882887192994 27
1717432799505 0.9556866916604849 28
1717432825634 0.9543088806955239 29
1717432851076 0.9565534964817461 30
1717432876372 0.9575157461795815 31
1717432903216 0.9576139334019098 32
1717432928101 0.9588274418565811 33
1717432953391 0.9595758291270254 34
1717432978698 0.9585223654457212 35
1717433003693 0.9583151851843953 36
1717433028192 0.9601983405358229 37
1717433053034 0.9595212065399003 38
1717433077286 0.9614148005241382 39
1717433102916 0.9612410938780612 40
1717433125699 0.9609479097950054 41
1717433148454 0.9612617252007334 42
1717433171533 0.9635016398876485 43
1717433194840 0.9640234270581175 44
1717433219222 0.9641204123707963 45
1717433244162 0.9624707434384081 46
1717433269191 0.9625310539945061 47
1717433294669 0.964897223453865 48
1717433319460 0.9623193236239342 49
1717433343599 0.9602253417642939 50
1717433367562 0.9626847107043139 51
1717433392036 0.961717546170128 52
1717433417902 0.9638244925616237 53
1717433446612 0.9661161986991351 54
1717433473803 0.966491686332433 55
1717433500359 0.9662951305182117 56
1717433527749 0.9634613585992909 57
1717433555816 0.9663803938080906 58
1717433584444 0.9674265356929499 59
1717433612257 0.9678237433275502 60
1717433641416 0.9683619400663551 61
1717433671061 0.9687461764990095 62
1717433700284 0.9693621166258577 63
1717433731858 0.9677284673164246 64
1717433761201 0.9674845412736233 65
1717433790787 0.9692580260385532 66
1717433824470 0.9695405664820357 67
1717433856108 0.9673033102575003 68
1717433887276 0.9653175676257312 69
1717433916941 0.9696162513527582 70
1717433946676 0.9699308352881229 71
1717433977819 0.9710484207924622 72
1717434010642 0.9718273548988944 73
1717434044743 0.9706969872326192 74
1717434080283 0.9681843171717697 75
1717434113847 0.9688119020137873 76
1717434145078 0.9698305804901676 77
1717434176214 0.9712388825846731 78
1717434206773 0.9721048565205106 79
1717434236789 0.9711055152093818 80
1717434266771 0.9653611280545754 81
1717434297227 0.969030545914727 82
1717434326838 0.971121585243321 83
1717434356972 0.9729272936601862 84
1717434387127 0.9738934925880096 85
1717434416038 0.9732389954441993 86
1717434443443 0.9731644507828546 87
1717434470999 0.9727508125627008 88
1717434498549 0.9709537430662374 89
1717434525753 0.9725424405035349 90
1717434552672 0.97433059981722 91
1717434579553 0.9740034233880233 92
1717434606354 0.9724423225115615 93
1717434633055 0.9727390837316232 94
1717434659808 0.9752895450534299 95
1717434688999 0.974713037605737 96
1717434718363 0.9748345533064253 97
1717434746993 0.9735382523386164 98
1717434774735 0.9752507420786685 99
