1717432147002 0.512199825539571 1
1717432170577 0.5879091666535251 2
1717432194187 0.616131180593437 3
1717432218786 0.636629758383873 4
1717432243002 0.6520191061603519 5
1717432267268 0.6679023417076957 6
1717432291550 0.6858900348637021 7
1717432315790 0.7020693521101625 8
1717432340078 0.714179180658877 9
1717432364283 0.7299906590599153 10
1717432388468 0.7414325340591572 11
1717432412748 0.7493108707791096 12
1717432436934 0.7571904922513052 13
1717432460774 0.7663070806392667 14
1717432484491 0.7722681905628705 15
1717432506814 0.7777789507613586 16
1717432530496 0.779090395998321 17
1717432555052 0.7860008873474821 18
1717432580875 0.7899647606994578 19
1717432605465 0.7881644666899037 20
1717432631205 0.7943131943715555 21
1717432655210 0.8020040388898363 22
1717432678887 0.8006443952694694 23
1717432701828 0.8034784288581799 24
1717432725652 0.8039854556193428 25
1717432749601 0.8086036303400861 26
1717432774117 0.8091563694933558 27
1717432799505 0.8107229723055 28
1717432825634 0.8063305295983693 29
1717432851076 0.8138719528341918 30
1717432876372 0.817189886789979 31
1717432903216 0.8173983552245311 32
1717432928101 0.8220183810844748 33
1717432953391 0.8247688296384112 34
1717432978698 0.8209251904760996 35
1717433003693 0.8201440661133773 36
1717433028192 0.8269247183723707 37
1717433053034 0.8244832239988272 38
1717433077286 0.8312329969400153 39
1717433102916 0.8307702982747691 40
1717433125699 0.8296858306285612 41
1717433148454 0.8306769289749133 42
1717433171533 0.8387249766800303 43
1717433194840 0.8407524376593785 44
1717433219222 0.8412408897407465 45
1717433244162 0.8349766190749114 46
1717433269191 0.8351783149620103 47
1717433294669 0.8439977826024668 48
1717433319460 0.8343420688505694 49
1717433343599 0.8271977792819982 50
1717433367562 0.8361610637619048 51
1717433392036 0.8322955043825413 52
1717433417902 0.8402120049245753 53
1717433446612 0.8487711274757379 54
1717433473803 0.8501707446278661 55
1717433500359 0.8491147835347903 56
1717433527749 0.838944905221411 57
1717433555816 0.8499426054392137 58
1717433584444 0.8538064049107112 59
1717433612257 0.8553678045835432 60
1717433641416 0.8573523288759431 61
1717433671061 0.8587750241689955 62
1717433700284 0.8612644622204317 63
1717433731858 0.8545929364902586 64
1717433761201 0.8537857758373624 65
1717433790787 0.86089075740981 66
1717433824470 0.8618742224095064 67
1717433856108 0.8534437658677879 68
1717433887276 0.845798752988499 69
1717433916941 0.8621083285948637 70
1717433946676 0.8635422391248795 71
1717433977819 0.8677598953086235 72
1717434010642 0.8709288909451822 73
1717434044743 0.8663886119248707 74
1717434080283 0.8567391738375028 75
1717434113847 0.8591743724239436 76
1717434145078 0.8628677999905288 77
1717434176214 0.8689037362305575 78
1717434206773 0.8721120621054541 79
1717434236789 0.8681815171763412 80
1717434266771 0.8461776327428518 81
1717434297227 0.859953462195038 82
1717434326838 0.868168341705912 83
1717434356972 0.8753440368181902 84
1717434387127 0.8792283497653418 85
1717434416038 0.8766313161901462 86
1717434443443 0.8762262623829307 87
1717434470999 0.874760181553861 88
1717434498549 0.8678845649616701 89
1717434525753 0.8740400316413308 90
1717434552672 0.8813467784706353 91
1717434579553 0.8798038225064463 92
1717434606354 0.8735592189724346 93
1717434633055 0.8745441704966328 94
1717434659808 0.8849843561989431 95
1717434688999 0.8826369636152582 96
1717434718363 0.8830668806433817 97
1717434746993 0.8776328583405425 98
1717434774735 0.8848469371111606 99
