1717432147002 580456.0 1
1717432170577 602260.0 2
1717432194187 617544.0 3
1717432218786 628103.0 4
1717432243002 636494.0 5
1717432267268 644270.0 6
1717432291550 653626.0 7
1717432315790 661175.0 8
1717432340078 667263.0 9
1717432364283 674294.0 10
1717432388468 679729.0 11
1717432412748 682539.0 12
1717432436934 685198.0 13
1717432460774 688372.0 14
1717432484491 690727.0 15
1717432506814 692757.0 16
1717432530496 693207.0 17
1717432555052 695427.0 18
1717432580875 697009.0 19
1717432605465 696503.0 20
1717432631205 698238.0 21
1717432655210 700714.0 22
1717432678887 700486.0 23
1717432701828 701162.0 24
1717432725652 701661.0 25
1717432749601 702797.0 26
1717432774117 702863.0 27
1717432799505 703451.0 28
1717432825634 701791.0 29
1717432851076 704273.0 30
1717432876372 705484.0 31
1717432903216 705612.0 32
1717432928101 707037.0 33
1717432953391 707744.0 34
1717432978698 706644.0 35
1717433003693 706311.0 36
1717433028192 708183.0 37
1717433053034 707606.0 38
1717433077286 709502.0 39
1717433102916 709514.0 40
1717433125699 709190.0 41
1717433148454 709463.0 42
1717433171533 712017.0 43
1717433194840 712601.0 44
1717433219222 713080.0 45
1717433244162 710964.0 46
1717433269191 710801.0 47
1717433294669 713716.0 48
1717433319460 710754.0 49
1717433343599 708334.0 50
1717433367562 711156.0 51
1717433392036 710519.0 52
1717433417902 712577.0 53
1717433446612 715038.0 54
1717433473803 715678.0 55
1717433500359 715246.0 56
1717433527749 712090.0 57
1717433555816 715319.0 58
1717433584444 716592.0 59
1717433612257 717085.0 60
1717433641416 717893.0 61
1717433671061 718130.0 62
1717433700284 718687.0 63
1717433731858 717052.0 64
1717433761201 716488.0 65
1717433790787 718683.0 66
1717433824470 719146.0 67
1717433856108 716693.0 68
1717433887276 714063.0 69
1717433916941 719239.0 70
1717433946676 719457.0 71
1717433977819 720830.0 72
1717434010642 721706.0 73
1717434044743 720491.0 74
1717434080283 717444.0 75
1717434113847 718383.0 76
1717434145078 719195.0 77
1717434176214 720964.0 78
1717434206773 722133.0 79
1717434236789 720974.0 80
1717434266771 714368.0 81
1717434297227 718550.0 82
1717434326838 720930.0 83
1717434356972 723153.0 84
1717434387127 724216.0 85
1717434416038 723521.0 86
1717434443443 723411.0 87
1717434470999 722895.0 88
1717434498549 721046.0 89
1717434525753 722632.0 90
1717434552672 724682.0 91
1717434579553 724406.0 92
1717434606354 722712.0 93
1717434633055 722710.0 94
1717434659808 725812.0 95
1717434688999 725153.0 96
1717434718363 725314.0 97
1717434746993 723891.0 98
1717434774735 725836.0 99
