1717695114047 0.7558932184628997 1
1717695115753 0.6815280203900788 2
1717695117459 0.7036465315969234 3
1717695119407 0.7389152524264571 4
1717695121324 0.7830996884983477 5
1717695123294 0.7818724487202037 6
1717695124898 0.7849204583715723 7
1717695126733 0.8027668841910477 8
1717695128474 0.8029549027001964 9
1717695130333 0.8149943844511501 10
1717695132000 0.8222801963941349 11
1717695133813 0.8265002486610353 12
1717695135484 0.8387669374103993 13
1717695137181 0.8431659041335657 14
1717695139296 0.8476107983920308 15
1717695141682 0.8554973845622189 16
