1717695114047 0.6857627040765166 1
1717695115753 0.7958549924192421 2
1717695117459 0.7865744503614671 3
1717695119407 0.7758743663095465 4
1717695121324 0.7635816024325085 5
1717695123294 0.7742809539650718 6
1717695124898 0.7846358606820978 7
1717695126733 0.7829794989747111 8
1717695128474 0.7907946575037494 9
1717695130333 0.7981554374052652 10
1717695132000 0.8028262641844502 11
1717695133813 0.8162153355254113 12
1717695135484 0.8268413360975458 13
1717695137181 0.8370538012122551 14
1717695139296 0.8463107778319938 15
1717695141682 0.8515436043319997 16
