1717695114047 0.4606036759039144 1
1717695115753 0.6671532011640453 2
1717695117459 0.6609214858264053 3
1717695119407 0.6536379500062003 4
1717695121324 0.6337508278328308 5
1717695123294 0.6485620830688812 6
1717695124898 0.6619952387960959 7
1717695126733 0.6589470746103246 8
1717695128474 0.6709534856615849 9
1717695130333 0.689768208261647 10
1717695132000 0.6920377296527687 11
1717695133813 0.711894034140487 12
1717695135484 0.7374215934608102 13
1717695137181 0.7479284359773228 14
1717695139296 0.7616580336125034 15
1717695141682 0.7751911634422888 16
