1717695114047 0.7044905331882726 1
1717695115753 0.734005752419567 2
1717695117459 0.7416047288717923 3
1717695119407 0.7549543539886961 4
1717695121324 0.7674509872443559 5
1717695123294 0.7721909406522303 6
1717695124898 0.7786743791898489 7
1717695126733 0.785595914496972 8
1717695128474 0.7901869124090891 9
1717695130333 0.8022564116417179 10
1717695132000 0.8065791640384079 11
1717695133813 0.8158283482629829 12
1717695135484 0.8302735979934599 13
1717695137181 0.8366634414099785 14
1717695139296 0.8435419580378899 15
1717695141682 0.8516987665239756 16
