1717531855423 203521.0 1
1717531857437 214098.0 2
1717531859580 209712.0 3
1717531861618 209562.0 4
1717531863520 209928.0 5
1717531865466 211018.0 6
1717531867427 212383.0 7
1717531869360 213386.0 8
1717531871285 214682.0 9
1717531873318 215787.0 10
1717531875327 217011.0 11
1717531877492 218078.0 12
1717531879501 219623.0 13
1717531881454 221247.0 14
1717531883469 222834.0 15
1717531885476 223688.0 16
1717531887532 224485.0 17
1717531889589 225726.0 18
1717531891535 227140.0 19
1717531893514 229332.0 20
1717531895593 230817.0 21
1717531897597 232192.0 22
1717531899643 233287.0 23
1717531901649 233884.0 24
1717531903688 234742.0 25
1717531905747 235808.0 26
1717531907756 236431.0 27
1717531909808 238153.0 28
1717531911862 237279.0 29
1717531913911 240493.0 30
1717531915934 240308.0 31
1717531917914 242608.0 32
1717531919949 240556.0 33
1717531921990 242825.0 34
1717531924070 242912.0 35
1717531926032 243103.0 36
1717531928032 243410.0 37
1717531930092 244145.0 38
1717531932175 244851.0 39
1717531934163 247474.0 40
1717531936148 248487.0 41
1717531938257 248745.0 42
1717531940332 249263.0 43
1717531942382 250108.0 44
1717531944395 251308.0 45
1717531946416 252232.0 46
1717531948452 252177.0 47
1717531950479 253394.0 48
1717531952524 253765.0 49
1717531954574 254491.0 50
1717531956661 256605.0 51
1717531958753 256554.0 52
1717531961043 256025.0 53
1717531963237 257846.0 54
1717531965480 257748.0 55
1717531967888 258928.0 56
1717531969890 259923.0 57
1717531971919 260904.0 58
1717531973972 261435.0 59
1717531975954 262358.0 60
1717531978021 263272.0 61
1717531980015 262352.0 62
1717531982043 264548.0 63
1717531984159 265366.0 64
1717531986125 266234.0 65
1717531988203 266775.0 66
1717531990209 266846.0 67
1717531992303 268745.0 68
1717531994322 269684.0 69
1717531996384 270469.0 70
1717531998398 271190.0 71
1717532000341 271819.0 72
1717532002435 273003.0 73
1717532004485 274290.0 74
1717532006520 275269.0 75
1717532008551 276626.0 76
1717532010640 277730.0 77
1717532012708 278618.0 78
1717532014735 279996.0 79
1717532016743 281695.0 80
1717532018743 282633.0 81
1717532020779 283331.0 82
1717532022852 284392.0 83
1717532024902 285234.0 84
1717532026962 285429.0 85
1717532028944 286054.0 86
1717532030891 286624.0 87
1717532032981 287441.0 88
1717532035003 287990.0 89
1717532036989 288387.0 90
1717532038969 288657.0 91
1717532041011 288964.0 92
1717532043004 289213.0 93
1717532045064 289585.0 94
1717532047103 289445.0 95
1717532049110 289779.0 96
1717532051164 290353.0 97
1717532053191 290382.0 98
1717532055253 290470.0 99
