1717531855423 0.5954816397178181 1
1717531857437 0.6358089704333041 2
1717531859580 0.624807369249122 3
1717531861618 0.6257574982677152 4
1717531863520 0.6269404386095038 5
1717531865466 0.6302335150010103 6
1717531867427 0.6344541829941125 7
1717531869360 0.637229574607567 8
1717531871285 0.6411626072145697 9
1717531873318 0.6445307782400855 10
1717531875327 0.6484816354271379 11
1717531877492 0.6513864844203384 12
1717531879501 0.6561109670585047 13
1717531881454 0.6607086259681922 14
1717531883469 0.6652622619271525 15
1717531885476 0.6676526037160502 16
1717531887532 0.6702182242394772 17
1717531889589 0.6741027774889338 18
1717531891535 0.677934110239135 19
1717531893514 0.6849068606595651 20
1717531895593 0.6895840464802279 21
1717531897597 0.6941601061825129 22
1717531899643 0.6974834411053578 23
1717531901649 0.6991977042359055 24
1717531903688 0.7015341221091973 25
1717531905747 0.7042534085038964 26
1717531907756 0.7061900618426101 27
1717531909808 0.7132517903098918 28
1717531911862 0.7082531809101307 29
1717531913911 0.7186261257554065 30
1717531915934 0.7181841297579481 31
1717531917914 0.7258906994004846 32
1717531919949 0.7204015770539156 33
1717531921990 0.7272164186947816 34
1717531924070 0.7278285308912217 35
1717531926032 0.7291081890295932 36
1717531928032 0.7302787611954885 37
1717531930092 0.7329116212537548 38
1717531932175 0.7338253295559328 39
1717531934163 0.7430520017266733 40
1717531936148 0.7475079905703398 41
1717531938257 0.7478830304409907 42
1717531940332 0.7503738578679521 43
1717531942382 0.753050902960837 44
1717531944395 0.7567664071273541 45
1717531946416 0.7594812662665673 46
1717531948452 0.7601451523498396 47
1717531950479 0.7637685040106315 48
1717531952524 0.7650307396924552 49
1717531954574 0.7668051078280265 50
1717531956661 0.7721907549566798 51
1717531958753 0.7730737755314572 52
1717531961043 0.7710114930659624 53
1717531963237 0.7770706640034438 54
1717531965480 0.7763153765467535 55
1717531967888 0.7798247506188807 56
1717531969890 0.7820819394099943 57
1717531971919 0.7848014110599978 58
1717531973972 0.7863410628185302 59
1717531975954 0.7897194238276781 60
1717531978021 0.7939591071002081 61
1717531980015 0.7898735210617889 62
1717531982043 0.7957045957709074 63
1717531984159 0.798483991727182 64
1717531986125 0.8019596107756085 65
1717531988203 0.8045089242943563 66
1717531990209 0.8040856205728636 67
1717531992303 0.8099118255370291 68
1717531994322 0.812369924618882 69
1717531996384 0.8150672382974861 70
1717531998398 0.8177236893504827 71
1717532000341 0.8191824779453668 72
1717532002435 0.8224826504273544 73
1717532004485 0.8262398382826877 74
1717532006520 0.8292419446958366 75
1717532008551 0.8339185892600977 76
1717532010640 0.8385524165329585 77
1717532012708 0.8414186055264091 78
1717532014735 0.8448642211013961 79
1717532016743 0.849345739182526 80
1717532018743 0.8512280859082665 81
1717532020779 0.8547277516502589 82
1717532022852 0.8584088317587198 83
1717532024902 0.8613964131965709 84
1717532026962 0.8619622444261636 85
1717532028944 0.8630327951931577 86
1717532030891 0.8651399337387147 87
1717532032981 0.867694235045453 88
1717532035003 0.8693720591680499 89
1717532036989 0.8710600935921183 90
1717532038969 0.8715349586636654 91
1717532041011 0.8725328077913591 92
1717532043004 0.8733310047208123 93
1717532045064 0.87522162042696 94
1717532047103 0.8753197446694848 95
1717532049110 0.8760320076294171 96
1717532051164 0.8779625430852048 97
1717532053191 0.8782459364803049 98
1717532055253 0.8784940696628138 99
