1717531855423 0.9608157591766557 1
1717531857437 0.9739448229960115 2
1717531859580 0.9772636586877332 3
1717531861618 0.9791698637057673 4
1717531863520 0.9804104728947092 5
1717531865466 0.9809407196522553 6
1717531867427 0.981354373090283 7
1717531869360 0.9815392256661951 8
1717531871285 0.9816661140384829 9
1717531873318 0.9818162678389977 10
1717531875327 0.9820196996881474 11
1717531877492 0.9820549613329856 12
1717531879501 0.9822339494657731 13
1717531881454 0.9820042384789176 14
1717531883469 0.9820663412504509 15
1717531885476 0.982171798306511 16
1717531887532 0.9824827068767454 17
1717531889589 0.9828301943391095 18
1717531891535 0.9830594940498678 19
1717531893514 0.9831428391392851 20
1717531895593 0.9831948489158672 21
1717531897597 0.9833253055784628 22
1717531899643 0.9834997408736287 23
1717531901649 0.9838708287455891 24
1717531903688 0.9839144835090856 25
1717531905747 0.9844559369710822 26
1717531907756 0.9847541435326427 27
1717531909808 0.9844879962697742 28
1717531911862 0.9849805799348967 29
1717531913911 0.9845182019856008 30
1717531915934 0.9851926654238421 31
1717531917914 0.9845323644087225 32
1717531919949 0.9852321964126609 33
1717531921990 0.9852888681954882 34
1717531924070 0.9857350180454821 35
1717531926032 0.9863818601656312 36
1717531928032 0.9868227599933354 37
1717531930092 0.9873048252261905 38
1717531932175 0.9882758168564152 39
1717531934163 0.9886662773390587 40
1717531936148 0.9889274731368658 41
1717531938257 0.9892053042406644 42
1717531940332 0.9895152720837646 43
1717531942382 0.9899363026105655 44
1717531944395 0.9903197381216936 45
1717531946416 0.9900304686348227 46
1717531948452 0.9905191437794196 47
1717531950479 0.9906984480751205 48
1717531952524 0.990868583437319 49
1717531954574 0.9915561278089923 50
1717531956661 0.9915843124913287 51
1717531958753 0.9912320468837439 52
1717531961043 0.9916910406546858 53
1717531963237 0.9919209898800683 54
1717531965480 0.9917263853872662 55
1717531967888 0.992216310981503 56
1717531969890 0.9923431540952683 57
1717531971919 0.9922656826330488 58
1717531973972 0.9923507041790229 59
1717531975954 0.9924814226895741 60
1717531978021 0.9921524077989028 61
1717531980015 0.9924100284607548 62
1717531982043 0.9924721044345433 63
1717531984159 0.9924940118060233 64
1717531986125 0.9927679022527046 65
1717531988203 0.9926778661213497 66
1717531990209 0.9929054617909042 67
1717531992303 0.9930462227964219 68
1717531994322 0.9928793353013144 69
1717531996384 0.9930246686845642 70
1717531998398 0.9932883123653301 71
1717532000341 0.9933712035338035 72
1717532002435 0.9935469090186366 73
1717532004485 0.9936561164199874 74
1717532006520 0.9937137959597532 75
1717532008551 0.9938595189916615 76
1717532010640 0.9940281849175884 77
1717532012708 0.9940991500210883 78
1717532014735 0.9941609308031605 79
1717532016743 0.9943508917138824 80
1717532018743 0.9943765633335987 81
1717532020779 0.994338919199658 82
1717532022852 0.9948367054546392 83
1717532024902 0.994775944342058 84
1717532026962 0.9950102026510445 85
1717532028944 0.994899798559989 86
1717532030891 0.9951105100720457 87
1717532032981 0.9952036051815378 88
1717532035003 0.9954215154616914 89
1717532036989 0.9956687252927473 90
1717532038969 0.9955748015791803 91
1717532041011 0.9957060934644488 92
1717532043004 0.9957523433075476 93
1717532045064 0.9959982611864993 94
1717532047103 0.9958763622891291 95
1717532049110 0.996090556410865 96
1717532051164 0.9960273743594457 97
1717532053191 0.9962319045427988 98
1717532055253 0.9960535825064696 99
