1717531855423 2.581822395324707 1
1717531857437 1.3224443197250366 2
1717531859580 1.197991132736206 3
1717531861618 1.153181791305542 4
1717531863520 1.131263017654419 5
1717531865466 1.115793228149414 6
1717531867427 1.1041297912597656 7
1717531869360 1.0945265293121338 8
1717531871285 1.085611343383789 9
1717531873318 1.0775132179260254 10
1717531875327 1.0678712129592896 11
1717531877492 1.0583001375198364 12
1717531879501 1.0484486818313599 13
1717531881454 1.0397428274154663 14
1717531883469 1.0306077003479004 15
1717531885476 1.0223978757858276 16
1717531887532 1.013458013534546 17
1717531889589 1.0054727792739868 18
1717531891535 0.9964145421981812 19
1717531893514 0.989226222038269 20
1717531895593 0.9828442335128784 21
1717531897597 0.9762414693832397 22
1717531899643 0.9689462780952454 23
1717531901649 0.9619641304016113 24
1717531903688 0.9551550149917603 25
1717531905747 0.9484971761703491 26
1717531907756 0.9406089782714844 27
1717531909808 0.9353952407836914 28
1717531911862 0.9317777752876282 29
1717531913911 0.9207422137260437 30
1717531915934 0.9153425097465515 31
1717531917914 0.907123863697052 32
1717531919949 0.9050453901290894 33
1717531921990 0.8968745470046997 34
1717531924070 0.887313961982727 35
1717531926032 0.8768018484115601 36
1717531928032 0.8686736226081848 37
1717531930092 0.8599837422370911 38
1717531932175 0.8465626835823059 39
1717531934163 0.8322136998176575 40
1717531936148 0.8177493810653687 41
1717531938257 0.8169777989387512 42
1717531940332 0.803852915763855 43
1717531942382 0.7945035099983215 44
1717531944395 0.7820267081260681 45
1717531946416 0.7797147035598755 46
1717531948452 0.7730341553688049 47
1717531950479 0.7638495564460754 48
1717531952524 0.7584578990936279 49
1717531954574 0.7495425343513489 50
1717531956661 0.7399588227272034 51
1717531958753 0.7367221117019653 52
1717531961043 0.7342961430549622 53
1717531963237 0.7210585474967957 54
1717531965480 0.7253814935684204 55
1717531967888 0.7108528017997742 56
1717531969890 0.7033324837684631 57
1717531971919 0.6976333260536194 58
1717531973972 0.6912795305252075 59
1717531975954 0.6825641393661499 60
1717531978021 0.6804479360580444 61
1717531980015 0.6856342554092407 62
1717531982043 0.6684767007827759 63
1717531984159 0.6613563299179077 64
1717531986125 0.6520498991012573 65
1717531988203 0.6530247926712036 66
1717531990209 0.6484036445617676 67
1717531992303 0.6334784626960754 68
1717531994322 0.6315556764602661 69
1717531996384 0.6238434910774231 70
1717531998398 0.6181790232658386 71
1717532000341 0.6152124404907227 72
1717532002435 0.607697069644928 73
1717532004485 0.6013097167015076 74
1717532006520 0.5979728698730469 75
1717532008551 0.5885930061340332 76
1717532010640 0.5830790996551514 77
1717532012708 0.5799782276153564 78
1717532014735 0.5735083222389221 79
1717532016743 0.5648561120033264 80
1717532018743 0.5612875819206238 81
1717532020779 0.5588997602462769 82
1717532022852 0.5461353063583374 83
1717532024902 0.5416282415390015 84
1717532026962 0.5357476472854614 85
1717532028944 0.534756064414978 86
1717532030891 0.5301053524017334 87
1717532032981 0.5205395221710205 88
1717532035003 0.5143436193466187 89
1717532036989 0.5072456002235413 90
1717532038969 0.5064188838005066 91
1717532041011 0.5027418732643127 92
1717532043004 0.4985084533691406 93
1717532045064 0.4901919364929199 94
1717532047103 0.4933466911315918 95
1717532049110 0.4853624403476715 96
1717532051164 0.4833308756351471 97
1717532053191 0.4775204062461853 98
1717532055253 0.4798556864261627 99
