1717531855423 0.16983838974873272 1
1717531857437 0.21538189418829373 2
1717531859580 0.21955239736430504 3
1717531861618 0.22429852064710548 4
1717531863520 0.22744649921654153 5
1717531865466 0.22990876008326425 6
1717531867427 0.23252027364438108 7
1717531869360 0.23403636665229804 8
1717531871285 0.23595917423184995 9
1717531873318 0.23772435437769332 10
1717531875327 0.23992786309947176 11
1717531877492 0.24124367140417538 12
1717531879501 0.2437937064933089 13
1717531881454 0.24528427642549455 14
1717531883469 0.24755428120510242 15
1717531885476 0.24894871130071392 16
1717531887532 0.25098884405770533 17
1717531889589 0.25377723019471654 18
1717531891535 0.2562389091670935 19
1717531893514 0.2600675637991108 20
1717531895593 0.2627318397347678 21
1717531897597 0.2656661039423646 22
1717531899643 0.2679740013055481 23
1717531901649 0.26997196515007704 24
1717531903688 0.27140425606859425 25
1717531905747 0.27445901511998794 26
1717531907756 0.2764562273280017 27
1717531909808 0.2801952185277633 28
1717531911862 0.27835628452182204 29
1717531913911 0.28339508859205803 30
1717531915934 0.28518116035684965 31
1717531917914 0.2882785675318663 32
1717531919949 0.2870049367190002 33
1717531921990 0.2915257143376227 34
1717531924070 0.2935043550767741 35
1717531926032 0.2963507671995872 36
1717531928032 0.29863733069496995 37
1717531930092 0.3019949208903544 38
1717531932175 0.3054663020809791 39
1717531934163 0.31369518781587474 40
1717531936148 0.31815981696535284 41
1717531938257 0.31937616513036227 42
1717531940332 0.3225921853709242 43
1717531942382 0.3261050499475319 44
1717531944395 0.3304387986639095 45
1717531946416 0.33191613759601035 46
1717531948452 0.3342218204746886 47
1717531950479 0.3379387219808919 48
1717531952524 0.33972537314462625 49
1717531954574 0.34351773769398264 50
1717531956661 0.3480383530108254 51
1717531958753 0.3480460420871331 52
1717531961043 0.3477403967382183 53
1717531963237 0.35416950571522543 54
1717531965480 0.3530292508087098 55
1717531967888 0.3578642673151741 56
1717531969890 0.3602069883905381 57
1717531971919 0.36259576758274414 58
1717531973972 0.36442633806737035 59
1717531975954 0.36849533956015545 60
1717531978021 0.3724035501809045 61
1717531980015 0.36878156137428314 62
1717531982043 0.3747374358923637 63
1717531984159 0.37782850030166937 64
1717531986125 0.3828555843217748 65
1717531988203 0.38613077188337797 66
1717531990209 0.3862066634229369 67
1717531992303 0.39320108116469726 68
1717531994322 0.39561679718349085 69
1717531996384 0.3993826329819468 70
1717531998398 0.4038341280568239 71
1717532000341 0.406090165896844 72
1717532002435 0.41094632106676643 73
1717532004485 0.4163804567585836 74
1717532006520 0.4209456021599066 75
1717532008551 0.42796256128847976 76
1717532010640 0.43575692800161103 77
1717532012708 0.44069106436483824 78
1717532014735 0.44569606464064615 79
1717532016743 0.45281436752077714 80
1717532018743 0.45560599936844487 81
1717532020779 0.4614883929138185 82
1717532022852 0.46952383196584657 83
1717532024902 0.474671769050668 84
1717532026962 0.47692580293530373 85
1717532028944 0.4777018642438673 86
1717532030891 0.4826168015131887 87
1717532032981 0.48714913935010296 88
1717532035003 0.4912032508490961 89
1717532036989 0.49553525353408395 90
1717532038969 0.49592807781725445 91
1717532041011 0.4985565255727309 92
1717532043004 0.5002753569783966 93
1717532045064 0.5051654774218064 94
1717532047103 0.5059502780831651 95
1717532049110 0.5073925765274412 96
1717532051164 0.5108910027683536 97
1717532053191 0.5123715087988241 98
1717532055253 0.5125803109780402 99
