1716236055931 29646.0 1
1716236066016 1996.0 2
1716236076175 7084.0 3
1716236086346 14187.0 4
1716236096538 15049.0 5
1716236106703 15309.0 6
1716236116744 13819.0 7
1716236126979 18317.0 8
1716236137429 16311.0 9
1716236147641 15710.0 10
1716236157940 19704.0 11
1716236168210 22385.0 12
1716236178457 36827.0 13
1716236188669 58989.0 14
1716236198980 80071.0 15
1716236209303 81436.0 16
1716236219538 88143.0 17
1716236229499 91936.0 18
1716236239900 85342.0 19
1716236250205 91935.0 20
1716236260405 87519.0 21
1716236270625 93653.0 22
1716236280818 87604.0 23
1716236292700 98265.0 24
1716236303062 93671.0 25
1716236313457 84008.0 26
1716236323691 90291.0 27
1716236333829 96214.0 28
1716236344051 86470.0 29
1716236354118 95825.0 30
1716236364523 99902.0 31
1716236374649 91599.0 32
1716236384753 58147.0 33
1716236394913 37223.0 34
1716236404988 81122.0 35
1716236415129 99446.0 36
1716236425250 93004.0 37
1716236435317 93082.0 38
1716236445303 95917.0 39
1716236455296 93658.0 40
1716236465235 94029.0 41
1716236475205 96861.0 42
1716236485141 88868.0 43
1716236495090 91511.0 44
1716236505084 90024.0 45
1716236515049 100015.0 46
1716236524953 94488.0 47
1716236535071 89799.0 48
1716236545033 88242.0 49
1716236554983 89609.0 50
1716236564935 89066.0 51
1716236574983 91962.0 52
1716236585031 73450.0 53
1716236595158 82793.0 54
1716236605091 92602.0 55
1716236615000 94337.0 56
1716236625045 93703.0 57
1716236635024 96406.0 58
1716236644942 98353.0 59
1716236654910 98614.0 60
1716236664973 99795.0 61
1716236675011 100423.0 62
1716236684956 101421.0 63
1716236694938 99075.0 64
1716236704872 92481.0 65
1716236714910 98967.0 66
1716236724723 100937.0 67
1716236734929 98890.0 68
1716236744851 102381.0 69
1716236755034 98744.0 70
1716236764894 100750.0 71
1716236774851 100601.0 72
1716236784765 98296.0 73
1716236794683 101979.0 74
1716236804590 99176.0 75
1716236814459 100213.0 76
1716236824440 102988.0 77
1716236834374 100232.0 78
1716236844318 102771.0 79
1716236854205 98840.0 80
1716236864039 103195.0 81
1716236874022 100977.0 82
1716236884024 95151.0 83
1716236895767 104723.0 84
1716236905642 98678.0 85
1716236915538 98981.0 86
1716236925686 102033.0 87
1716236935591 105764.0 88
1716236945274 103407.0 89
1716236955262 103054.0 90
1716236965297 98293.0 91
1716236975146 102898.0 92
1716236984928 103287.0 93
1716236994881 97202.0 94
1716237004834 105870.0 95
1716237014936 106479.0 96
1716237024915 106004.0 97
1716237034947 106910.0 98
1716237045903 105366.0 99
