1716236055931 934618.0 1
1716236066016 934618.0 2
1716236076175 934618.0 3
1716236086346 934618.0 4
1716236096538 934618.0 5
1716236106703 934618.0 6
1716236116744 934618.0 7
1716236126979 934618.0 8
1716236137429 934618.0 9
1716236147641 934618.0 10
1716236157940 934618.0 11
1716236168210 934618.0 12
1716236178457 934618.0 13
1716236188669 934618.0 14
1716236198980 934618.0 15
1716236209303 934618.0 16
1716236219538 934618.0 17
1716236229499 934618.0 18
1716236239900 934618.0 19
1716236250205 934618.0 20
1716236260405 934618.0 21
1716236270625 934618.0 22
1716236280818 934618.0 23
1716236292700 934618.0 24
1716236303062 934618.0 25
1716236313457 934618.0 26
1716236323691 934618.0 27
1716236333829 934618.0 28
1716236344051 934618.0 29
1716236354118 934618.0 30
1716236364523 934618.0 31
1716236374649 934618.0 32
1716236384753 934618.0 33
1716236394913 934618.0 34
1716236404988 934618.0 35
1716236415129 934618.0 36
1716236425250 934618.0 37
1716236435317 934618.0 38
1716236445303 934618.0 39
1716236455296 934618.0 40
1716236465235 934618.0 41
1716236475205 934618.0 42
1716236485141 934618.0 43
1716236495090 934618.0 44
1716236505084 934618.0 45
1716236515049 934618.0 46
1716236524953 934618.0 47
1716236535071 934618.0 48
1716236545033 934618.0 49
1716236554983 934618.0 50
1716236564935 934618.0 51
1716236574983 934618.0 52
1716236585031 934618.0 53
1716236595158 934618.0 54
1716236605091 934618.0 55
1716236615000 934618.0 56
1716236625045 934618.0 57
1716236635024 934618.0 58
1716236644942 934618.0 59
1716236654910 934618.0 60
1716236664973 934618.0 61
1716236675011 934618.0 62
1716236684956 934618.0 63
1716236694938 934618.0 64
1716236704872 934618.0 65
1716236714910 934618.0 66
1716236724723 934618.0 67
1716236734929 934618.0 68
1716236744851 934618.0 69
1716236755034 934618.0 70
1716236764894 934618.0 71
1716236774851 934618.0 72
1716236784765 934618.0 73
1716236794683 934618.0 74
1716236804590 934618.0 75
1716236814459 934618.0 76
1716236824440 934618.0 77
1716236834374 934618.0 78
1716236844318 934618.0 79
1716236854205 934618.0 80
1716236864039 934618.0 81
1716236874022 934618.0 82
1716236884024 934618.0 83
1716236895767 934618.0 84
1716236905642 934618.0 85
1716236915538 934618.0 86
1716236925686 934618.0 87
1716236935591 934618.0 88
1716236945274 934618.0 89
1716236955262 934618.0 90
1716236965297 934618.0 91
1716236975146 934618.0 92
1716236984928 934618.0 93
1716236994881 934618.0 94
1716237004834 934618.0 95
1716237014936 934618.0 96
1716237024915 934618.0 97
1716237034947 934618.0 98
1716237045903 934618.0 99
