1716236055931 0.019948001950979233 1
1716236066016 0.021675538271665573 2
1716236076175 0.07634370028972626 3
1716236086346 0.14676854014396667 4
1716236096538 0.15484055876731873 5
1716236106703 0.1600843369960785 6
1716236116744 0.14942823350429535 7
1716236126979 0.17612847685813904 8
1716236137429 0.16583368182182312 9
1716236147641 0.16642741858959198 10
1716236157940 0.189330592751503 11
1716236168210 0.20178799331188202 12
1716236178457 0.24688751995563507 13
1716236188669 0.4176529347896576 14
1716236198980 0.5028961896896362 15
1716236209303 0.4858015179634094 16
1716236219538 0.5147287845611572 17
1716236229499 0.5258410573005676 18
1716236239900 0.5044748783111572 19
1716236250205 0.5316874980926514 20
1716236260405 0.5127520561218262 21
1716236270625 0.5426694750785828 22
1716236280818 0.49618324637413025 23
1716236292700 0.5488684177398682 24
1716236303062 0.5275312662124634 25
1716236313457 0.41239485144615173 26
1716236323691 0.5431581139564514 27
1716236333829 0.5607972741127014 28
1716236344051 0.5241666436195374 29
1716236354118 0.543531060218811 30
1716236364523 0.5591151118278503 31
1716236374649 0.5111026763916016 32
1716236384753 0.12586985528469086 33
1716236394913 0.2940674424171448 34
1716236404988 0.4939517378807068 35
1716236415129 0.558263897895813 36
1716236425250 0.5551857948303223 37
1716236435317 0.5306847095489502 38
1716236445303 0.5632642507553101 39
1716236455296 0.5599683523178101 40
1716236465235 0.5661118626594543 41
1716236475205 0.5151676535606384 42
1716236485141 0.5101820826530457 43
1716236495090 0.5375195741653442 44
1716236505084 0.5059873461723328 45
1716236515049 0.5660223960876465 46
1716236524953 0.5511411428451538 47
1716236535071 0.5357846021652222 48
1716236545033 0.5462384819984436 49
1716236554983 0.5390352010726929 50
1716236564935 0.5479608774185181 51
1716236574983 0.504575252532959 52
1716236585031 0.4716421067714691 53
1716236595158 0.47013789415359497 54
1716236605091 0.5697625875473022 55
1716236615000 0.5674494504928589 56
1716236625045 0.5747177600860596 57
1716236635024 0.5848884582519531 58
1716236644942 0.5904002785682678 59
1716236654910 0.5906539559364319 60
1716236664973 0.592793345451355 61
1716236675011 0.5978426933288574 62
1716236684956 0.597392737865448 63
1716236694938 0.5512503981590271 64
1716236704872 0.5765281915664673 65
1716236714910 0.6048957109451294 66
1716236724723 0.6060390472412109 67
1716236734929 0.6039507389068604 68
1716236744851 0.6087974309921265 69
1716236755034 0.5858449935913086 70
1716236764894 0.6107205748558044 71
1716236774851 0.5997571349143982 72
1716236784765 0.6003899574279785 73
1716236794683 0.6091098785400391 74
1716236804590 0.6065255999565125 75
1716236814459 0.5975663661956787 76
1716236824440 0.6160377264022827 77
1716236834374 0.6055692434310913 78
1716236844318 0.61650550365448 79
1716236854205 0.5818473100662231 80
1716236864039 0.6241671442985535 81
1716236874022 0.6064135432243347 82
1716236884024 0.5768783688545227 83
1716236895767 0.6246103048324585 84
1716236905642 0.5725404024124146 85
1716236915538 0.609592080116272 86
1716236925686 0.6238214373588562 87
1716236935591 0.6289094686508179 88
1716236945274 0.6129863262176514 89
1716236955262 0.6175073981285095 90
1716236965297 0.5957659482955933 91
1716236975146 0.6206718683242798 92
1716236984928 0.5286153554916382 93
1716236994881 0.6107498407363892 94
1716237004834 0.63086998462677 95
1716237014936 0.6368368864059448 96
1716237024915 0.6250173449516296 97
1716237034947 0.63300621509552 98
1716237045903 0.6273638010025024 99
