1716236055931 1029266.0 1
1716236066016 1056916.0 2
1716236076175 1051828.0 3
1716236086346 1044725.0 4
1716236096538 1043863.0 5
1716236106703 1043603.0 6
1716236116744 1045093.0 7
1716236126979 1040595.0 8
1716236137429 1042601.0 9
1716236147641 1043202.0 10
1716236157940 1039208.0 11
1716236168210 1036527.0 12
1716236178457 1022085.0 13
1716236188669 999923.0 14
1716236198980 978841.0 15
1716236209303 977476.0 16
1716236219538 970769.0 17
1716236229499 966976.0 18
1716236239900 973570.0 19
1716236250205 966977.0 20
1716236260405 971393.0 21
1716236270625 965259.0 22
1716236280818 971308.0 23
1716236292700 960647.0 24
1716236303062 965241.0 25
1716236313457 974904.0 26
1716236323691 968621.0 27
1716236333829 962698.0 28
1716236344051 972442.0 29
1716236354118 963087.0 30
1716236364523 959010.0 31
1716236374649 967313.0 32
1716236384753 1000765.0 33
1716236394913 1021689.0 34
1716236404988 977790.0 35
1716236415129 959466.0 36
1716236425250 965908.0 37
1716236435317 965830.0 38
1716236445303 962995.0 39
1716236455296 965254.0 40
1716236465235 964883.0 41
1716236475205 962051.0 42
1716236485141 970044.0 43
1716236495090 967401.0 44
1716236505084 968888.0 45
1716236515049 958897.0 46
1716236524953 964424.0 47
1716236535071 969113.0 48
1716236545033 970670.0 49
1716236554983 969303.0 50
1716236564935 969846.0 51
1716236574983 966950.0 52
1716236585031 985462.0 53
1716236595158 976119.0 54
1716236605091 966310.0 55
1716236615000 964575.0 56
1716236625045 965209.0 57
1716236635024 962506.0 58
1716236644942 960559.0 59
1716236654910 960298.0 60
1716236664973 959117.0 61
1716236675011 958489.0 62
1716236684956 957491.0 63
1716236694938 959837.0 64
1716236704872 966431.0 65
1716236714910 959945.0 66
1716236724723 957975.0 67
1716236734929 960022.0 68
1716236744851 956531.0 69
1716236755034 960168.0 70
1716236764894 958162.0 71
1716236774851 958311.0 72
1716236784765 960616.0 73
1716236794683 956933.0 74
1716236804590 959736.0 75
1716236814459 958699.0 76
1716236824440 955924.0 77
1716236834374 958680.0 78
1716236844318 956141.0 79
1716236854205 960072.0 80
1716236864039 955717.0 81
1716236874022 957935.0 82
1716236884024 963761.0 83
1716236895767 954189.0 84
1716236905642 960234.0 85
1716236915538 959931.0 86
1716236925686 956879.0 87
1716236935591 953148.0 88
1716236945274 955505.0 89
1716236955262 955858.0 90
1716236965297 960619.0 91
1716236975146 956014.0 92
1716236984928 955625.0 93
1716236994881 961710.0 94
1716237004834 953042.0 95
1716237014936 952433.0 96
1716237024915 952908.0 97
1716237034947 952002.0 98
1716237045903 953546.0 99
