1717463901476 0.3552583684225534 1
1717463906070 0.37685652334204633 2
1717463910740 0.3793344540424879 3
1717463915536 0.38459262136600675 4
1717463920296 0.3928915102738945 5
1717463924771 0.40219077269807396 6
1717463929623 0.4136118919684269 7
1717463934519 0.4230116115813553 8
1717463939346 0.4288636491648604 9
1717463944192 0.4336484739143948 10
1717463948771 0.43724739147776104 11
1717463953664 0.44085049198284093 12
1717463958701 0.44422333106959966 13
1717463963401 0.4472020388132151 14
1717463968058 0.4501507996089556 15
1717463973108 0.45292672100157244 16
1717463977842 0.455514292668568 17
1717463982316 0.45802228852311583 18
1717463987064 0.4605180960071404 19
1717463992012 0.4629308183421478 20
1717463996662 0.4652638062937076 21
1717464001410 0.4677144546788118 22
1717464006491 0.4701203999264932 23
1717464011376 0.4725301223411225 24
1717464016361 0.47491236040500023 25
1717464021215 0.47718803121149733 26
1717464025986 0.4792360681714966 27
1717464030879 0.48138581203638353 28
1717464035455 0.4835517203304137 29
1717464040232 0.48568062021236014 30
1717464044937 0.4875853652019802 31
1717464049697 0.4894568309296324 32
1717464054318 0.49149487071284337 33
1717464059048 0.4935025136844672 34
1717464064011 0.4953991333507504 35
1717464068710 0.49742605313465976 36
1717464073449 0.4993035719701065 37
1717464078310 0.5012920208286576 38
1717464082790 0.503091810762059 39
1717464087686 0.5048955182972732 40
1717464092576 0.5069973679200487 41
1717464097266 0.5088172075684301 42
1717464102184 0.5105636977809982 43
1717464107117 0.5123546277412921 44
1717464111963 0.5140382561697967 45
1717464116751 0.5158764101528879 46
1717464121519 0.517706757565078 47
1717464126476 0.5195203487666683 48
1717464131253 0.5212644838905474 49
1717464136068 0.5229317320444756 50
1717464140827 0.5245446268723721 51
1717464145739 0.5261815953238189 52
1717464150469 0.52770274365144 53
1717464155496 0.5293438430072486 54
1717464160405 0.5310721653771456 55
1717464165326 0.5325784422047718 56
1717464170329 0.5341194369617062 57
1717464175055 0.535707730628501 58
1717464179887 0.5370958662303124 59
1717464184260 0.5384253001708381 60
1717464188941 0.5397049862731815 61
1717464193397 0.5409365790545336 62
1717464198092 0.5422001944654653 63
1717464202795 0.5433455969706329 64
1717464207417 0.5445863076432752 65
1717464212294 0.5456579314634511 66
1717464216850 0.546699881076889 67
1717464221734 0.547703849392056 68
1717464226753 0.5486850867055213 69
1717464231420 0.5495302656999829 70
1717464236165 0.5504838307753946 71
1717464240834 0.5513041581182875 72
1717464245453 0.5522693852183046 73
1717464250112 0.5530819531462305 74
1717464254876 0.5538782231441614 75
1717464259392 0.55477439623684 76
1717464264107 0.5555000719583314 77
1717464268608 0.5563729429856255 78
1717464273278 0.5570704389788779 79
1717464278095 0.5579086197555635 80
1717464282696 0.5585717426298064 81
1717464287160 0.559185980646132 82
1717464291911 0.5597209232402891 83
1717464296693 0.5603662361161431 84
1717464301516 0.5609228175922738 85
1717464306616 0.5615179452989156 86
1717464311215 0.5620903980082377 87
1717464316190 0.5625342519378334 88
1717464321213 0.563111646408762 89
1717464325958 0.5635775351504836 90
1717464330824 0.5640288465903274 91
1717464335339 0.5645217052166043 92
1717464340258 0.5650157328440665 93
1717464345051 0.5656540315785835 94
1717464349677 0.5660475967683004 95
1717464354421 0.5665022469571922 96
1717464358987 0.5669841445100919 97
1717464363953 0.567390706692856 98
1717464368619 0.5679488967163542 99
