1717463901476 0.8736004177722049 1
1717463906070 0.9431168894943878 2
1717463910740 0.947583633524352 3
1717463915536 0.9488388112445525 4
1717463920296 0.9473617283987122 5
1717463924771 0.944314786393302 6
1717463929623 0.9400562674968197 7
1717463934519 0.9373078484837004 8
1717463939346 0.9357019067961514 9
1717463944192 0.9356243602388431 10
1717463948771 0.9350007292985748 11
1717463953664 0.9350972507958696 12
1717463958701 0.934651491618132 13
1717463963401 0.9343108866106362 14
1717463968058 0.9341569429051685 15
1717463973108 0.9342245233835524 16
1717463977842 0.9341943965532806 17
1717463982316 0.9342825211003767 18
1717463987064 0.9345026594538283 19
1717463992012 0.9344613451017804 20
1717463996662 0.9343801971209122 21
1717464001410 0.9345343745033671 22
1717464006491 0.9341972138218058 23
1717464011376 0.9342138654422555 24
1717464016361 0.9343278422131158 25
1717464021215 0.9342508800703755 26
1717464025986 0.9340813971117337 27
1717464030879 0.9342150213933271 28
1717464035455 0.9342985622579406 29
1717464040232 0.9340398041425348 30
1717464044937 0.9337862793740219 31
1717464049697 0.933747864072787 32
1717464054318 0.9338611141857996 33
1717464059048 0.9338787017879162 34
1717464064011 0.9335086572685126 35
1717464068710 0.9334723460911294 36
1717464073449 0.9333193863842684 37
1717464078310 0.9331401333642219 38
1717464082790 0.9329308802232904 39
1717464087686 0.9328585601116992 40
1717464092576 0.9328213790702858 41
1717464097266 0.9327112329854288 42
1717464102184 0.9328045675124584 43
1717464107117 0.9327244507321637 44
1717464111963 0.9324953651733219 45
1717464116751 0.9325239060969994 46
1717464121519 0.9324304145337055 47
1717464126476 0.9324119328271524 48
1717464131253 0.932215440336804 49
1717464136068 0.9321839396580177 50
1717464140827 0.932260761861817 51
1717464145739 0.93229017267861 52
1717464150469 0.9323215316331218 53
1717464155496 0.932204758772948 54
1717464160405 0.9321787331386162 55
1717464165326 0.9321786835078077 56
1717464170329 0.9322505435417773 57
1717464175055 0.9321196963871035 58
1717464179887 0.9321484182740745 59
1717464184260 0.932048021529821 60
1717464188941 0.9320920606551581 61
1717464193397 0.9320916402065896 62
1717464198092 0.9321577610241141 63
1717464202795 0.9323649813866141 64
1717464207417 0.932379665440512 65
1717464212294 0.9324964305782851 66
1717464216850 0.9326316293363082 67
1717464221734 0.9326149259757119 68
1717464226753 0.9326718827022523 69
1717464231420 0.9326176770915395 70
1717464236165 0.9327092162294672 71
1717464240834 0.9327697337183608 72
1717464245453 0.932964586535547 73
1717464250112 0.9331463227409099 74
1717464254876 0.9333154589551301 75
1717464259392 0.933558936977113 76
1717464264107 0.9337067422099855 77
1717464268608 0.9338930495400181 78
1717464273278 0.9341007938293127 79
1717464278095 0.934337561031004 80
1717464282696 0.9344098655088715 81
1717464287160 0.9345492647854161 82
1717464291911 0.9345358742411696 83
1717464296693 0.9347472560030855 84
1717464301516 0.9348073824934875 85
1717464306616 0.9349349387819448 86
1717464311215 0.93497442294585 87
1717464316190 0.9350503301957094 88
1717464321213 0.9351232579276967 89
1717464325958 0.9353445556559854 90
1717464330824 0.9351989971061494 91
1717464335339 0.9353922527549725 92
1717464340258 0.9354846342021134 93
1717464345051 0.9357115106587375 94
1717464349677 0.9357624441104946 95
1717464354421 0.9358202586500297 96
1717464358987 0.9358065066296728 97
1717464363953 0.9357759998988643 98
1717464368619 0.9359681703539513 99
