1717194710249 329923.0 1
1717194713374 329923.0 2
1717194716502 329923.0 3
1717194719525 329923.0 4
1717194722494 329923.0 5
1717194725462 329923.0 6
1717194728418 329923.0 7
1717194731377 329923.0 8
1717194734338 329923.0 9
1717194737472 329923.0 10
1717194740623 329923.0 11
1717194743619 329923.0 12
1717194746686 329923.0 13
1717194749543 329923.0 14
1717194752488 329923.0 15
1717194755387 329923.0 16
1717194758403 329923.0 17
1717194761385 329923.0 18
1717194764334 329923.0 19
1717194767238 329923.0 20
1717194770273 329923.0 21
1717194773394 329923.0 22
1717194776256 329923.0 23
1717194779417 329923.0 24
1717194782441 329923.0 25
1717194785333 329923.0 26
1717194788420 329923.0 27
1717194791367 329923.0 28
1717194794359 329923.0 29
1717194797261 329923.0 30
1717194800192 329923.0 31
1717194803236 329923.0 32
1717194806312 329923.0 33
1717194809372 329923.0 34
1717194812342 329923.0 35
1717194815222 329923.0 36
1717194818237 329923.0 37
1717194821086 329923.0 38
1717194823987 329923.0 39
1717194826911 329923.0 40
1717194829879 329923.0 41
1717194832817 329923.0 42
1717194835957 329923.0 43
1717194839065 329923.0 44
1717194842113 329923.0 45
1717194845163 329923.0 46
1717194848040 329923.0 47
1717194851141 329923.0 48
1717194854225 329923.0 49
1717194857178 329923.0 50
1717194860137 329923.0 51
1717194863077 329923.0 52
1717194866005 329923.0 53
1717194868974 329923.0 54
1717194871951 329923.0 55
1717194874968 329923.0 56
1717194878142 329923.0 57
1717194880986 329923.0 58
1717194883913 329923.0 59
1717194886980 329923.0 60
1717194889925 329923.0 61
1717194892910 329923.0 62
1717194895839 329923.0 63
1717194898708 329923.0 64
1717194901711 329923.0 65
1717194904703 329923.0 66
1717194907561 329923.0 67
1717194910543 329923.0 68
1717194913584 329923.0 69
1717194916597 329923.0 70
1717194919775 329923.0 71
1717194922890 329923.0 72
1717194925954 329923.0 73
1717194928938 329923.0 74
1717194931935 329923.0 75
1717194935023 329923.0 76
1717194937871 329923.0 77
1717194940881 329923.0 78
1717194943811 329923.0 79
1717194946839 329923.0 80
1717194949759 329923.0 81
1717194952600 329923.0 82
1717194955621 329923.0 83
1717194958573 329923.0 84
1717194961542 329923.0 85
1717194964609 329923.0 86
1717194967563 329923.0 87
1717194970704 329923.0 88
1717194973854 329923.0 89
1717194976976 329923.0 90
1717194980077 329923.0 91
1717194983125 329923.0 92
1717194986053 329923.0 93
1717194989092 329923.0 94
1717194992238 329923.0 95
1717194995303 329923.0 96
1717194998293 329923.0 97
1717195001399 329923.0 98
1717195004354 329923.0 99
