1717194710249 22555.0 1
1717194713374 22555.0 2
1717194716502 22555.0 3
1717194719525 22555.0 4
1717194722494 22555.0 5
1717194725462 22555.0 6
1717194728418 22555.0 7
1717194731377 22555.0 8
1717194734338 22555.0 9
1717194737472 22555.0 10
1717194740623 22555.0 11
1717194743619 22555.0 12
1717194746686 22555.0 13
1717194749543 22555.0 14
1717194752488 22555.0 15
1717194755387 22555.0 16
1717194758403 22555.0 17
1717194761385 22555.0 18
1717194764334 22555.0 19
1717194767238 22555.0 20
1717194770273 22555.0 21
1717194773394 22555.0 22
1717194776256 22555.0 23
1717194779417 22555.0 24
1717194782441 22555.0 25
1717194785333 22555.0 26
1717194788420 22555.0 27
1717194791367 22555.0 28
1717194794359 22555.0 29
1717194797261 22555.0 30
1717194800192 22555.0 31
1717194803236 22555.0 32
1717194806312 22555.0 33
1717194809372 22555.0 34
1717194812342 22555.0 35
1717194815222 22555.0 36
1717194818237 22555.0 37
1717194821086 22555.0 38
1717194823987 22555.0 39
1717194826911 22555.0 40
1717194829879 22555.0 41
1717194832817 22555.0 42
1717194835957 22555.0 43
1717194839065 22555.0 44
1717194842113 22555.0 45
1717194845163 22555.0 46
1717194848040 22555.0 47
1717194851141 22555.0 48
1717194854225 22555.0 49
1717194857178 22555.0 50
1717194860137 22555.0 51
1717194863077 22555.0 52
1717194866005 22555.0 53
1717194868974 22555.0 54
1717194871951 22555.0 55
1717194874968 22555.0 56
1717194878142 22555.0 57
1717194880986 22555.0 58
1717194883913 22555.0 59
1717194886980 22555.0 60
1717194889925 22555.0 61
1717194892910 22555.0 62
1717194895839 22555.0 63
1717194898708 22555.0 64
1717194901711 22555.0 65
1717194904703 22555.0 66
1717194907561 22555.0 67
1717194910543 22555.0 68
1717194913584 22555.0 69
1717194916597 22555.0 70
1717194919775 22555.0 71
1717194922890 22555.0 72
1717194925954 22555.0 73
1717194928938 22555.0 74
1717194931935 22555.0 75
1717194935023 22555.0 76
1717194937871 22555.0 77
1717194940881 22555.0 78
1717194943811 22555.0 79
1717194946839 22555.0 80
1717194949759 22555.0 81
1717194952600 22555.0 82
1717194955621 22555.0 83
1717194958573 22555.0 84
1717194961542 22555.0 85
1717194964609 22555.0 86
1717194967563 22555.0 87
1717194970704 22555.0 88
1717194973854 22555.0 89
1717194976976 22555.0 90
1717194980077 22555.0 91
1717194983125 22555.0 92
1717194986053 22555.0 93
1717194989092 22555.0 94
1717194992238 22555.0 95
1717194995303 22555.0 96
1717194998293 22555.0 97
1717195001399 22555.0 98
1717195004354 22555.0 99
