1717194710249 0.14892767369747162 1
1717194713374 0.20194439589977264 2
1717194716502 0.22624947130680084 3
1717194719525 0.23809854686260223 4
1717194722494 0.25306156277656555 5
1717194725462 0.26190096139907837 6
1717194728418 0.27397000789642334 7
1717194731377 0.28364476561546326 8
1717194734338 0.28825902938842773 9
1717194737472 0.2991681396961212 10
1717194740623 0.308143675327301 11
1717194743619 0.31732308864593506 12
1717194746686 0.32678285241127014 13
1717194749543 0.3390533924102783 14
1717194752488 0.3520805239677429 15
1717194755387 0.3695197105407715 16
1717194758403 0.3858203589916229 17
1717194761385 0.40188029408454895 18
1717194764334 0.41717904806137085 19
1717194767238 0.4303585886955261 20
1717194770273 0.34428441524505615 21
1717194773394 0.3888744115829468 22
1717194776256 0.43399786949157715 23
1717194779417 0.4631992280483246 24
1717194782441 0.48023977875709534 25
1717194785333 0.5031278729438782 26
1717194788420 0.5231140851974487 27
1717194791367 0.5433105826377869 28
1717194794359 0.5631588101387024 29
1717194797261 0.5770275592803955 30
1717194800192 0.589914083480835 31
1717194803236 0.6001624464988708 32
1717194806312 0.606825590133667 33
1717194809372 0.616391658782959 34
1717194812342 0.6260630488395691 35
1717194815222 0.6336636543273926 36
1717194818237 0.6371508240699768 37
1717194821086 0.6401727795600891 38
1717194823987 0.6430101990699768 39
1717194826911 0.6464473605155945 40
1717194829879 0.6504114866256714 41
1717194832817 0.6535738110542297 42
1717194835957 0.6581570506095886 43
1717194839065 0.6620533466339111 44
1717194842113 0.6653867959976196 45
1717194845163 0.6685266494750977 46
1717194848040 0.6695396304130554 47
1717194851141 0.6710622906684875 48
1717194854225 0.676458477973938 49
1717194857178 0.6802221536636353 50
1717194860137 0.6785632967948914 51
1717194863077 0.6846243739128113 52
1717194866005 0.6734554171562195 53
1717194868974 0.6861749887466431 54
1717194871951 0.6930116415023804 55
1717194874968 0.6961727142333984 56
1717194878142 0.6990528702735901 57
1717194880986 0.6973047852516174 58
1717194883913 0.701982319355011 59
1717194886980 0.7032802104949951 60
1717194889925 0.7070375680923462 61
1717194892910 0.7073054313659668 62
1717194895839 0.712459146976471 63
1717194898708 0.7141510248184204 64
1717194901711 0.7118871212005615 65
1717194904703 0.7134716510772705 66
1717194907561 0.71784508228302 67
1717194910543 0.7184189558029175 68
1717194913584 0.7181151509284973 69
1717194916597 0.7197052836418152 70
1717194919775 0.7194763422012329 71
1717194922890 0.7219988703727722 72
1717194925954 0.7232235074043274 73
1717194928938 0.7230222225189209 74
1717194931935 0.7272447347640991 75
1717194935023 0.7316059470176697 76
1717194937871 0.7329020500183105 77
1717194940881 0.7281578183174133 78
1717194943811 0.7339731454849243 79
1717194946839 0.7282522916793823 80
1717194949759 0.7060520052909851 81
1717194952600 0.6408636569976807 82
1717194955621 0.5929310321807861 83
1717194958573 0.6354425549507141 84
1717194961542 0.6780938506126404 85
1717194964609 0.6969953775405884 86
1717194967563 0.7079349160194397 87
1717194970704 0.7181134819984436 88
1717194973854 0.7240729331970215 89
1717194976976 0.7299542427062988 90
1717194980077 0.7345017194747925 91
1717194983125 0.736863911151886 92
1717194986053 0.7388030886650085 93
1717194989092 0.7424346208572388 94
1717194992238 0.7456344366073608 95
1717194995303 0.7469580769538879 96
1717194998293 0.7514338493347168 97
1717195001399 0.752570629119873 98
1717195004354 0.7543545365333557 99
