1718210653174 0.0 1
1718210661653 0.0 2
1718210669562 0.0 3
1718210677811 0.0 4
1718210686260 0.0 5
1718210694981 0.0 6
1718210704123 0.0 7
1718210712686 0.0 8
1718210721213 0.0 9
1718210730372 0.0 10
1718210738719 0.0 11
1718210747285 0.0 12
1718210755807 0.0 13
1718210764566 0.0 14
1718210773312 0.0 15
1718210781771 0.0 16
1718210790363 0.0 17
1718210798480 0.0 18
1718210806976 0.0 19
1718210815079 0.0 20
1718210823346 0.0 21
1718210832129 0.0 22
1718210840728 0.0 23
1718210848892 0.0 24
1718210857505 0.0 25
1718210865824 0.0 26
1718210874095 0.0 27
1718210882060 0.0 28
1718210890037 0.0 29
1718210898079 0.0 30
