1718210653174 144013.0 1
1718210661653 144013.0 2
1718210669562 144013.0 3
1718210677811 144013.0 4
1718210686260 144013.0 5
1718210694981 144013.0 6
1718210704123 144013.0 7
1718210712686 144013.0 8
1718210721213 144013.0 9
1718210730372 144013.0 10
1718210738719 144013.0 11
1718210747285 144013.0 12
1718210755807 144013.0 13
1718210764566 144013.0 14
1718210773312 144013.0 15
1718210781771 144013.0 16
1718210790363 144013.0 17
1718210798480 144013.0 18
1718210806976 144013.0 19
1718210815079 144013.0 20
1718210823346 144013.0 21
1718210832129 144013.0 22
1718210840728 144013.0 23
1718210848892 144013.0 24
1718210857505 144013.0 25
1718210865824 144013.0 26
1718210874095 144013.0 27
1718210882060 144013.0 28
1718210890037 144013.0 29
1718210898079 144013.0 30
