1717259306286 0.8842718453363517 1
1717259307078 0.9288075434156053 2
1717259307832 0.9326820853258051 3
1717259308630 0.9339610584801292 4
1717259309392 0.9351418547181684 5
1717259310170 0.9363142728824809 6
1717259310926 0.9362740633111895 7
1717259311729 0.9372160868312344 8
1717259312518 0.936819285208862 9
1717259313267 0.9381083557579506 10
1717259314025 0.9379618487163626 11
1717259314775 0.938532413314568 12
1717259315560 0.93883313267744 13
1717259316299 0.9383121543255932 14
1717259317041 0.9386275344094203 15
1717259317787 0.9391891700985378 16
1717259318511 0.9383448102028147 17
1717259319253 0.9388109953059403 18
1717259320054 0.9393135205570726 19
1717259320805 0.9397219623596971 20
1717259321567 0.9390602502378198 21
1717259322341 0.9399518535380593 22
1717259323069 0.9394774625447315 23
1717259323796 0.9401311658483813 24
1717259324525 0.940028192950837 25
1717259325295 0.9401005449439307 26
1717259326017 0.9397517597324989 27
1717259326754 0.9395622574082054 28
1717259327502 0.9399744552052132 29
1717259328245 0.9398686163388001 30
1717259328990 0.939046379557916 31
1717259329733 0.9395807187969315 32
1717259330482 0.9400513003337153 33
1717259331203 0.9400270627091168 34
1717259331939 0.9395236704376013 35
1717259332710 0.9395937909078331 36
1717259333451 0.9408236639555251 37
1717259334175 0.9407645049987262 38
1717259334916 0.9407111821759571 39
1717259335685 0.9411003524237374 40
1717259336414 0.9412476279303784 41
1717259337175 0.9409203080182439 42
1717259337909 0.9411347755176842 43
1717259338668 0.94117126183966 44
1717259339380 0.9411074055454596 45
1717259340132 0.9411124343215244 46
1717259340882 0.9413103389800325 47
1717259341632 0.9409199092178451 48
1717259342371 0.9408330531048241 49
1717259343111 0.9406878914405306 50
1717259343861 0.9404778525541526 51
1717259344600 0.9400775021784264 52
1717259345360 0.9401030020793846 53
1717259346100 0.9405318134486292 54
1717259346885 0.941085051762524 55
1717259347663 0.9411872512966974 56
1717259348428 0.941068666637695 57
1717259349162 0.9414073216293872 58
1717259349903 0.9410374327943984 59
1717259350664 0.9413104401509678 60
1717259351410 0.941025711508001 61
1717259352174 0.9410010475234356 62
1717259352908 0.9411533096730353 63
1717259353672 0.941046683936478 64
1717259354446 0.9411282633924725 65
1717259355232 0.940788532719225 66
1717259355995 0.9410270069205859 67
1717259356733 0.9401392542937856 68
1717259357508 0.940578947529367 69
1717259358254 0.9411721169387319 70
1717259358983 0.9415356636605111 71
1717259359719 0.9415934475809291 72
1717259360490 0.9419201483542401 73
1717259361225 0.9417811314710516 74
1717259361950 0.9418987730523556 75
1717259362677 0.9421073078937519 76
1717259363402 0.9421821922575083 77
1717259364123 0.9421891927024278 78
1717259364859 0.9422090320876495 79
1717259365621 0.9422399728546589 80
1717259366436 0.9425020600754678 81
1717259367168 0.9427627530112583 82
1717259367903 0.9427080170440563 83
1717259368647 0.9424524354022696 84
1717259369376 0.9425005544743261 85
1717259370145 0.9420575056085974 86
1717259370887 0.9426979709602851 87
1717259371641 0.9434577053934634 88
1717259372372 0.9431017809801523 89
1717259373140 0.943206698108096 90
1717259373876 0.9433175434121601 91
1717259374623 0.942895934143298 92
1717259375386 0.9431628634236218 93
1717259376129 0.9437940541952161 94
1717259376868 0.9437337080528145 95
1717259377617 0.9441241992023699 96
1717259378357 0.9442411906891364 97
1717259379095 0.9441318556718179 98
1717259379821 0.944254512221641 99
