1717259306286 0.24267655258822193 1
1717259307078 0.46617766928712645 2
1717259307832 0.5060907537637606 3
1717259308630 0.5075130137054501 4
1717259309392 0.5168880896795688 5
1717259310170 0.5301387477517803 6
1717259310926 0.5218148251750163 7
1717259311729 0.5334537851363788 8
1717259312518 0.5295137075952729 9
1717259313267 0.5534024021071351 10
1717259314025 0.5613450340127949 11
1717259314775 0.5640705370797805 12
1717259315560 0.5744184202958263 13
1717259316299 0.5562863201808649 14
1717259317041 0.556999427351288 15
1717259317787 0.5708271533985324 16
1717259318511 0.5493887530045867 17
1717259319253 0.5654496857294291 18
1717259320054 0.5716735786762952 19
1717259320805 0.5808970783368946 20
1717259321567 0.5732937370912796 21
1717259322341 0.5884811180476307 22
1717259323069 0.5780747888121637 23
1717259323796 0.5871819202510016 24
1717259324525 0.5802109516708421 25
1717259325295 0.5832976718723251 26
1717259326017 0.579926635162436 27
1717259326754 0.5799468086845306 28
1717259327502 0.5783881871686718 29
1717259328245 0.5775588066097902 30
1717259328990 0.5752712748504517 31
1717259329733 0.5878389986421895 32
1717259330482 0.587132857855761 33
1717259331203 0.5791525853530011 34
1717259331939 0.5829719982713724 35
1717259332710 0.5960665331542611 36
1717259333451 0.5879081426840844 37
1717259334175 0.5937380764649896 38
1717259334916 0.6011635502750159 39
1717259335685 0.5974301474884952 40
1717259336414 0.5955255594104139 41
1717259337175 0.597700563168355 42
1717259337909 0.5985288495474418 43
1717259338668 0.5984186006097381 44
1717259339380 0.5940209881736933 45
1717259340132 0.5957893612598831 46
1717259340882 0.5966959203901832 47
1717259341632 0.5954108442912784 48
1717259342371 0.5912733346446745 49
1717259343111 0.5956714600739792 50
1717259343861 0.6032511138173913 51
1717259344600 0.5829561487245889 52
1717259345360 0.5692811921424534 53
1717259346100 0.5916974007171327 54
1717259346885 0.5860712531642214 55
1717259347663 0.5908609142832013 56
1717259348428 0.5866521155044315 57
1717259349162 0.5994553382407005 58
1717259349903 0.5891593961011342 59
1717259350664 0.5971690099286006 60
1717259351410 0.593582913683073 61
1717259352174 0.5972076964821376 62
1717259352908 0.5956868343864841 63
1717259353672 0.5933581095865323 64
1717259354446 0.5920536299684975 65
1717259355232 0.583535991080163 66
1717259355995 0.5913455265081298 67
1717259356733 0.6109219788461315 68
1717259357508 0.586998433556519 69
1717259358254 0.6043383499045824 70
1717259358983 0.5879855186094315 71
1717259359719 0.6029086911190198 72
1717259360490 0.592145599299742 73
1717259361225 0.6054663053242709 74
1717259361950 0.6046509703992833 75
1717259362677 0.6095261872890381 76
1717259363402 0.6064329354265559 77
1717259364123 0.6062763519192885 78
1717259364859 0.6087399386747152 79
1717259365621 0.6099675143746857 80
1717259366436 0.6145689538494501 81
1717259367168 0.6098627833345822 82
1717259367903 0.6156668121977376 83
1717259368647 0.6116688214570755 84
1717259369376 0.6080790819131876 85
1717259370145 0.6119380598057991 86
1717259370887 0.6123721762764276 87
1717259371641 0.6170833426926747 88
1717259372372 0.6251363343521139 89
1717259373140 0.6198346343171206 90
1717259373876 0.6148974303349115 91
1717259374623 0.6278414958833054 92
1717259375386 0.6217313324854274 93
1717259376129 0.6123012408525266 94
1717259376868 0.6310365295731966 95
1717259377617 0.6279078757200265 96
1717259378357 0.6236430454228405 97
1717259379095 0.6293116506095151 98
1717259379821 0.6270903452124577 99
