1717259306286 0.9451696652856807 1
1717259307078 0.9781032872116646 2
1717259307832 0.9775113212609353 3
1717259308630 0.9797962087953193 4
1717259309392 0.9800281628194791 5
1717259310170 0.9795984159339512 6
1717259310926 0.9813429488106907 7
1717259311729 0.9807418388787974 8
1717259312518 0.9807240299777431 9
1717259313267 0.9782908838067568 10
1717259314025 0.976151295506211 11
1717259314775 0.9767508199333549 12
1717259315560 0.9750809606240936 13
1717259316299 0.9779055145450708 14
1717259317041 0.9784656852372579 15
1717259317787 0.9766668704423986 16
1717259318511 0.9795765536853 17
1717259319253 0.9769752882186388 18
1717259320054 0.9765563022327036 19
1717259320805 0.9754658380766581 20
1717259321567 0.9758056844173785 21
1717259322341 0.974424466552635 22
1717259323069 0.9756933807112254 23
1717259323796 0.9750001770020471 24
1717259324525 0.976267704814548 25
1717259325295 0.9757590506026073 26
1717259326017 0.9758136711651166 27
1717259326754 0.9754107761044521 28
1717259327502 0.9764923187281058 29
1717259328245 0.9763536423911512 30
1717259328990 0.9754341210012527 31
1717259329733 0.9739580227171946 32
1717259330482 0.9748906813961205 33
1717259331203 0.9765029332980977 34
1717259331939 0.9747610362601024 35
1717259332710 0.9722265357513166 36
1717259333451 0.976196520581079 37
1717259334175 0.9749023053606823 38
1717259334916 0.9732475716615606 39
1717259335685 0.9747457802405899 40
1717259336414 0.9754787717464278 41
1717259337175 0.9743632209337454 42
1717259337909 0.9746011012701348 43
1717259338668 0.9746626177467741 44
1717259339380 0.9754993758523384 45
1717259340132 0.9751265265307157 46
1717259340882 0.9753172860667272 47
1717259341632 0.9748330980326869 48
1717259342371 0.9755537315783596 49
1717259343111 0.9743535081368312 50
1717259343861 0.9722998285333 51
1717259344600 0.9757160713960882 52
1717259345360 0.9787978415032148 53
1717259346100 0.9749027018133638 54
1717259346885 0.9770514528711626 55
1717259347663 0.9762600360318525 56
1717259348428 0.9769883463578043 57
1717259349162 0.9749243034740165 58
1717259349903 0.976412683672718 59
1717259350664 0.975230942847547 60
1717259351410 0.975487556570891 61
1717259352174 0.9746394110765318 62
1717259352908 0.975220327951337 63
1717259353672 0.9754927554475314 64
1717259354446 0.9759524155658464 65
1717259355232 0.9771606971756166 66
1717259355995 0.975898725850773 67
1717259356733 0.9701317531611812 68
1717259357508 0.9759367526533367 69
1717259358254 0.9733636362671804 70
1717259358983 0.9775266301614611 71
1717259359719 0.974512716435773 72
1717259360490 0.9774040631325239 73
1717259361225 0.9743108699600027 74
1717259361950 0.974727525292238 75
1717259362677 0.9741332910016754 76
1717259363402 0.9749346021306894 77
1717259364123 0.9750062640172186 78
1717259364859 0.9745299646743963 79
1717259365621 0.9743817570048867 80
1717259366436 0.9738357394119648 81
1717259367168 0.9754255796884591 82
1717259367903 0.9740005308571269 83
1717259368647 0.974325513950589 84
1717259369376 0.975212348386382 85
1717259370145 0.9734886611071966 86
1717259370887 0.9747097315958237 87
1717259371641 0.9752547010314307 88
1717259372372 0.9727611396850528 89
1717259373140 0.974093328834458 90
1717259373876 0.9754335814937307 91
1717259374623 0.9717822808704619 92
1717259375386 0.9735157919007155 93
1717259376129 0.9768933056503513 94
1717259376868 0.9727267999347777 95
1717259377617 0.9740940172521093 96
1717259378357 0.9753469411937883 97
1717259379095 0.9738204633228971 98
1717259379821 0.9745799848751093 99
