1717340756094 0.19715078410625514 1
1717340759495 0.22653066388884463 2
1717340763084 0.24793062191840004 3
1717340766584 0.26748793593493675 4
1717340769957 0.27634620091028567 5
1717340773592 0.2823093997422333 6
1717340777261 0.29039550480446885 7
1717340780912 0.29749526221785 8
1717340784367 0.30245930458767567 9
1717340787715 0.3095478038758431 10
1717340791292 0.31716671567553967 11
1717340794973 0.32087624840140194 12
1717340798499 0.32840464987046364 13
1717340802070 0.3342335933437298 14
1717340805777 0.3395999856110049 15
1717340809429 0.3454014198598987 16
1717340813042 0.3525986393769047 17
1717340816519 0.35852832624528297 18
1717340820162 0.3666869080786366 19
1717340823719 0.3822907562957455 20
1717340827445 0.40416667263353284 21
1717340830901 0.41432632153458254 22
1717340834477 0.4219555812013974 23
1717340838245 0.42581637574266196 24
1717340841947 0.4325890908640723 25
1717340845602 0.4339472056341351 26
1717340849101 0.4380910150393449 27
1717340852658 0.44232402656121883 28
1717340856238 0.44954907132332345 29
1717340859986 0.4570214556068114 30
1717340863727 0.4654329939772779 31
1717340867342 0.47946839395606144 32
1717340870889 0.4927423493525358 33
1717340874397 0.5071944770520964 34
1717340877842 0.521570918786462 35
1717340881360 0.5287425117430951 36
1717340884943 0.5373896934755733 37
1717340888470 0.5416015709583781 38
1717340891838 0.5465514123606601 39
1717340895199 0.5507439513344696 40
1717340898765 0.5543655538021267 41
1717340902217 0.5571626165882527 42
1717340905759 0.5596762816641706 43
1717340909196 0.5612451201337033 44
1717340912672 0.5672487145999536 45
1717340916168 0.5667303819303734 46
1717340919681 0.5700432677704577 47
1717340923014 0.5741651166067833 48
1717340926348 0.576604970404835 49
1717340929688 0.5781987556412524 50
1717340933087 0.5812892935527968 51
1717340936539 0.5841999642471585 52
1717340939919 0.5865323726053014 53
1717340943444 0.5885943110623368 54
1717340946866 0.59089698648516 55
1717340950400 0.5928648124416217 56
1717340953830 0.5947239488383445 57
1717340957266 0.5973514710957052 58
1717340960727 0.5982440468443382 59
1717340964172 0.600192063212577 60
1717340967690 0.5998321018860396 61
1717340971050 0.6024784104435498 62
1717340974356 0.6057423201256368 63
1717340977705 0.6077133462338014 64
1717340981105 0.6079424534805644 65
1717340984431 0.6096464729335772 66
1717340987705 0.6123553986256758 67
1717340991159 0.6128876766754907 68
1717340994560 0.6142838996813053 69
1717340998008 0.6153303137336317 70
1717341001368 0.6166429169461188 71
1717341004809 0.6183971958934862 72
1717341008309 0.6184928100888791 73
1717341011659 0.6199184000494782 74
1717341014995 0.6213253056458078 75
1717341018434 0.6208516818459382 76
1717341021849 0.6233342010810895 77
1717341025296 0.624255518150597 78
1717341028580 0.6245591716439106 79
1717341032022 0.6258012600068359 80
1717341035406 0.6253825516367205 81
1717341038698 0.62790146752787 82
1717341042031 0.6280714377749275 83
1717341045468 0.6288837758839209 84
1717341048769 0.630391137112982 85
1717341052297 0.6312075916433254 86
1717341055700 0.632177678874963 87
1717341059184 0.6327499308902091 88
1717341062607 0.634210960918887 89
1717341066076 0.6335837844170638 90
1717341069594 0.6356552611520067 91
1717341072969 0.6363857986334966 92
1717341076308 0.6363048342162378 93
1717341079780 0.6386408295037678 94
1717341083072 0.6386001027539722 95
1717341086385 0.6370111734309298 96
1717341089721 0.6387545199985962 97
1717341093025 0.6408808114632447 98
1717341096259 0.6417530911603199 99
