1717412831359 889768.0 1
1717414845536 865448.0 2
1717416485904 835374.0 3
1717418324136 869428.0 4
1717420146734 901561.0 5
1717423190011 901561.0 6
1717424738740 901561.0 7
1717425199849 901561.0 8
1717427176853 901561.0 9
1717427463050 901561.0 10
1717427636700 901561.0 11
1717429051411 901561.0 12
1717430267786 901561.0 13
1717430280542 901561.0 14
1717430292158 901561.0 15
1717430303672 901561.0 16
1717430315157 901561.0 17
1717430326849 901561.0 18
1717430338641 901561.0 19
1717430350091 901561.0 20
1717430361848 901561.0 21
1717430373365 901561.0 22
1717430384860 901561.0 23
1717430397202 901561.0 24
1717430409545 901561.0 25
1717430421336 901561.0 26
1717430433025 901561.0 27
1717430444596 901561.0 28
1717430455889 901561.0 29
1717430467449 901561.0 30
1717430479044 901561.0 31
1717430490634 901561.0 32
1717430502363 901561.0 33
1717430514073 901561.0 34
1717430525869 901561.0 35
1717430537566 901561.0 36
1717430549319 901561.0 37
1717430561044 901561.0 38
1717430572723 901561.0 39
1717430584461 901561.0 40
1717430596137 901561.0 41
1717430607859 901561.0 42
1717430619518 901561.0 43
1717430631312 901561.0 44
1717430643047 901561.0 45
1717430654799 901561.0 46
1717430666502 901561.0 47
1717430678207 901561.0 48
1717430689921 901561.0 49
1717430701753 901561.0 50
1717430713582 901561.0 51
1717430725873 901561.0 52
1717430738217 901561.0 53
1717430749965 901561.0 54
1717430761758 901561.0 55
1717430773654 901561.0 56
1717430785516 901561.0 57
1717430797582 901561.0 58
1717430809805 901561.0 59
1717430821918 901561.0 60
1717430833457 901561.0 61
1717430845092 901561.0 62
1717430856756 901561.0 63
1717430868586 901561.0 64
1717430880094 901561.0 65
1717430891766 901561.0 66
1717430903649 901561.0 67
1717430915480 901561.0 68
1717430927257 901561.0 69
1717430939330 901561.0 70
1717430951367 901561.0 71
1717430963201 901561.0 72
1717430975042 901561.0 73
1717430986863 901561.0 74
1717430998890 901561.0 75
1717431010947 901561.0 76
1717431022864 901561.0 77
1717431034932 901561.0 78
1717431047419 901561.0 79
1717431059392 901561.0 80
1717431071007 901561.0 81
1717431082667 901561.0 82
1717431094640 901561.0 83
1717431106434 901561.0 84
1717431118104 901561.0 85
1717431129847 901561.0 86
1717431141542 901561.0 87
1717431153186 901561.0 88
1717431164927 901561.0 89
1717431176536 901561.0 90
1717431188244 901561.0 91
1717431199852 901561.0 92
1717431211907 901561.0 93
1717431223689 901561.0 94
1717431235566 901561.0 95
1717431247528 901561.0 96
1717431259983 901561.0 97
1717431272194 901561.0 98
1717431284479 901561.0 99
