1717412831359 0.907206673374501 1
1717414845536 0.9090139019692937 2
1717416485904 0.9132199019380449 3
1717418324136 0.910163366884026 4
1717420146734 0.9110321029958228 5
1717423190011 0.9110321029958228 6
1717424738740 0.9110321029958228 7
1717425199849 0.9110321029958228 8
1717427176853 0.9110321029958228 9
1717427463050 0.9110321029958228 10
1717427636700 0.9110321029958228 11
1717429051411 0.9110321029958228 12
1717430267786 0.9110321029958228 13
1717430280542 0.9110321029958228 14
1717430292158 0.9110321029958228 15
1717430303672 0.9110321029958228 16
1717430315157 0.9110321029958228 17
1717430326849 0.9110321029958228 18
1717430338641 0.9110321029958228 19
1717430350091 0.9110321029958228 20
1717430361848 0.9110321029958228 21
1717430373365 0.9110321029958228 22
1717430384860 0.9110321029958228 23
1717430397202 0.9110321029958228 24
1717430409545 0.9110321029958228 25
1717430421336 0.9110321029958228 26
1717430433025 0.9110321029958228 27
1717430444596 0.9110321029958228 28
1717430455889 0.9110321029958228 29
1717430467449 0.9110321029958228 30
1717430479044 0.9110321029958228 31
1717430490634 0.9110321029958228 32
1717430502363 0.9110321029958228 33
1717430514073 0.9110321029958228 34
1717430525869 0.9110321029958228 35
1717430537566 0.9110321029958228 36
1717430549319 0.9110321029958228 37
1717430561044 0.9110321029958228 38
1717430572723 0.9110321029958228 39
1717430584461 0.9110321029958228 40
1717430596137 0.9110321029958228 41
1717430607859 0.9110321029958228 42
1717430619518 0.9110321029958228 43
1717430631312 0.9110321029958228 44
1717430643047 0.9110321029958228 45
1717430654799 0.9110321029958228 46
1717430666502 0.9110321029958228 47
1717430678207 0.9110321029958228 48
1717430689921 0.9110321029958228 49
1717430701753 0.9110321029958228 50
1717430713582 0.9110321029958228 51
1717430725873 0.9110321029958228 52
1717430738217 0.9110321029958228 53
1717430749965 0.9110321029958228 54
1717430761758 0.9110321029958228 55
1717430773654 0.9110321029958228 56
1717430785516 0.9110321029958228 57
1717430797582 0.9110321029958228 58
1717430809805 0.9110321029958228 59
1717430821918 0.9110321029958228 60
1717430833457 0.9110321029958228 61
1717430845092 0.9110321029958228 62
1717430856756 0.9110321029958228 63
1717430868586 0.9110321029958228 64
1717430880094 0.9110321029958228 65
1717430891766 0.9110321029958228 66
1717430903649 0.9110321029958228 67
1717430915480 0.9110321029958228 68
1717430927257 0.9110321029958228 69
1717430939330 0.9110321029958228 70
1717430951367 0.9110321029958228 71
1717430963201 0.9110321029958228 72
1717430975042 0.9110321029958228 73
1717430986863 0.9110321029958228 74
1717430998890 0.9110321029958228 75
1717431010947 0.9110321029958228 76
1717431022864 0.9110321029958228 77
1717431034932 0.9110321029958228 78
1717431047419 0.9110321029958228 79
1717431059392 0.9110321029958228 80
1717431071007 0.9110321029958228 81
1717431082667 0.9110321029958228 82
1717431094640 0.9110321029958228 83
1717431106434 0.9110321029958228 84
1717431118104 0.9110321029958228 85
1717431129847 0.9110321029958228 86
1717431141542 0.9110321029958228 87
1717431153186 0.9110321029958228 88
1717431164927 0.9110321029958228 89
1717431176536 0.9110321029958228 90
1717431188244 0.9110321029958228 91
1717431199852 0.9110321029958228 92
1717431211907 0.9110321029958228 93
1717431223689 0.9110321029958228 94
1717431235566 0.9110321029958228 95
1717431247528 0.9110321029958228 96
1717431259983 0.9110321029958228 97
1717431272194 0.9110321029958228 98
1717431284479 0.9110321029958228 99
