1717325569360 120136.0 1
1717325570378 109598.0 2
1717325571453 103328.0 3
1717325572511 100793.0 4
1717325573529 98287.0 5
1717325574631 95250.0 6
1717325575686 91949.0 7
1717325576738 89525.0 8
1717325577751 86838.0 9
1717325578814 86133.0 10
1717325579902 85681.0 11
1717325580962 85224.0 12
1717325582349 85109.0 13
1717325583410 85175.0 14
1717325584426 85237.0 15
1717325585475 85349.0 16
1717325586599 85664.0 17
1717325587734 85870.0 18
1717325589007 86127.0 19
1717325590080 86150.0 20
1717325591306 86331.0 21
1717325592711 86527.0 22
1717325593828 86669.0 23
1717325594853 86672.0 24
1717325595891 86690.0 25
1717325596898 86688.0 26
1717325597919 86536.0 27
1717325598926 86533.0 28
1717325599959 86357.0 29
1717325600981 86266.0 30
1717325602029 86189.0 31
1717325603084 86049.0 32
1717325604231 86041.0 33
1717325605266 85907.0 34
1717325606288 85858.0 35
1717325607313 85764.0 36
1717325608359 85680.0 37
1717325609424 85558.0 38
1717325610459 85427.0 39
1717325611488 85440.0 40
1717325612541 85398.0 41
1717325613613 85283.0 42
1717325614644 85169.0 43
1717325615671 85084.0 44
1717325616705 85112.0 45
1717325618372 84767.0 46
1717325619573 84685.0 47
1717325620637 84675.0 48
1717325621757 84614.0 49
1717325622773 84453.0 50
1717325623806 84449.0 51
1717325624800 84358.0 52
1717325625819 84277.0 53
1717325626850 84218.0 54
1717325627945 84107.0 55
1717325629203 84054.0 56
1717325630307 84062.0 57
1717325631534 84096.0 58
1717325632571 84089.0 59
1717325633602 83985.0 60
1717325634780 83728.0 61
1717325635952 83773.0 62
1717325637076 83804.0 63
1717325638263 83846.0 64
1717325639383 83777.0 65
1717325640426 83704.0 66
1717325641440 83709.0 67
1717325642453 83654.0 68
1717325643509 83639.0 69
1717325644544 83578.0 70
1717325645584 83466.0 71
1717325646630 83486.0 72
1717325647710 83583.0 73
1717325648751 83332.0 74
1717325649769 83296.0 75
1717325650854 83389.0 76
1717325651886 83339.0 77
1717325652974 83264.0 78
1717325654017 83084.0 79
1717325655050 83000.0 80
1717325656116 82824.0 81
1717325657128 82820.0 82
1717325658146 82652.0 83
1717325659223 82805.0 84
1717325660276 82728.0 85
1717325661303 82755.0 86
1717325662331 82386.0 87
1717325663364 82204.0 88
1717325664362 82309.0 89
1717325665385 82187.0 90
1717325666463 82080.0 91
1717325667484 81954.0 92
1717325668499 81707.0 93
1717325669538 81637.0 94
1717325670568 81148.0 95
1717325671585 81100.0 96
1717325672631 80976.0 97
1717325673658 80448.0 98
1717325674751 80245.0 99
