1717325569360 232342.0 1
1717325570378 242880.0 2
1717325571453 249150.0 3
1717325572511 251685.0 4
1717325573529 254191.0 5
1717325574631 257228.0 6
1717325575686 260529.0 7
1717325576738 262953.0 8
1717325577751 265640.0 9
1717325578814 266345.0 10
1717325579902 266797.0 11
1717325580962 267254.0 12
1717325582349 267369.0 13
1717325583410 267303.0 14
1717325584426 267241.0 15
1717325585475 267129.0 16
1717325586599 266814.0 17
1717325587734 266608.0 18
1717325589007 266351.0 19
1717325590080 266328.0 20
1717325591306 266147.0 21
1717325592711 265951.0 22
1717325593828 265809.0 23
1717325594853 265806.0 24
1717325595891 265788.0 25
1717325596898 265790.0 26
1717325597919 265942.0 27
1717325598926 265945.0 28
1717325599959 266121.0 29
1717325600981 266212.0 30
1717325602029 266289.0 31
1717325603084 266429.0 32
1717325604231 266437.0 33
1717325605266 266571.0 34
1717325606288 266620.0 35
1717325607313 266714.0 36
1717325608359 266798.0 37
1717325609424 266920.0 38
1717325610459 267051.0 39
1717325611488 267038.0 40
1717325612541 267080.0 41
1717325613613 267195.0 42
1717325614644 267309.0 43
1717325615671 267394.0 44
1717325616705 267366.0 45
1717325618372 267711.0 46
1717325619573 267793.0 47
1717325620637 267803.0 48
1717325621757 267864.0 49
1717325622773 268025.0 50
1717325623806 268029.0 51
1717325624800 268120.0 52
1717325625819 268201.0 53
1717325626850 268260.0 54
1717325627945 268371.0 55
1717325629203 268424.0 56
1717325630307 268416.0 57
1717325631534 268382.0 58
1717325632571 268389.0 59
1717325633602 268493.0 60
1717325634780 268750.0 61
1717325635952 268705.0 62
1717325637076 268674.0 63
1717325638263 268632.0 64
1717325639383 268701.0 65
1717325640426 268774.0 66
1717325641440 268769.0 67
1717325642453 268824.0 68
1717325643509 268839.0 69
1717325644544 268900.0 70
1717325645584 269012.0 71
1717325646630 268992.0 72
1717325647710 268895.0 73
1717325648751 269146.0 74
1717325649769 269182.0 75
1717325650854 269089.0 76
1717325651886 269139.0 77
1717325652974 269214.0 78
1717325654017 269394.0 79
1717325655050 269478.0 80
1717325656116 269654.0 81
1717325657128 269658.0 82
1717325658146 269826.0 83
1717325659223 269673.0 84
1717325660276 269750.0 85
1717325661303 269723.0 86
1717325662331 270092.0 87
1717325663364 270274.0 88
1717325664362 270169.0 89
1717325665385 270291.0 90
1717325666463 270398.0 91
1717325667484 270524.0 92
1717325668499 270771.0 93
1717325669538 270841.0 94
1717325670568 271330.0 95
1717325671585 271378.0 96
1717325672631 271502.0 97
1717325673658 272030.0 98
1717325674751 272233.0 99
