1717325569360 0.9727826550847501 1
1717325570378 0.9892496575295003 2
1717325571453 0.9907381918837891 3
1717325572511 0.9923079193345767 4
1717325573529 0.9932133072861383 5
1717325574631 0.9939267612956855 6
1717325575686 0.994830280104398 7
1717325576738 0.9953902351389509 8
1717325577751 0.9959453452281453 9
1717325578814 0.9964854468699058 10
1717325579902 0.9967266366209767 11
1717325580962 0.9968037577032491 12
1717325582349 0.9970319072762867 13
1717325583410 0.9971937998016442 14
1717325584426 0.9973593403967935 15
1717325585475 0.997468313936821 16
1717325586599 0.9976436457600192 17
1717325587734 0.9978115019558218 18
1717325589007 0.9980639691472869 19
1717325590080 0.9981746561538124 20
1717325591306 0.9984124930848618 21
1717325592711 0.9985062852123013 22
1717325593828 0.9986123283455217 23
1717325594853 0.998688097950738 24
1717325595891 0.9987618538235513 25
1717325596898 0.9988097136490905 26
1717325597919 0.9987840118823025 27
1717325598926 0.9987835614547109 28
1717325599959 0.9987753247621027 29
1717325600981 0.9987198644078342 30
1717325602029 0.9987363092264369 31
1717325603084 0.9986864009895793 32
1717325604231 0.9987121399021459 33
1717325605266 0.998637090409281 34
1717325606288 0.9986732849650151 35
1717325607313 0.9986836821509223 36
1717325608359 0.9986628680317103 37
1717325609424 0.9986363164752292 38
1717325610459 0.9986114338245747 39
1717325611488 0.9986290092540523 40
1717325612541 0.9986844934082407 41
1717325613613 0.9986042955461403 42
1717325614644 0.9986240306900224 43
1717325615671 0.9985361110367229 44
1717325616705 0.9986234966612113 45
1717325618372 0.9984966864372872 46
1717325619573 0.9985188820523729 47
1717325620637 0.998552495804913 48
1717325621757 0.9985324387686328 49
1717325622773 0.9984259688423772 50
1717325623806 0.9985382263241249 51
1717325624800 0.9985684803067603 52
1717325625819 0.9984663534335151 53
1717325626850 0.9986551741407222 54
1717325627945 0.998569530329523 55
1717325629203 0.9985196859210985 56
1717325630307 0.9985966445854901 57
1717325631534 0.9985948760394908 58
1717325632571 0.9986438073957083 59
1717325633602 0.9987036085078356 60
1717325634780 0.9986796529546507 61
1717325635952 0.9986669499450187 62
1717325637076 0.9986791092565892 63
1717325638263 0.9986805075993107 64
1717325639383 0.9986856019248751 65
1717325640426 0.9986579877502925 66
1717325641440 0.9986815032964276 67
1717325642453 0.998689311470365 68
1717325643509 0.9987488409755477 69
1717325644544 0.998737321582901 70
1717325645584 0.9987603128760195 71
1717325646630 0.998760185735612 72
1717325647710 0.9987716932053858 73
1717325648751 0.9987477262406962 74
1717325649769 0.9987854711166743 75
1717325650854 0.998821870092792 76
1717325651886 0.9988445579948806 77
1717325652974 0.9988240564242924 78
1717325654017 0.9988099404952646 79
1717325655050 0.9988033701373227 80
1717325656116 0.9987908795970402 81
1717325657128 0.9987851696151232 82
1717325658146 0.9987466634053588 83
1717325659223 0.9987907038165094 84
1717325660276 0.9987760761585183 85
1717325661303 0.9987298837694859 86
1717325662331 0.9987255663722697 87
1717325663364 0.9987012058991025 88
1717325664362 0.9986919012191393 89
1717325665385 0.9987276757352177 90
1717325666463 0.9987046604051025 91
1717325667484 0.9986669836951457 92
1717325668499 0.998684794326152 93
1717325669538 0.9987186045522816 94
1717325670568 0.9986582671793829 95
1717325671585 0.9986141085969616 96
1717325672631 0.9985828186574476 97
1717325673658 0.9985559466637018 98
1717325674751 0.9984634506464835 99
