1717325569360 0.7281202117279351 1
1717325570378 0.8841943596067294 2
1717325571453 0.8968057556463426 3
1717325572511 0.9139309578423612 4
1717325573529 0.9237931849069627 5
1717325574631 0.9312623994161751 6
1717325575686 0.9402413366865661 7
1717325576738 0.9462342951580293 8
1717325577751 0.9523973346629702 9
1717325578814 0.9586567442971704 10
1717325579902 0.9615215995203303 11
1717325580962 0.9626601393764097 12
1717325582349 0.9651366731338509 13
1717325583410 0.9670006587547066 14
1717325584426 0.9690456324788645 15
1717325585475 0.9705760467490692 16
1717325586599 0.9727469607678869 17
1717325587734 0.9747488501570443 18
1717325589007 0.9774977116885086 19
1717325590080 0.9788462048196475 20
1717325591306 0.9815294020391976 21
1717325592711 0.9825880854870608 22
1717325593828 0.9837571727789536 23
1717325594853 0.9846499276329005 24
1717325595891 0.9854633230232948 25
1717325596898 0.9859735914024067 26
1717325597919 0.9856351298357153 27
1717325598926 0.9856982767383154 28
1717325599959 0.9855755868111526 29
1717325600981 0.9848577681322326 30
1717325602029 0.9850745288299563 31
1717325603084 0.9845654371398117 32
1717325604231 0.9847725015742418 33
1717325605266 0.9840710279856147 34
1717325606288 0.9843621593631579 35
1717325607313 0.9845046012991476 36
1717325608359 0.9842725230458471 37
1717325609424 0.9838858343776367 38
1717325610459 0.9837180838646089 39
1717325611488 0.983879533222674 40
1717325612541 0.9846413073173297 41
1717325613613 0.98378308557416 42
1717325614644 0.9839560992018722 43
1717325615671 0.9825752464117766 44
1717325616705 0.9839364416119056 45
1717325618372 0.9825371634284171 46
1717325619573 0.9826979580583501 47
1717325620637 0.9831356930073711 48
1717325621757 0.9830683936926572 49
1717325622773 0.982034762537684 50
1717325623806 0.9829983594954188 51
1717325624800 0.9833328787839406 52
1717325625819 0.9824915044307653 53
1717325626850 0.9843953985584623 54
1717325627945 0.9835863814066681 55
1717325629203 0.9830169595407764 56
1717325630307 0.9839624722290644 57
1717325631534 0.9840074681442436 58
1717325632571 0.9846097826066079 59
1717325633602 0.9852539453175343 60
1717325634780 0.984984646143086 61
1717325635952 0.9848307465522284 62
1717325637076 0.9849842226802187 63
1717325638263 0.9849956673183844 64
1717325639383 0.9850404149379296 65
1717325640426 0.9847066176271095 66
1717325641440 0.9849290848280708 67
1717325642453 0.9849437824983167 68
1717325643509 0.985600985502715 69
1717325644544 0.9854659901202344 70
1717325645584 0.9857517805532897 71
1717325646630 0.9857545328026812 72
1717325647710 0.9859259092379236 73
1717325648751 0.9855377694721265 74
1717325649769 0.98593235568869 75
1717325650854 0.9864206819596402 76
1717325651886 0.9866823237546464 77
1717325652974 0.9864228929004434 78
1717325654017 0.9862290792114937 79
1717325655050 0.9861423781903991 80
1717325656116 0.9859758377436618 81
1717325657128 0.985791542379587 82
1717325658146 0.9853222269760872 83
1717325659223 0.9858510484338102 84
1717325660276 0.9856941015840907 85
1717325661303 0.9852330131255385 86
1717325662331 0.9849962372273307 87
1717325663364 0.9846715710402858 88
1717325664362 0.984565219870242 89
1717325665385 0.9850109296251177 90
1717325666463 0.984622657686782 91
1717325667484 0.9841206772097477 92
1717325668499 0.9843355772624355 93
1717325669538 0.9847827421321064 94
1717325670568 0.9840279279266303 95
1717325671585 0.9836411866270269 96
1717325672631 0.9831534277064798 97
1717325673658 0.9825307040602609 98
1717325674751 0.9815814588193766 99
