1717193837826 22555.0 1
1717193841780 22555.0 2
1717193845882 22555.0 3
1717193849800 22555.0 4
1717193853785 22555.0 5
1717193857816 22555.0 6
1717193861876 22555.0 7
1717193865894 22555.0 8
1717193869926 22555.0 9
1717193873775 22555.0 10
1717193877693 22555.0 11
1717193881857 22555.0 12
1717193885868 22555.0 13
1717193889735 22555.0 14
1717193893619 22555.0 15
1717193897677 22555.0 16
1717193901788 22555.0 17
1717193905775 22555.0 18
1717193909801 22555.0 19
1717193913708 22555.0 20
1717193917594 22555.0 21
1717193921612 22555.0 22
1717193925459 22555.0 23
1717193929338 22555.0 24
1717193933369 22555.0 25
1717193937363 22555.0 26
1717193941351 22555.0 27
1717193945389 22555.0 28
1717193949345 22555.0 29
1717193953289 22555.0 30
1717193957350 22555.0 31
1717193961402 22555.0 32
1717193965326 22555.0 33
1717193969251 22555.0 34
1717193973340 22555.0 35
1717193977402 22555.0 36
1717193981286 22555.0 37
1717193985196 22555.0 38
1717193989333 22555.0 39
1717193993411 22555.0 40
1717193997393 22555.0 41
1717194001393 22555.0 42
1717194005437 22555.0 43
1717194009466 22555.0 44
1717194013544 22555.0 45
1717194017524 22555.0 46
1717194021643 22555.0 47
1717194025675 22555.0 48
1717194029549 22555.0 49
1717194033660 22555.0 50
1717194037786 22555.0 51
1717194041787 22555.0 52
1717194045682 22555.0 53
1717194049557 22555.0 54
1717194053545 22555.0 55
1717194057596 22555.0 56
1717194061619 22555.0 57
1717194065668 22555.0 58
1717194069825 22555.0 59
1717194073753 22555.0 60
1717194077776 22555.0 61
1717194081788 22555.0 62
1717194085894 22555.0 63
1717194089950 22555.0 64
1717194093917 22555.0 65
1717194097793 22555.0 66
1717194101682 22555.0 67
1717194105814 22555.0 68
1717194109734 22555.0 69
1717194113939 22555.0 70
1717194117959 22555.0 71
1717194121913 22555.0 72
1717194125987 22555.0 73
1717194130086 22555.0 74
1717194133996 22555.0 75
1717194138115 22555.0 76
1717194142172 22555.0 77
1717194145996 22555.0 78
1717194150081 22555.0 79
1717194154028 22555.0 80
1717194158155 22555.0 81
1717194162221 22555.0 82
1717194166142 22555.0 83
1717194170194 22555.0 84
1717194174266 22555.0 85
1717194178139 22555.0 86
1717194182064 22555.0 87
1717194186202 22555.0 88
1717194190152 22555.0 89
1717194193990 22555.0 90
1717194198067 22555.0 91
1717194202049 22555.0 92
1717194206153 22555.0 93
1717194210183 22555.0 94
1717194214130 22555.0 95
1717194218211 22555.0 96
1717194222152 22555.0 97
1717194226370 22555.0 98
1717194230348 22555.0 99
