1717711784796 0.7805625483311263 1
1717711792573 0.8147791277838169 2
1717711800320 0.8317186624657589 3
1717711807696 0.8424332553450825 4
1717711815142 0.8529439544450711 5
1717711822696 0.8614486383375135 6
1717711830400 0.868916388478221 7
1717711838305 0.8749056426054843 8
1717711846506 0.8785044192723638 9
1717711854622 0.8816572830067829 10
1717711863130 0.884910444535378 11
1717711871290 0.8874365917851288 12
1717711879352 0.8901439544119296 13
1717711887781 0.8928030482581871 14
1717711895838 0.8950169887200917 15
1717711905478 0.8967889803562457 16
1717711914956 0.8989290410636531 17
1717711923259 0.9004060920134876 18
1717711931926 0.9013731013423151 19
1717711939374 0.9032015260040571 20
1717711946613 0.9044409900641605 21
1717711954688 0.9056912016831626 22
1717711962350 0.9063928298874021 23
1717711970129 0.9074021931483495 24
1717711978358 0.9082903796942907 25
1717711986457 0.9090004924671021 26
1717711993705 0.9098028005032052 27
1717712001650 0.9104924347093899 28
1717712009441 0.9111716578699156 29
1717712017051 0.9116650533474251 30
1717712024361 0.9122643249389301 31
1717712032188 0.9125894278449521 32
1717712039555 0.9136284281286641 33
1717712047140 0.9139758582509894 34
1717712054966 0.9143341713109331 35
1717712062779 0.9149522462168539 36
1717712070629 0.9154090879565254 37
1717712078679 0.9157173747889451 38
1717712087682 0.9161282225922565 39
1717712096474 0.9164230293725985 40
1717712104788 0.916948478582749 41
1717712113737 0.9173292456829151 42
1717712122646 0.9173875768615982 43
1717712130817 0.9178955699423498 44
1717712139038 0.9182827928844021 45
1717712147822 0.9183088405505103 46
1717712156609 0.9189866398533482 47
1717712164782 0.9191629770031673 48
1717712173361 0.9195277838179258 49
1717712182324 0.9191998303635068 50
1717712190999 0.9197579913405663 51
1717712199153 0.9201780330339392 52
1717712207682 0.9203256923499115 53
1717712216223 0.9207676213982534 54
1717712224390 0.9204860838741842 55
1717712232408 0.9213962042097862 56
1717712240889 0.9215147511734074 57
1717712249601 0.9221273335448407 58
1717712257896 0.922154743021575 59
1717712266013 0.9225311552224469 60
1717712274353 0.9225010456351199 61
1717712282886 0.9229607683886644 62
1717712291732 0.9229428596160628 63
1717712300494 0.9233019086550306 64
1717712309164 0.9234080054103515 65
1717712318020 0.9234589217321911 66
1717712327122 0.9239834758498077 67
1717712335093 0.9240264330641984 68
1717712342913 0.9239612757968063 69
1717712351212 0.9241927316685329 70
1717712359700 0.9244100896278101 71
1717712367873 0.9246048425328461 72
1717712375650 0.9247170291131415 73
1717712383507 0.9250211155459984 74
1717712391702 0.9248659095718432 75
1717712400165 0.9247117082244739 76
1717712408177 0.9255082065315707 77
1717712415444 0.9255721106452003 78
1717712422620 0.9254139085235961 79
1717712430478 0.9257779388579925 80
1717712437811 0.9251477872136932 81
1717712445202 0.9258414885018635 82
1717712452826 0.9263493045174825 83
1717712460451 0.9257156061649372 84
1717712467910 0.9261735084715956 85
1717712475871 0.9265821105436786 86
1717712483245 0.926657731140505 87
1717712491001 0.9263347249157844 88
1717712498408 0.9269595149872902 89
1717712506013 0.9270232882159747 90
1717712513779 0.9274162995336647 91
1717712521423 0.9269375515643312 92
1717712529173 0.9272552626842944 93
1717712536599 0.9276106794040143 94
1717712544146 0.9277538038983383 95
1717712551989 0.9272152070163202 96
1717712559562 0.9265702158501984 97
1717712566647 0.9281506530740816 98
1717712574511 0.92807330395914 99
