1717711784796 144013.0 1
1717711792573 144013.0 2
1717711800320 144013.0 3
1717711807696 144013.0 4
1717711815142 144013.0 5
1717711822696 144013.0 6
1717711830400 144013.0 7
1717711838305 144013.0 8
1717711846506 144013.0 9
1717711854622 144013.0 10
1717711863130 144013.0 11
1717711871290 144013.0 12
1717711879352 144013.0 13
1717711887781 144013.0 14
1717711895838 144013.0 15
1717711905478 144013.0 16
1717711914956 144013.0 17
1717711923259 144013.0 18
1717711931926 144013.0 19
1717711939374 144013.0 20
1717711946613 144013.0 21
1717711954688 144013.0 22
1717711962350 144013.0 23
1717711970129 144013.0 24
1717711978358 144013.0 25
1717711986457 144013.0 26
1717711993705 144013.0 27
1717712001650 144013.0 28
1717712009441 144013.0 29
1717712017051 144013.0 30
1717712024361 144013.0 31
1717712032188 144013.0 32
1717712039555 144013.0 33
1717712047140 144013.0 34
1717712054966 144013.0 35
1717712062779 144013.0 36
1717712070629 144013.0 37
1717712078679 144013.0 38
1717712087682 144013.0 39
1717712096474 144013.0 40
1717712104788 144013.0 41
1717712113737 144013.0 42
1717712122646 144013.0 43
1717712130817 144013.0 44
1717712139038 144013.0 45
1717712147822 144013.0 46
1717712156609 144013.0 47
1717712164782 144013.0 48
1717712173361 144013.0 49
1717712182324 144013.0 50
1717712190999 144013.0 51
1717712199153 144013.0 52
1717712207682 144013.0 53
1717712216223 144013.0 54
1717712224390 144013.0 55
1717712232408 144013.0 56
1717712240889 144013.0 57
1717712249601 144013.0 58
1717712257896 144013.0 59
1717712266013 144013.0 60
1717712274353 144013.0 61
1717712282886 144013.0 62
1717712291732 144013.0 63
1717712300494 144013.0 64
1717712309164 144013.0 65
1717712318020 144013.0 66
1717712327122 144013.0 67
1717712335093 144013.0 68
1717712342913 144013.0 69
1717712351212 144013.0 70
1717712359700 144013.0 71
1717712367873 144013.0 72
1717712375650 144013.0 73
1717712383507 144013.0 74
1717712391702 144013.0 75
1717712400165 144013.0 76
1717712408177 144013.0 77
1717712415444 144013.0 78
1717712422620 144013.0 79
1717712430478 144013.0 80
1717712437811 144013.0 81
1717712445202 144013.0 82
1717712452826 144013.0 83
1717712460451 144013.0 84
1717712467910 144013.0 85
1717712475871 144013.0 86
1717712483245 144013.0 87
1717712491001 144013.0 88
1717712498408 144013.0 89
1717712506013 144013.0 90
1717712513779 144013.0 91
1717712521423 144013.0 92
1717712529173 144013.0 93
1717712536599 144013.0 94
1717712544146 144013.0 95
1717712551989 144013.0 96
1717712559562 144013.0 97
1717712566647 144013.0 98
1717712574511 144013.0 99
