1717711784796 0.5902135968208313 1
1717711792573 0.6386530995368958 2
1717711800320 0.6611585021018982 3
1717711807696 0.675430953502655 4
1717711815142 0.6898954510688782 5
1717711822696 0.7021015882492065 6
1717711830400 0.7131683230400085 7
1717711838305 0.7225972414016724 8
1717711846506 0.7283698320388794 9
1717711854622 0.7335546016693115 10
1717711863130 0.7391936779022217 11
1717711871290 0.7436764240264893 12
1717711879352 0.748577892780304 13
1717711887781 0.7533535361289978 14
1717711895838 0.7571627497673035 15
1717711905478 0.7605878114700317 16
1717711914956 0.7646256685256958 17
1717711923259 0.7676551938056946 18
1717711931926 0.7696958184242249 19
1717711939374 0.773025393486023 20
1717711946613 0.7754959464073181 21
1717711954688 0.7782114744186401 22
1717711962350 0.7796759009361267 23
1717711970129 0.7817449569702148 24
1717711978358 0.7834183573722839 25
1717711986457 0.7848925590515137 26
1717711993705 0.7865647673606873 27
1717712001650 0.7880288362503052 28
1717712009441 0.7893384695053101 29
1717712017051 0.7904073596000671 30
1717712024361 0.7915738224983215 31
1717712032188 0.7922549843788147 32
1717712039555 0.7944387197494507 33
1717712047140 0.7949561476707458 34
1717712054966 0.7959578037261963 35
1717712062779 0.7974376082420349 36
1717712070629 0.7981114387512207 37
1717712078679 0.798936128616333 38
1717712087682 0.799851655960083 39
1717712096474 0.8005266189575195 40
1717712104788 0.8016505241394043 41
1717712113737 0.8025120496749878 42
1717712122646 0.8025467991828918 43
1717712130817 0.8037517666816711 44
1717712139038 0.8045188784599304 45
1717712147822 0.8044095039367676 46
1717712156609 0.8059337735176086 47
1717712164782 0.806291401386261 48
1717712173361 0.8070918917655945 49
1717712182324 0.8063831925392151 50
1717712190999 0.8077105283737183 51
1717712199153 0.808405339717865 52
1717712207682 0.8089723587036133 53
1717712216223 0.809799313545227 54
1717712224390 0.8091298341751099 55
1717712232408 0.8111177682876587 56
1717712240889 0.8112890720367432 57
1717712249601 0.8127555251121521 58
1717712257896 0.8130061626434326 59
1717712266013 0.8136175870895386 60
1717712274353 0.8135684728622437 61
1717712282886 0.814463198184967 62
1717712291732 0.8145248293876648 63
1717712300494 0.8152249455451965 64
1717712309164 0.8155637979507446 65
1717712318020 0.8155912160873413 66
1717712327122 0.8168266415596008 67
1717712335093 0.8168763518333435 68
1717712342913 0.8167980909347534 69
1717712351212 0.817234992980957 70
1717712359700 0.8178138732910156 71
1717712367873 0.8181856870651245 72
1717712375650 0.8184066414833069 73
1717712383507 0.8190259337425232 74
1717712391702 0.8187089562416077 75
1717712400165 0.8185293674468994 76
1717712408177 0.8200140595436096 77
1717712415444 0.8204861283302307 78
1717712422620 0.8200376033782959 79
1717712430478 0.8208799958229065 80
1717712437811 0.8193589448928833 81
1717712445202 0.8207002282142639 82
1717712452826 0.8220005631446838 83
1717712460451 0.820591151714325 84
1717712467910 0.8215524554252625 85
1717712475871 0.8224554657936096 86
1717712483245 0.8227640986442566 87
1717712491001 0.8219045996665955 88
1717712498408 0.8233824372291565 89
1717712506013 0.8235032558441162 90
1717712513779 0.8243569731712341 91
1717712521423 0.8233156204223633 92
1717712529173 0.8239254951477051 93
1717712536599 0.8247109651565552 94
1717712544146 0.8249582052230835 95
1717712551989 0.8237475156784058 96
1717712559562 0.8222042918205261 97
1717712566647 0.8260747194290161 98
1717712574511 0.82562655210495 99
