1717334633369 147389.0 1
1717334636923 119987.0 2
1717334640614 100095.0 3
1717334644330 87656.0 4
1717334648053 79526.0 5
1717334651873 71833.0 6
1717334656364 65841.0 7
1717334660102 61583.0 8
1717334663847 57792.0 9
1717334667590 55805.0 10
1717334671319 52886.0 11
1717334675075 51260.0 12
1717334678801 48596.0 13
1717334682550 47520.0 14
1717334686357 46141.0 15
1717334690938 45817.0 16
1717334694653 44959.0 17
1717334698372 44941.0 18
1717334702145 44318.0 19
1717334705903 43225.0 20
1717334709645 42833.0 21
1717334713855 42462.0 22
1717334717760 42220.0 23
1717334721533 41686.0 24
1717334725299 41522.0 25
1717334729073 41023.0 26
1717334732839 40619.0 27
1717334736619 40749.0 28
1717334740395 40072.0 29
1717334744831 39519.0 30
1717334748773 39393.0 31
1717334752577 39186.0 32
1717334756301 39274.0 33
1717334760067 39034.0 34
1717334763881 38426.0 35
1717334767610 38178.0 36
1717334771958 38381.0 37
1717334775782 37987.0 38
1717334779585 37530.0 39
1717334783348 37370.0 40
1717334787138 37364.0 41
1717334790898 37232.0 42
1717334794675 36971.0 43
1717334798458 36709.0 44
1717334803540 36457.0 45
1717334807447 36290.0 46
1717334811222 36119.0 47
1717334814956 35994.0 48
1717334818737 36026.0 49
1717334822574 35987.0 50
1717334826375 35946.0 51
1717334830151 36083.0 52
1717334834662 37209.0 53
1717334838558 36605.0 54
1717334842257 36489.0 55
1717334846025 35370.0 56
1717334849804 35423.0 57
1717334853571 34983.0 58
1717334857334 34949.0 59
1717334861100 35000.0 60
1717334865465 34954.0 61
1717334869232 34717.0 62
1717334872995 34667.0 63
1717334876838 34446.0 64
1717334880628 34367.0 65
1717334884402 34311.0 66
1717334888232 34361.0 67
1717334892058 34181.0 68
1717334895849 34424.0 69
1717334899630 34523.0 70
1717334903390 34494.0 71
1717334907148 34420.0 72
1717334910865 34290.0 73
1717334914610 34134.0 74
1717334918368 34132.0 75
1717334922705 34505.0 76
1717334926590 34784.0 77
1717334930350 34460.0 78
1717334934053 34688.0 79
1717334937813 33750.0 80
1717334941581 34229.0 81
1717334945289 34218.0 82
1717334949055 34487.0 83
1717334952839 35146.0 84
1717334957500 35236.0 85
1717334961251 34671.0 86
1717334965020 33923.0 87
1717334968771 33925.0 88
1717334972530 33644.0 89
1717334976295 33635.0 90
1717334980004 34002.0 91
1717334983755 34002.0 92
1717334988187 33479.0 93
1717334992176 33389.0 94
1717334995873 32994.0 95
1717334999645 33149.0 96
1717335003390 33209.0 97
1717335007103 33695.0 98
1717335010891 33391.0 99
