1717343571234 180778.0 1
1717343573545 207123.0 2
1717343575822 222077.0 3
1717343578137 223826.0 4
1717343580438 235378.0 5
1717343582706 242037.0 6
1717343585011 246331.0 7
1717343587441 249100.0 8
1717343590059 250232.0 9
1717343592888 253530.0 10
1717343595240 256511.0 11
1717343597628 258183.0 12
1717343599995 259413.0 13
1717343602578 259629.0 14
1717343604926 260002.0 15
1717343607308 260307.0 16
1717343609681 260569.0 17
1717343612035 260831.0 18
1717343614396 260939.0 19
1717343616770 260912.0 20
1717343619125 261011.0 21
1717343621487 260917.0 22
1717343623859 260833.0 23
1717343626233 260929.0 24
1717343628625 260971.0 25
1717343631321 260837.0 26
1717343633992 260803.0 27
1717343636647 261226.0 28
1717343639076 262049.0 29
1717343641478 261076.0 30
1717343643879 262374.0 31
1717343647782 261867.0 32
1717343650359 262048.0 33
1717343652819 262235.0 34
1717343655270 261995.0 35
1717343657950 262059.0 36
1717343660370 262361.0 37
1717343662784 262400.0 38
1717343665217 262489.0 39
1717343667646 262489.0 40
1717343670064 262479.0 41
1717343672445 262702.0 42
1717343674862 262854.0 43
1717343677311 262891.0 44
1717343679869 262826.0 45
1717343682288 262887.0 46
1717343684670 262847.0 47
1717343687093 262884.0 48
1717343689488 262997.0 49
1717343691880 263164.0 50
1717343694319 263176.0 51
1717343696708 263044.0 52
1717343699112 263210.0 53
1717343701509 263310.0 54
1717343703978 263226.0 55
1717343706458 263525.0 56
1717343708929 263344.0 57
1717343711322 264233.0 58
1717343713709 262475.0 59
1717343716152 262985.0 60
1717343718551 263878.0 61
1717343720998 263614.0 62
1717343723399 264022.0 63
1717343725839 263816.0 64
1717343728230 264141.0 65
1717343730603 264173.0 66
1717343733051 263711.0 67
1717343735510 264209.0 68
1717343737905 264613.0 69
1717343740324 264284.0 70
1717343742713 264651.0 71
1717343745130 264389.0 72
1717343747531 264171.0 73
1717343749934 264957.0 74
1717343752355 264300.0 75
1717343754803 264383.0 76
1717343757195 264829.0 77
1717343759593 264082.0 78
1717343762250 264276.0 79
1717343764676 264842.0 80
1717343767192 263940.0 81
1717343769628 265314.0 82
1717343772313 264363.0 83
1717343774822 264232.0 84
1717343778196 264097.0 85
1717343781294 264180.0 86
1717343784297 264285.0 87
1717343787454 262940.0 88
1717343790173 264417.0 89
1717343792763 263323.0 90
1717343795772 263696.0 91
1717343798460 262625.0 92
1717343800965 265149.0 93
1717343803523 264223.0 94
1717343806116 263953.0 95
1717343808601 264589.0 96
1717343811095 264322.0 97
1717343813555 265301.0 98
1717343816155 265443.0 99
