1717343571234 0.7382403608184925 1
1717343573545 0.8204294014767768 2
1717343575822 0.8545223588430114 3
1717343578137 0.8647093957554954 4
1717343580438 0.8907044118321458 5
1717343582706 0.9067746120342186 6
1717343585011 0.9151642087425996 7
1717343587441 0.9209837390018553 8
1717343590059 0.9240157960114933 9
1717343592888 0.9304635391794401 10
1717343595240 0.93652313401152 11
1717343597628 0.9398605222095521 12
1717343599995 0.9423197123808205 13
1717343602578 0.9430108766816688 14
1717343604926 0.9439490136416231 15
1717343607308 0.9444990515734359 16
1717343609681 0.9451033059133044 17
1717343612035 0.9456861347236571 18
1717343614396 0.9459076039995146 19
1717343616770 0.9459825567312642 20
1717343619125 0.946163751711324 21
1717343621487 0.9461058549571094 22
1717343623859 0.9458222945488682 23
1717343626233 0.945955809966561 24
1717343628625 0.9459396282827238 25
1717343631321 0.9459179194256151 26
1717343633992 0.9455635023584997 27
1717343636647 0.9462673037622248 28
1717343639076 0.9482238757795967 29
1717343641478 0.9470216823961921 30
1717343643879 0.9491121143048896 31
1717343647782 0.9484506585751298 32
1717343650359 0.9487551896566396 33
1717343652819 0.9491091269426037 34
1717343655270 0.9489312681866091 35
1717343657950 0.9489939434606866 36
1717343660370 0.949535548863962 37
1717343662784 0.9496581479843915 38
1717343665217 0.9498484658392775 39
1717343667646 0.9498484534120436 40
1717343670064 0.949846689452748 41
1717343672445 0.9501430577685831 42
1717343674862 0.9504126206589041 43
1717343677311 0.9505434012840562 44
1717343679869 0.950683029845547 45
1717343682288 0.9510808276260609 46
1717343684670 0.9511303161791272 47
1717343687093 0.9512001023137903 48
1717343689488 0.9512924699622884 49
1717343691880 0.9515740270651339 50
1717343694319 0.951631997801604 51
1717343696708 0.951460701637082 52
1717343699112 0.9514190477349469 53
1717343701509 0.9515313756928064 54
1717343703978 0.9515541960042032 55
1717343706458 0.9521976231904951 56
1717343708929 0.9515173619632712 57
1717343711322 0.9526096979071644 58
1717343713709 0.9510851180699065 59
1717343716152 0.95128438963525 60
1717343718551 0.9528223896151325 61
1717343720998 0.952383501541094 62
1717343723399 0.953390195649195 63
1717343725839 0.9526876190523944 64
1717343728230 0.9535602343195393 65
1717343730603 0.9536438531621636 66
1717343733051 0.9533708789706016 67
1717343735510 0.9535600560504266 68
1717343737905 0.9544732856172687 69
1717343740324 0.9535624349833295 70
1717343742713 0.9544058703010042 71
1717343745130 0.9539525633026008 72
1717343747531 0.9537664945087493 73
1717343749934 0.9547378757857456 74
1717343752355 0.9545289022815576 75
1717343754803 0.9539835194627415 76
1717343757195 0.9547552381376905 77
1717343759593 0.9540221219581652 78
1717343762250 0.9537896191719794 79
1717343764676 0.9553056205123518 80
1717343767192 0.953857105704705 81
1717343769628 0.9560352620475332 82
1717343772313 0.9547066682616266 83
1717343774822 0.9547303789176041 84
1717343778196 0.9543017504084549 85
1717343781294 0.9541794555931518 86
1717343784297 0.9543787532237115 87
1717343787454 0.952499784823833 88
1717343790173 0.9544436420056523 89
1717343792763 0.9526414904873055 90
1717343795772 0.9528534756413352 91
1717343798460 0.950886173142565 92
1717343800965 0.9541578639868733 93
1717343803523 0.9527953932032082 94
1717343806116 0.9528678044182671 95
1717343808601 0.9547936282004308 96
1717343811095 0.9545206195403145 97
1717343813555 0.9556690500965023 98
1717343816155 0.9558962735282694 99
