1717343571234 0.6811634612539675 1
1717343573545 0.8112770279422081 2
1717343575822 0.8384743846245811 3
1717343578137 0.8885597869014498 4
1717343580438 0.9050326155161529 5
1717343582706 0.9182532652244103 6
1717343585011 0.9225381674557521 7
1717343587441 0.9249793347451457 8
1717343590059 0.9317255112136626 9
1717343592888 0.9336520827065992 10
1717343595240 0.9347536292750467 11
1717343597628 0.9368875031688895 12
1717343599995 0.9398723528540206 13
1717343602578 0.9426907080803408 14
1717343604926 0.9446648713663836 15
1717343607308 0.9445263388712123 16
1717343609681 0.944411717508534 17
1717343612035 0.9452772850007346 18
1717343614396 0.94550197274329 19
1717343616770 0.9472588901291056 20
1717343619125 0.947322918006849 21
1717343621487 0.9487598217371209 22
1717343623859 0.9479478650290051 23
1717343626233 0.9471887876135737 24
1717343628625 0.946489912007948 25
1717343631321 0.9492489517302923 26
1717343633992 0.9471802654074005 27
1717343636647 0.9492462098744442 28
1717343639076 0.9513814282365711 29
1717343641478 0.9533857677777237 30
1717343643879 0.9519933550993082 31
1717343647782 0.9555912590996745 32
1717343650359 0.9564682225436311 33
1717343652819 0.9566096665540316 34
1717343655270 0.9584356137305825 35
1717343657950 0.9589989286203359 36
1717343660370 0.9596070175365715 37
1717343662784 0.9600335805979129 38
1717343665217 0.960402833959412 39
1717343667646 0.9610557607287307 40
1717343670064 0.9629005191025896 41
1717343672445 0.9628295055982627 42
1717343674862 0.9627016112240157 43
1717343677311 0.9622498980983228 44
1717343679869 0.9628180116792461 45
1717343682288 0.9628733994929151 46
1717343684670 0.9631663907584643 47
1717343687093 0.9638534021542158 48
1717343689488 0.9645860825821423 49
1717343691880 0.9657675033363304 50
1717343694319 0.967430877594042 51
1717343696708 0.9691472292645162 52
1717343699112 0.9667126330728133 53
1717343701509 0.9640811147781587 54
1717343703978 0.9649691942511721 55
1717343706458 0.9650442672108397 56
1717343708929 0.9650680857857971 57
1717343711322 0.9620248754963363 58
1717343713709 0.9691561045291637 59
1717343716152 0.9678145094144971 60
1717343718551 0.9695560610609518 61
1717343720998 0.9696203937780202 62
1717343723399 0.9684478653649278 63
1717343725839 0.9697649977230923 64
1717343728230 0.9698354020546969 65
1717343730603 0.9688321845581835 66
1717343733051 0.9715830347234053 67
1717343735510 0.9718363793624223 68
1717343737905 0.969070207535392 69
1717343740324 0.9694232224533155 70
1717343742713 0.9688405618609129 71
1717343745130 0.9703155856486054 72
1717343747531 0.9712370288442503 73
1717343749934 0.9676551071964455 74
1717343752355 0.970535834302049 75
1717343754803 0.9690576338223936 76
1717343757195 0.96690991663481 77
1717343759593 0.9703999079211025 78
1717343762250 0.9725936040764428 79
1717343764676 0.9688256441756569 80
1717343767192 0.973792539831131 81
1717343769628 0.9695546834337314 82
1717343772313 0.9697274315483835 83
1717343774822 0.9720120356092196 84
1717343778196 0.9703571246822571 85
1717343781294 0.970535511622653 86
1717343784297 0.9640325077586721 87
1717343787454 0.9724327059254294 88
1717343790173 0.9653007917091292 89
1717343792763 0.9693768075789863 90
1717343795772 0.9694028100463049 91
1717343798460 0.9653653051077615 92
1717343800965 0.959899028856606 93
1717343803523 0.967474528213942 94
1717343806116 0.970665365142392 95
1717343808601 0.9723762893754858 96
1717343811095 0.9766742370182399 97
1717343813555 0.9741635358297766 98
1717343816155 0.9747422120728686 99
