1717443670198 0.4258556007385407 1
1717443672909 0.1496121162880452 2
1717443675650 0.012947005833538647 3
1717443678400 0.014440364145520395 4
1717443681080 0.052797991539580515 5
1717443683765 0.06743723812474946 6
1717443686541 0.07543088176155889 7
1717443689347 0.09367303169710219 8
1717443692105 0.10642182687260822 9
1717443694764 0.11380902332470982 10
1717443697487 0.123779279269846 11
1717443700190 0.12232496044128482 12
1717443702891 0.12055350921123759 13
1717443705645 0.13310536628625863 14
1717443708405 0.15311940376324407 15
1717443711113 0.15408200080334858 16
1717443713796 0.16196289690144602 17
1717443716465 0.15303132928643598 18
1717443719186 0.1706495085879565 19
1717443721942 0.1862020286449267 20
1717443724661 0.18649300184670067 21
1717443727763 0.19198371896526767 22
1717443730451 0.1782623658122019 23
1717443733148 0.1680459585004053 24
1717443735910 0.17450995088061147 25
1717443738662 0.17510310012477318 26
1717443741372 0.16400586675619713 27
1717443744177 0.16140699356087895 28
1717443746898 0.1668977076072085 29
1717443749636 0.18275778809508664 30
1717443752926 0.1814432461022499 31
1717443756335 0.15738611806096459 32
1717443759077 0.16509752451956256 33
1717443761779 0.18595480019030752 34
1717443764514 0.1866172768319257 35
1717443767254 0.18582859874973323 36
1717443770010 0.1887434026715843 37
1717443772771 0.16263721057135508 38
1717443775537 0.1868492871074039 39
1717443778325 0.17436818355846945 40
1717443781221 0.17450558443250103 41
1717443783983 0.18280583028845632 42
1717443786700 0.186110963166381 43
1717443789522 0.19683184603112353 44
1717443792369 0.18238283666658864 45
1717443795134 0.19007677387048433 46
1717443797866 0.1953452546524563 47
1717443800611 0.19591082654478614 48
1717443803328 0.19129768953206677 49
1717443806169 0.1976302202279081 50
1717443808899 0.1986115291980477 51
1717443811695 0.19706334514224816 52
1717443814473 0.20357868228452153 53
1717443817286 0.20154461029863152 54
1717443820058 0.20167154433795612 55
1717443822785 0.2043651040011504 56
1717443825517 0.20044409540414518 57
1717443828236 0.1928590752613932 58
1717443830971 0.20017288778605605 59
1717443833794 0.20341179070737134 60
1717443836543 0.19169340749825617 61
1717443839240 0.19298785898805892 62
1717443842030 0.20380785344473087 63
1717443844773 0.21432569446676125 64
1717443847564 0.19958786416418295 65
1717443850313 0.19396809459370862 66
1717443853062 0.2037218613301997 67
1717443855796 0.19205930337689672 68
1717443858509 0.19279221840660374 69
1717443861234 0.18971912038205707 70
1717443863970 0.20056742937512476 71
1717443866764 0.19963111937001138 72
1717443869490 0.1917779745025113 73
1717443872259 0.16507796009551087 74
1717443874993 0.17330772123792912 75
1717443878315 0.1820946934449539 76
1717443881893 0.15580385666761343 77
1717443885290 0.199730009650634 78
1717443887985 0.15771648533660962 79
1717443890710 0.17560274419676508 80
1717443893428 0.1944157056952438 81
1717443896180 0.19203896723226713 82
1717443898908 0.1770238235849061 83
1717443901679 0.1641533825087518 84
1717443904451 0.16259689735387667 85
1717443907177 0.17884549572421143 86
1717443909891 0.18356681876442635 87
1717443912638 0.1808450945713219 88
1717443915406 0.1799841181535855 89
1717443918146 0.1965779223709537 90
1717443920841 0.2049932647276921 91
1717443923594 0.21202404374274628 92
1717443926311 0.21497025291054128 93
1717443929052 0.1816969350844109 94
1717443931830 0.1998513596704098 95
1717443934567 0.18833255353720063 96
1717443937327 0.19151803453257224 97
1717443940038 0.22022878893135805 98
1717443942819 0.18853881570023998 99
