1717522910297 21488.0 1
1717522913386 21488.0 2
1717522916473 21488.0 3
1717522919524 21488.0 4
1717522922632 21488.0 5
1717522925690 21488.0 6
1717522928833 21488.0 7
1717522931945 21488.0 8
1717522935076 21488.0 9
1717522938224 21488.0 10
1717522941375 21488.0 11
1717522944508 21488.0 12
1717522947660 21488.0 13
1717522950765 21488.0 14
1717522953869 21488.0 15
1717522957027 21488.0 16
1717522960188 21488.0 17
1717522963384 21488.0 18
1717522966747 21488.0 19
1717522969863 21488.0 20
1717522973022 21488.0 21
1717522976123 21488.0 22
1717522979276 21488.0 23
1717522982391 21488.0 24
1717522985528 21488.0 25
1717522988690 21488.0 26
1717522991795 21488.0 27
1717522994909 21488.0 28
1717522998081 21488.0 29
1717523001236 21488.0 30
1717523004404 21488.0 31
1717523007568 21488.0 32
1717523010782 21488.0 33
1717523014067 21488.0 34
1717523017176 21488.0 35
1717523020330 21488.0 36
1717523023476 21488.0 37
1717523026775 21488.0 38
1717523029892 21488.0 39
1717523033046 21488.0 40
1717523036305 21488.0 41
1717523039411 21488.0 42
1717523042591 21488.0 43
1717523046047 21488.0 44
1717523049927 21488.0 45
1717523053753 21488.0 46
1717523057364 21488.0 47
1717523060734 21488.0 48
1717523064166 21488.0 49
1717523067388 21488.0 50
1717523070641 21488.0 51
1717523074260 21488.0 52
1717523078428 21488.0 53
1717523082024 21488.0 54
1717523085183 21488.0 55
1717523088299 21488.0 56
1717523091481 21488.0 57
1717523094813 21488.0 58
1717523098077 21488.0 59
1717523101357 21488.0 60
1717523104408 21488.0 61
1717523108047 21488.0 62
1717523111450 21488.0 63
1717523114408 21488.0 64
1717523117502 21488.0 65
1717523120403 21488.0 66
1717523123291 21488.0 67
1717523126205 21488.0 68
1717523129128 21488.0 69
1717523132004 21488.0 70
1717523134902 21488.0 71
1717523137798 21488.0 72
1717523140722 21488.0 73
1717523143625 21488.0 74
1717523146489 21488.0 75
1717523149369 21488.0 76
1717523152288 21488.0 77
1717523155239 21488.0 78
1717523158143 21488.0 79
1717523160998 21488.0 80
1717523163912 21488.0 81
1717523166807 21488.0 82
1717523169728 21488.0 83
1717523172609 21488.0 84
1717523175478 21488.0 85
1717523178376 21488.0 86
1717523181299 21488.0 87
1717523184164 21488.0 88
1717523187037 21488.0 89
1717523189881 21488.0 90
1717523192799 21488.0 91
1717523195696 21488.0 92
1717523198539 21488.0 93
1717523201437 21488.0 94
1717523204313 21488.0 95
1717523207240 21488.0 96
1717523210191 21488.0 97
1717523213111 21488.0 98
1717523215985 21488.0 99
