1717522910297 54160.0 1
1717522913386 54160.0 2
1717522916473 54160.0 3
1717522919524 54160.0 4
1717522922632 54160.0 5
1717522925690 54160.0 6
1717522928833 54160.0 7
1717522931945 54160.0 8
1717522935076 54160.0 9
1717522938224 54160.0 10
1717522941375 54160.0 11
1717522944508 54160.0 12
1717522947660 54160.0 13
1717522950765 54160.0 14
1717522953869 54160.0 15
1717522957027 54160.0 16
1717522960188 54160.0 17
1717522963384 54160.0 18
1717522966747 54160.0 19
1717522969863 54160.0 20
1717522973022 54160.0 21
1717522976123 54160.0 22
1717522979276 54160.0 23
1717522982391 54160.0 24
1717522985528 54160.0 25
1717522988690 54160.0 26
1717522991795 54160.0 27
1717522994909 54160.0 28
1717522998081 54160.0 29
1717523001236 54160.0 30
1717523004404 54160.0 31
1717523007568 54160.0 32
1717523010782 54160.0 33
1717523014067 54160.0 34
1717523017176 54160.0 35
1717523020330 54160.0 36
1717523023476 54160.0 37
1717523026775 54160.0 38
1717523029892 54160.0 39
1717523033046 54160.0 40
1717523036305 54160.0 41
1717523039411 54160.0 42
1717523042591 54160.0 43
1717523046047 54160.0 44
1717523049927 54160.0 45
1717523053753 54160.0 46
1717523057364 54160.0 47
1717523060734 54160.0 48
1717523064166 54160.0 49
1717523067388 54160.0 50
1717523070641 54160.0 51
1717523074260 54160.0 52
1717523078428 54160.0 53
1717523082024 54160.0 54
1717523085183 54160.0 55
1717523088299 54160.0 56
1717523091481 54160.0 57
1717523094813 54160.0 58
1717523098077 54160.0 59
1717523101357 54160.0 60
1717523104408 54160.0 61
1717523108047 54160.0 62
1717523111450 54160.0 63
1717523114408 54160.0 64
1717523117502 54160.0 65
1717523120403 54160.0 66
1717523123291 54160.0 67
1717523126205 54160.0 68
1717523129128 54160.0 69
1717523132004 54160.0 70
1717523134902 54160.0 71
1717523137798 54160.0 72
1717523140722 54160.0 73
1717523143625 54160.0 74
1717523146489 54160.0 75
1717523149369 54160.0 76
1717523152288 54160.0 77
1717523155239 54160.0 78
1717523158143 54160.0 79
1717523160998 54160.0 80
1717523163912 54160.0 81
1717523166807 54160.0 82
1717523169728 54160.0 83
1717523172609 54160.0 84
1717523175478 54160.0 85
1717523178376 54160.0 86
1717523181299 54160.0 87
1717523184164 54160.0 88
1717523187037 54160.0 89
1717523189881 54160.0 90
1717523192799 54160.0 91
1717523195696 54160.0 92
1717523198539 54160.0 93
1717523201437 54160.0 94
1717523204313 54160.0 95
1717523207240 54160.0 96
1717523210191 54160.0 97
1717523213111 54160.0 98
1717523215985 54160.0 99
