1717095146176 0.8442179157812988 1
1717095149077 0.8516557054209073 2
1717095152018 0.854705948342051 3
1717095155127 0.8528716441076474 4
1717095158071 0.8567345313130268 5
1717095160961 0.8595444028936872 6
1717095163851 0.8612402987603593 7
1717095166768 0.8623306336351606 8
1717095169657 0.8620506484167407 9
1717095172521 0.8630412545004269 10
1717095175433 0.865473238046816 11
1717095178332 0.8679454529998916 12
1717095181227 0.8675074326570817 13
1717095184081 0.8677532325444198 14
1717095186997 0.8683246235852201 15
1717095189860 0.8688997058327913 16
1717095192730 0.8686516448196498 17
1717095195639 0.870050060427633 18
1717095198559 0.868307570133274 19
1717095201454 0.8694554404337228 20
1717095204362 0.8681140627163269 21
1717095207286 0.867089577711441 22
1717095210163 0.8680433123126683 23
1717095213391 0.8704117914986638 24
1717095216255 0.8689188539484816 25
1717095219126 0.8709012712616232 26
1717095222061 0.870513076201591 27
1717095224955 0.8706094957054009 28
1717095227819 0.8688460674969599 29
1717095230711 0.8673891395840809 30
1717095234557 0.8669383119689784 31
1717095237658 0.8687592346488805 32
1717095240536 0.8677723833448034 33
1717095243430 0.8665938108231377 34
1717095246277 0.8668055133796888 35
1717095249166 0.8674824251775229 36
1717095252082 0.8696914833477241 37
1717095254983 0.8672734236810924 38
1717095257914 0.8669983200724866 39
1717095260798 0.8685952103109527 40
1717095263710 0.86961207103644 41
1717095266615 0.8688032805373886 42
1717095269521 0.8685978904010563 43
1717095272601 0.8679444973401814 44
1717095275477 0.8674628189119125 45
1717095278388 0.8679183319050414 46
1717095281267 0.8688456699755062 47
1717095284156 0.8677804560527544 48
1717095287038 0.8669635049332907 49
1717095289976 0.8696529903767594 50
1717095292919 0.8668988132075377 51
1717095295788 0.8677430209098813 52
1717095298686 0.8711065077869345 53
1717095301666 0.8682010509760609 54
1717095304448 0.8671682665629897 55
1717095307269 0.869417665707452 56
1717095310109 0.8692102572365057 57
1717095312894 0.8677900548673698 58
1717095315723 0.8687402758232584 59
1717095318539 0.868645052599432 60
1717095321361 0.8693398984528005 61
1717095324231 0.8728111885327268 62
1717095327071 0.8713006141081286 63
1717095329889 0.8708907443146099 64
1717095332725 0.8687117525632 65
1717095335509 0.8685940084272219 66
1717095338315 0.8702164125657689 67
1717095341114 0.868924436801348 68
1717095343887 0.8698642987596453 69
1717095346660 0.8725515535335662 70
1717095349530 0.8714076837133017 71
1717095352317 0.8715157483383391 72
1717095355094 0.8710710813860912 73
1717095358901 0.8719508882380074 74
1717095362314 0.8727672380961125 75
1717095365084 0.8728182270384085 76
1717095367955 0.873999720243941 77
1717095370760 0.8734396800292219 78
1717095373557 0.8740676281750319 79
1717095376339 0.8721181019972114 80
1717095379159 0.8735988346446839 81
1717095381925 0.8737944732492234 82
1717095384724 0.873270351071429 83
1717095387563 0.8720734462787353 84
1717095390314 0.8730345882453237 85
1717095393099 0.8728456022742049 86
1717095395811 0.8773733426825374 87
1717095398570 0.8808373177287037 88
1717095401291 0.8845148862498947 89
1717095404041 0.8861829544255205 90
1717095406768 0.8877556022621661 91
1717095409464 0.8882739335819434 92
1717095412176 0.8865049005851786 93
1717095414891 0.8888826518616493 94
1717095417676 0.8907305298555632 95
1717095420355 0.8900359811622995 96
1717095423049 0.8918343843299664 97
1717095425666 0.8906131383470807 98
1717095428312 0.898712587381374 99
