1717227735155 25507.0 1
1717227735804 25507.0 2
1717227736469 25507.0 3
1717227737129 25507.0 4
1717227737811 25507.0 5
1717227738486 25507.0 6
1717227739150 25507.0 7
1717227739857 25507.0 8
1717227740518 25507.0 9
1717227741211 25507.0 10
1717227741893 25507.0 11
1717227742560 25507.0 12
1717227743233 25507.0 13
1717227743902 25507.0 14
1717227744573 25507.0 15
1717227745252 25507.0 16
1717227745918 25507.0 17
1717227746613 25507.0 18
1717227747327 25507.0 19
1717227748044 25507.0 20
1717227748751 25507.0 21
1717227749452 25507.0 22
1717227750146 25507.0 23
1717227750828 25507.0 24
1717227751508 25507.0 25
1717227752168 25507.0 26
1717227752876 25507.0 27
1717227753563 25507.0 28
1717227754249 25507.0 29
1717227754937 25507.0 30
1717227755625 25507.0 31
1717227756327 25507.0 32
1717227756999 25507.0 33
1717227757673 25507.0 34
1717227758341 25507.0 35
1717227759021 25507.0 36
1717227759697 25507.0 37
1717227760401 25507.0 38
1717227761085 25507.0 39
1717227761768 25507.0 40
1717227762439 25507.0 41
1717227763099 25507.0 42
1717227763775 25507.0 43
1717227764446 25507.0 44
1717227765140 25507.0 45
1717227765818 25507.0 46
1717227766493 25507.0 47
1717227767189 25507.0 48
1717227767863 25507.0 49
1717227768534 25507.0 50
1717227769231 25507.0 51
1717227769911 25507.0 52
1717227770579 25507.0 53
1717227771253 25507.0 54
1717227771927 25507.0 55
1717227772611 25507.0 56
1717227773293 25507.0 57
1717227773984 25507.0 58
1717227774654 25507.0 59
1717227775324 25507.0 60
1717227775991 25507.0 61
1717227776691 25507.0 62
1717227777387 25507.0 63
1717227778084 25507.0 64
1717227778782 25507.0 65
1717227779480 25507.0 66
1717227780171 25507.0 67
1717227780855 25507.0 68
1717227781544 25507.0 69
1717227782247 25507.0 70
1717227782938 25507.0 71
1717227783623 25507.0 72
1717227784302 25507.0 73
1717227784995 25507.0 74
1717227785707 25507.0 75
1717227786380 25507.0 76
1717227787064 25507.0 77
1717227787750 25507.0 78
1717227788425 25507.0 79
1717227789112 25507.0 80
1717227789876 25507.0 81
1717227790583 25507.0 82
1717227791258 25507.0 83
1717227791952 25507.0 84
1717227792636 25507.0 85
1717227793339 25507.0 86
1717227794029 25507.0 87
1717227794691 25507.0 88
1717227795402 25507.0 89
1717227796090 25507.0 90
1717227796812 25507.0 91
1717227797498 25507.0 92
1717227798189 25507.0 93
1717227798876 25507.0 94
1717227799539 25507.0 95
1717227800209 25507.0 96
1717227800903 25507.0 97
1717227801585 25507.0 98
1717227802251 25507.0 99
