1717519011520 51034.0 1
1717519015021 60464.0 2
1717519018438 53105.0 3
1717519021997 56648.0 4
1717519025956 61463.0 5
1717519029388 58937.0 6
1717519033367 56078.0 7
1717519037042 58012.0 8
1717519040560 60173.0 9
1717519044117 62727.0 10
1717519047642 61076.0 11
1717519051129 58128.0 12
1717519054714 58105.0 13
1717519058250 59980.0 14
1717519061806 58649.0 15
1717519065252 56840.0 16
1717519068885 61011.0 17
1717519072304 60678.0 18
1717519077769 60439.0 19
1717519080632 59203.0 20
1717519083779 58098.0 21
1717519087284 56966.0 22
1717519090818 59066.0 23
1717519094652 59308.0 24
1717519098996 57259.0 25
1717519102509 56338.0 26
1717519106028 56472.0 27
1717519109519 54277.0 28
1717519113041 55781.0 29
1717519116611 59826.0 30
1717519120167 56707.0 31
1717519123730 56004.0 32
1717519127562 56907.0 33
1717519131090 56498.0 34
1717519134614 55166.0 35
1717519138132 52695.0 36
1717519141793 55473.0 37
1717519145351 53225.0 38
1717519148877 54247.0 39
1717519152448 52696.0 40
1717519155998 53923.0 41
1717519159581 55621.0 42
1717519163332 54281.0 43
1717519167122 50570.0 44
1717519170732 52752.0 45
1717519174357 53252.0 46
1717519178033 51982.0 47
1717519181684 51744.0 48
1717519185293 52613.0 49
1717519188971 52916.0 50
1717519192723 51616.0 51
1717519196434 53064.0 52
1717519200109 53255.0 53
1717519203767 54538.0 54
1717519207391 53577.0 55
1717519211063 57559.0 56
1717519214717 57926.0 57
1717519218535 54673.0 58
1717519222189 55201.0 59
1717519225822 54260.0 60
1717519229506 56726.0 61
1717519233173 58428.0 62
1717519236771 56537.0 63
1717519240474 58936.0 64
1717519244167 59855.0 65
1717519247853 58163.0 66
1717519251538 58965.0 67
1717519255194 59252.0 68
1717519258893 59182.0 69
1717519262664 59812.0 70
1717519266354 59928.0 71
1717519270035 61355.0 72
1717519273764 59884.0 73
1717519277415 62492.0 74
1717519281097 61972.0 75
1717519284750 61326.0 76
1717519288455 61720.0 77
1717519292095 61312.0 78
1717519295748 60772.0 79
1717519299421 62277.0 80
1717519303426 61118.0 81
1717519308340 58962.0 82
1717519312770 58992.0 83
1717519317380 59632.0 84
1717519322240 60415.0 85
1717519326977 59848.0 86
1717519330880 60521.0 87
1717519334640 60640.0 88
1717519338341 61476.0 89
1717519342066 62026.0 90
1717519345956 60497.0 91
1717519350588 63052.0 92
1717519355173 62637.0 93
1717519359072 62280.0 94
1717519362941 62426.0 95
1717519366822 63531.0 96
1717519370719 64281.0 97
1717519375229 65519.0 98
1717519379144 64920.0 99
