1717228961850 293383.0 1
1717228963611 305126.0 2
1717228965364 300695.0 3
1717228967195 298067.0 4
1717228968969 295047.0 5
1717228970772 294289.0 6
1717228972559 293240.0 7
1717228974324 292824.0 8
1717228976154 292725.0 9
1717228977961 292201.0 10
1717228979838 291790.0 11
1717228981629 291471.0 12
1717228983451 291733.0 13
1717228985290 291199.0 14
1717228987136 291039.0 15
1717228988941 290976.0 16
1717228990787 290786.0 17
1717228992580 291337.0 18
1717228994420 290617.0 19
1717228996204 290493.0 20
1717228997979 290859.0 21
1717228999772 290513.0 22
1717229001511 290508.0 23
1717229003285 290325.0 24
1717229005075 290379.0 25
1717229006910 290646.0 26
1717229008636 290168.0 27
1717229010419 290029.0 28
1717229012220 290036.0 29
1717229014293 290374.0 30
1717229016194 290164.0 31
1717229018294 289972.0 32
1717229020339 289922.0 33
1717229022177 290015.0 34
1717229023994 289982.0 35
1717229025784 290061.0 36
1717229027638 289687.0 37
1717229029454 289810.0 38
1717229031254 289751.0 39
1717229033066 289832.0 40
1717229034872 289693.0 41
1717229036757 289656.0 42
1717229038564 289821.0 43
1717229040343 289509.0 44
1717229042184 289555.0 45
1717229043951 289583.0 46
1717229045777 289608.0 47
1717229047576 289653.0 48
1717229049350 289560.0 49
1717229051132 289346.0 50
1717229052997 289509.0 51
1717229054783 289674.0 52
1717229056575 289340.0 53
1717229058404 289458.0 54
1717229060193 289263.0 55
1717229061967 289553.0 56
1717229063766 289422.0 57
1717229065519 289185.0 58
1717229067316 289751.0 59
1717229069113 289235.0 60
1717229070907 289398.0 61
1717229072684 289202.0 62
1717229074452 289358.0 63
1717229076284 289301.0 64
1717229078100 289191.0 65
1717229080074 289478.0 66
1717229081836 289005.0 67
1717229083630 289378.0 68
1717229085396 289156.0 69
1717229087184 289315.0 70
1717229089003 289177.0 71
1717229090783 289145.0 72
1717229092597 289055.0 73
1717229094375 289193.0 74
1717229096158 289139.0 75
1717229097937 289265.0 76
1717229099727 289066.0 77
1717229101514 289093.0 78
1717229103303 289187.0 79
1717229105079 289296.0 80
1717229106895 289122.0 81
1717229108697 289094.0 82
1717229110492 289156.0 83
1717229112359 288965.0 84
1717229114201 289188.0 85
1717229115992 289048.0 86
1717229117759 289085.0 87
1717229119534 289004.0 88
1717229121309 289098.0 89
1717229123146 289020.0 90
1717229124934 289048.0 91
1717229126747 288923.0 92
1717229128511 289031.0 93
1717229130294 289248.0 94
1717229132105 288943.0 95
1717229133916 289139.0 96
1717229135713 288977.0 97
1717229137504 289024.0 98
1717229139283 289029.0 99
