1717228961850 0.1459430512461861 1
1717228963611 0.2712854159126233 2
1717228965364 0.4095694381695901 3
1717228967195 0.46979959673301985 4
1717228968969 0.5395380399637296 5
1717228970772 0.5622670746038086 6
1717228972559 0.5850096271924637 7
1717228974324 0.6033918856428754 8
1717228976154 0.6026925294382119 9
1717228977961 0.6095812057210002 10
1717228979838 0.6206160334906072 11
1717228981629 0.6253316098007222 12
1717228983451 0.6265050569949984 13
1717228985290 0.6322410536604212 14
1717228987136 0.6407940391002322 15
1717228988941 0.6429218246990143 16
1717228990787 0.6469282536886346 17
1717228992580 0.6385769598417105 18
1717228994420 0.6522444734810507 19
1717228996204 0.6510859739231859 20
1717228997979 0.6524154684099547 21
1717228999772 0.6567242239727089 22
1717229001511 0.6606562521602218 23
1717229003285 0.6627439562675346 24
1717229005075 0.6650617822067549 25
1717229006910 0.647824401231089 26
1717229008636 0.6733594699160016 27
1717229010419 0.6756314751764217 28
1717229012220 0.6736516272374181 29
1717229014293 0.665237005288961 30
1717229016194 0.6712828083310133 31
1717229018294 0.677579679042036 32
1717229020339 0.678427099792878 33
1717229022177 0.682162649812037 34
1717229023994 0.6618073132882555 35
1717229025784 0.679534850605212 36
1717229027638 0.6857758576766226 37
1717229029454 0.6865096190875283 38
1717229031254 0.6768317495282589 39
1717229033066 0.6876644731625707 40
1717229034872 0.6798493586578178 41
1717229036757 0.6919778193993815 42
1717229038564 0.6853652613657573 43
1717229040343 0.6881534798042779 44
1717229042184 0.6954874975999102 45
1717229043951 0.6909626329379022 46
1717229045777 0.6928066293552907 47
1717229047576 0.6889329717038201 48
1717229049350 0.6937062575530132 49
1717229051132 0.690595925036043 50
1717229052997 0.700166549366057 51
1717229054783 0.6929991842686056 52
1717229056575 0.6973624041733332 53
1717229058404 0.6954261584719976 54
1717229060193 0.6910479134172136 55
1717229061967 0.7014145977626421 56
1717229063766 0.6971526500552377 57
1717229065519 0.7038472643327416 58
1717229067316 0.6984962748858531 59
1717229069113 0.7062863674760992 60
1717229070907 0.6947038248177694 61
1717229072684 0.6958144261248557 62
1717229074452 0.7092549849392185 63
1717229076284 0.7099385360084736 64
1717229078100 0.7092878203453027 65
1717229080074 0.70481400194382 66
1717229081836 0.7059740036964173 67
1717229083630 0.7066541744310648 68
1717229085396 0.7095651199349581 69
1717229087184 0.700156741296104 70
1717229089003 0.7089985166095818 71
1717229090783 0.713873780770387 72
1717229092597 0.7103383750901273 73
1717229094375 0.7124312457826906 74
1717229096158 0.7027138142905052 75
1717229097937 0.7125245380845974 76
1717229099727 0.707574290308205 77
1717229101514 0.7154005065204795 78
1717229103303 0.7068238682142213 79
1717229105079 0.7103047496286498 80
1717229106895 0.7112355256720403 81
1717229108697 0.716274084721805 82
1717229110492 0.7113421986421767 83
1717229112359 0.7076491012743277 84
1717229114201 0.7152300012074847 85
1717229115992 0.7169475707469452 86
1717229117759 0.7177460209242793 87
1717229119534 0.7168273079449895 88
1717229121309 0.7131000103265118 89
1717229123146 0.7201893906645682 90
1717229124934 0.7189775502671634 91
1717229126747 0.7057949904896541 92
1717229128511 0.7235698860564168 93
1717229130294 0.7185768459169282 94
1717229132105 0.7224347257143878 95
1717229133916 0.7226206068369745 96
1717229135713 0.7172053894361247 97
1717229137504 0.7197053391009922 98
1717229139283 0.7251119503642486 99
