1716231780111 934618.0 1
1716231783127 934618.0 2
1716231786230 934618.0 3
1716231789259 934618.0 4
1716231792276 934618.0 5
1716231795475 934618.0 6
1716231798673 934618.0 7
1716231801757 934618.0 8
1716231804868 934618.0 9
1716231807976 934618.0 10
1716231811058 934618.0 11
1716231814090 934618.0 12
1716231817221 934618.0 13
1716231820319 934618.0 14
1716231823397 934618.0 15
1716231826557 934618.0 16
1716231829658 934618.0 17
1716231832691 934618.0 18
1716231835859 934618.0 19
1716231839023 934618.0 20
1716231842169 934618.0 21
1716231845712 934618.0 22
1716231849379 934618.0 23
1716231852885 934618.0 24
1716231856081 934618.0 25
1716231859162 934618.0 26
1716231862247 934618.0 27
1716231865368 934618.0 28
1716231868499 934618.0 29
1716231871578 934618.0 30
1716231874698 934618.0 31
1716231877873 934618.0 32
1716231881039 934618.0 33
1716231884265 934618.0 34
1716231887366 934618.0 35
1716231890474 934618.0 36
1716231893560 934618.0 37
1716231896677 934618.0 38
1716231899685 934618.0 39
1716231902853 934618.0 40
1716231906125 934618.0 41
1716231909277 934618.0 42
1716231912472 934618.0 43
1716231915533 934618.0 44
1716231918705 934618.0 45
1716231921808 934618.0 46
1716231924983 934618.0 47
1716231928125 934618.0 48
1716231931308 934618.0 49
1716231934535 934618.0 50
1716231937683 934618.0 51
1716231940717 934618.0 52
1716231943891 934618.0 53
1716231947051 934618.0 54
1716231950111 934618.0 55
1716231953308 934618.0 56
1716231956475 934618.0 57
1716231959517 934618.0 58
1716231962669 934618.0 59
1716231965865 934618.0 60
1716231969012 934618.0 61
1716231972171 934618.0 62
1716231975298 934618.0 63
1716231979111 934618.0 64
1716231982291 934618.0 65
1716231985523 934618.0 66
1716231988539 934618.0 67
1716231991680 934618.0 68
1716231994812 934618.0 69
1716231998002 934618.0 70
1716232001205 934618.0 71
1716232004323 934618.0 72
1716232007459 934618.0 73
1716232010521 934618.0 74
1716232013775 934618.0 75
1716232016896 934618.0 76
1716232019973 934618.0 77
1716232023204 934618.0 78
1716232026216 934618.0 79
1716232029289 934618.0 80
1716232032362 934618.0 81
1716232035549 934618.0 82
1716232038795 934618.0 83
1716232041843 934618.0 84
1716232045018 934618.0 85
1716232049035 934618.0 86
1716232052319 934618.0 87
1716232055320 934618.0 88
1716232058386 934618.0 89
1716232061521 934618.0 90
1716232064685 934618.0 91
1716232067865 934618.0 92
1716232070971 934618.0 93
1716232074162 934618.0 94
1716232077276 934618.0 95
1716232080476 934618.0 96
1716232083706 934618.0 97
1716232087304 934618.0 98
1716232090526 934618.0 99
