1716231780111 0.35758756327011615 1
1716231783127 0.5352217125129927 2
1716231786230 0.5880236450778578 3
1716231789259 0.6110317014677336 4
1716231792276 0.630882391467807 5
1716231795475 0.6464111384717153 6
1716231798673 0.6511389540321838 7
1716231801757 0.6590592600556885 8
1716231804868 0.6498313327986824 9
1716231807976 0.6599081519003516 10
1716231811058 0.6617699906399829 11
1716231814090 0.6635520932498522 12
1716231817221 0.6658074406214135 13
1716231820319 0.6649445003060502 14
1716231823397 0.666509330250312 15
1716231826557 0.6677531848766544 16
1716231829658 0.6682553338141785 17
1716231832691 0.6599153415549194 18
1716231835859 0.6602958645236491 19
1716231839023 0.6674378878379935 20
1716231842169 0.6688425937403941 21
1716231845712 0.6693195604646434 22
1716231849379 0.6655955263435428 23
1716231852885 0.6658420520775447 24
1716231856081 0.6661611581235193 25
1716231859162 0.6667359819035631 26
1716231862247 0.6656178628176962 27
1716231865368 0.6684970904371422 28
1716231868499 0.6677595674195961 29
1716231871578 0.6702024700431409 30
1716231874698 0.6683423829895522 31
1716231877873 0.6704300132824856 32
1716231881039 0.6703113108201034 33
1716231884265 0.668613313167421 34
1716231887366 0.6720302256471399 35
1716231890474 0.6698425241255717 36
1716231893560 0.6656025733959376 37
1716231896677 0.6687912861132449 38
1716231899685 0.6714000494778618 39
1716231902853 0.6724286344564119 40
1716231906125 0.6745110327195716 41
1716231909277 0.6749032102472711 42
1716231912472 0.6767740172903017 43
1716231915533 0.6760532880806104 44
1716231918705 0.6781011375915681 45
1716231921808 0.6779728090636195 46
1716231924983 0.6799296323097571 47
1716231928125 0.6769836592976815 48
1716231931308 0.6812498445459041 49
1716231934535 0.6834601813197906 50
1716231937683 0.6794283815331489 51
1716231940717 0.6762089787915979 52
1716231943891 0.6801117312927977 53
1716231947051 0.6777120249699997 54
1716231950111 0.6852874755396396 55
1716231953308 0.6904903813655865 56
1716231956475 0.690237553596842 57
1716231959517 0.6853440268533972 58
1716231962669 0.6881615192561864 59
1716231965865 0.6924484147287597 60
1716231969012 0.6905372957464734 61
1716231972171 0.6952129516010115 62
1716231975298 0.6943047380856147 63
1716231979111 0.6908867155943861 64
1716231982291 0.6980745279050988 65
1716231985523 0.6950400833821562 66
1716231988539 0.6958010941515622 67
1716231991680 0.692885080737981 68
1716231994812 0.7000389001469801 69
1716231998002 0.6930641155882508 70
1716232001205 0.6842747330373644 71
1716232004323 0.7014649842627807 72
1716232007459 0.6983644422184847 73
1716232010521 0.7004716507211443 74
1716232013775 0.702443560934819 75
1716232016896 0.693463356390856 76
1716232019973 0.7006951489750429 77
1716232023204 0.6991467034754186 78
1716232026216 0.700040280343932 79
1716232029289 0.6960459677648004 80
1716232032362 0.6881102945850963 81
1716232035549 0.6924103749441874 82
1716232038795 0.6932496358065645 83
1716232041843 0.7004473546924392 84
1716232045018 0.6983890303625581 85
1716232049035 0.7007195842285033 86
1716232052319 0.7012627842987496 87
1716232055320 0.6989032416260625 88
1716232058386 0.7019457864136237 89
1716232061521 0.704213334106821 90
1716232064685 0.69723601964053 91
1716232067865 0.705277707989477 92
1716232070971 0.6949312350022359 93
1716232074162 0.7062731883434612 94
1716232077276 0.7076178303217833 95
1716232080476 0.7033008265724293 96
1716232083706 0.6962196521734827 97
1716232087304 0.6991707060293776 98
1716232090526 0.7034144979081186 99
