1717711234588 0.005178009999158901 1
1717711239199 0.005178009999158901 2
1717711243832 0.005178009999158901 3
1717711248291 0.005178009999158901 4
1717711253114 0.005178009999158901 5
1717711257924 0.005178009999158901 6
1717711262839 0.005178009999158901 7
1717711267413 0.005178009999158901 8
1717711271666 0.005178009999158901 9
1717711275873 0.005178009999158901 10
1717711280348 0.005178009999158901 11
1717711284798 0.005178009999158901 12
1717711289174 0.005178009999158901 13
1717711293577 0.005178009999158901 14
1717711297809 0.005178009999158901 15
1717711302082 0.005178009999158901 16
1717711306777 0.005178009999158901 17
1717711311075 0.005178009999158901 18
1717711315642 0.005178009999158901 19
1717711320590 0.005178009999158901 20
1717711325023 0.005178009999158901 21
1717711329604 0.005178009999158901 22
