1717711234588 0.11575521109921977 1
1717711239199 0.11575521109921977 2
1717711243832 0.11575521109921977 3
1717711248291 0.11575521109921977 4
1717711253114 0.11575521109921977 5
1717711257924 0.11575521109921977 6
1717711262839 0.11575521109921977 7
1717711267413 0.11575521109921977 8
1717711271666 0.11575521109921977 9
1717711275873 0.11575521109921977 10
1717711280348 0.11575521109921977 11
1717711284798 0.11575521109921977 12
1717711289174 0.11575521109921977 13
1717711293577 0.11575521109921977 14
1717711297809 0.11575521109921977 15
1717711302082 0.11575521109921977 16
1717711306777 0.11575521109921977 17
1717711311075 0.11575521109921977 18
1717711315642 0.11575521109921977 19
1717711320590 0.11575521109921977 20
1717711325023 0.11575521109921977 21
1717711329604 0.11575521109921977 22
