1717711234588 53405.0 1
1717711239199 53405.0 2
1717711243832 53405.0 3
1717711248291 53405.0 4
1717711253114 53405.0 5
1717711257924 53405.0 6
1717711262839 53405.0 7
1717711267413 53405.0 8
1717711271666 53405.0 9
1717711275873 53405.0 10
1717711280348 53405.0 11
1717711284798 53405.0 12
1717711289174 53405.0 13
1717711293577 53405.0 14
1717711297809 53405.0 15
1717711302082 53405.0 16
1717711306777 53405.0 17
1717711311075 53405.0 18
1717711315642 53405.0 19
1717711320590 53405.0 20
1717711325023 53405.0 21
1717711329604 53405.0 22
