1717711234588 0.29542466589303035 1
1717711239199 0.29542466589303035 2
1717711243832 0.29542466589303035 3
1717711248291 0.29542466589303035 4
1717711253114 0.29542466589303035 5
1717711257924 0.29542466589303035 6
1717711262839 0.29542466589303035 7
1717711267413 0.29542466589303035 8
1717711271666 0.29542466589303035 9
1717711275873 0.29542466589303035 10
1717711280348 0.29542466589303035 11
1717711284798 0.29542466589303035 12
1717711289174 0.29542466589303035 13
1717711293577 0.29542466589303035 14
1717711297809 0.29542466589303035 15
1717711302082 0.29542466589303035 16
1717711306777 0.29542466589303035 17
1717711311075 0.29542466589303035 18
1717711315642 0.29542466589303035 19
1717711320590 0.29542466589303035 20
1717711325023 0.29542466589303035 21
1717711329604 0.29542466589303035 22
