1717337465441 287888.0 1
1717337466560 287888.0 2
1717337467608 287888.0 3
1717337468656 287888.0 4
1717337469710 287888.0 5
1717337470766 287888.0 6
1717337471866 287888.0 7
1717337472992 287888.0 8
1717337474080 287888.0 9
1717337475161 287888.0 10
1717337476252 287888.0 11
1717337477348 287888.0 12
1717337478432 287888.0 13
1717337479531 287888.0 14
1717337480674 287888.0 15
1717337481753 287888.0 16
1717337482846 287888.0 17
1717337483950 287888.0 18
1717337485019 287888.0 19
1717337486114 287888.0 20
1717337487298 287888.0 21
1717337488412 287888.0 22
1717337489535 287888.0 23
1717337490622 287888.0 24
1717337491789 287888.0 25
1717337492944 287888.0 26
1717337494039 287888.0 27
1717337495143 287888.0 28
1717337496268 287888.0 29
1717337497400 287888.0 30
1717337498499 287888.0 31
1717337499689 287888.0 32
1717337500814 287888.0 33
1717337501910 287888.0 34
1717337503019 287888.0 35
1717337504123 287888.0 36
1717337505242 287888.0 37
1717337506407 287888.0 38
1717337507518 287888.0 39
1717337508588 287888.0 40
1717337509659 287888.0 41
1717337510741 287888.0 42
1717337511869 287888.0 43
1717337513063 287888.0 44
1717337514145 287888.0 45
1717337515230 287888.0 46
1717337516364 287888.0 47
1717337517489 287888.0 48
1717337518609 287888.0 49
1717337519802 287888.0 50
1717337520923 287888.0 51
1717337522010 287888.0 52
1717337523103 287888.0 53
1717337524186 287888.0 54
1717337525320 287888.0 55
1717337526492 287888.0 56
1717337527606 287888.0 57
1717337528713 287888.0 58
1717337529799 287888.0 59
1717337530910 287888.0 60
1717337532038 287888.0 61
1717337533135 287888.0 62
1717337534317 287888.0 63
1717337535399 287888.0 64
1717337536525 287888.0 65
1717337537589 287888.0 66
1717337538708 287888.0 67
1717337539772 287888.0 68
1717337540943 287888.0 69
1717337542008 287888.0 70
1717337543133 287888.0 71
1717337544252 287888.0 72
1717337545356 287888.0 73
1717337546517 287888.0 74
1717337547621 287888.0 75
1717337548728 287888.0 76
1717337549829 287888.0 77
1717337550929 287888.0 78
1717337552033 287888.0 79
1717337553207 287888.0 80
1717337554312 287888.0 81
1717337555415 287888.0 82
1717337556492 287888.0 83
1717337557608 287888.0 84
1717337558731 287888.0 85
1717337559891 287888.0 86
1717337560973 287888.0 87
1717337562068 287888.0 88
1717337563186 287888.0 89
1717337564271 287888.0 90
1717337565471 287888.0 91
1717337566655 287888.0 92
1717337567771 287888.0 93
1717337568866 287888.0 94
1717337569981 287888.0 95
1717337571089 287888.0 96
1717337572199 287888.0 97
1717337573393 287888.0 98
1717337574458 287888.0 99
