1717337465441 0.15328228078451683 1
1717337466560 0.15386982333688673 2
1717337467608 0.15386982333688673 3
1717337468656 0.15386982333688673 4
1717337469710 0.15386982333688673 5
1717337470766 0.15386982333688673 6
1717337471866 0.15386982333688673 7
1717337472992 0.15386982333688673 8
1717337474080 0.15386982333688673 9
1717337475161 0.15386982333688673 10
1717337476252 0.15386982333688673 11
1717337477348 0.15386982333688673 12
1717337478432 0.15386982333688673 13
1717337479531 0.15386982333688673 14
1717337480674 0.15386982333688673 15
1717337481753 0.15386982333688673 16
1717337482846 0.15386982333688673 17
1717337483950 0.15386982333688673 18
1717337485019 0.15386982333688673 19
1717337486114 0.15386982333688673 20
1717337487298 0.15386982333688673 21
1717337488412 0.15386982333688673 22
1717337489535 0.15386982333688673 23
1717337490622 0.15386982333688673 24
1717337491789 0.15386982333688673 25
1717337492944 0.15386982333688673 26
1717337494039 0.15386982333688673 27
1717337495143 0.15386982333688673 28
1717337496268 0.15386982333688673 29
1717337497400 0.15386982333688673 30
1717337498499 0.15386982333688673 31
1717337499689 0.15386982333688673 32
1717337500814 0.15386982333688673 33
1717337501910 0.15386982333688673 34
1717337503019 0.15386982333688673 35
1717337504123 0.15386982333688673 36
1717337505242 0.15386982333688673 37
1717337506407 0.15386982333688673 38
1717337507518 0.15386982333688673 39
1717337508588 0.15386982333688673 40
1717337509659 0.15386982333688673 41
1717337510741 0.15386982333688673 42
1717337511869 0.15386982333688673 43
1717337513063 0.15386982333688673 44
1717337514145 0.15386982333688673 45
1717337515230 0.15386982333688673 46
1717337516364 0.15386982333688673 47
1717337517489 0.15386982333688673 48
1717337518609 0.15386982333688673 49
1717337519802 0.15386982333688673 50
1717337520923 0.15386982333688673 51
1717337522010 0.15386982333688673 52
1717337523103 0.15386982333688673 53
1717337524186 0.15386982333688673 54
1717337525320 0.15386982333688673 55
1717337526492 0.15386982333688673 56
1717337527606 0.15386982333688673 57
1717337528713 0.15386982333688673 58
1717337529799 0.15386982333688673 59
1717337530910 0.15386982333688673 60
1717337532038 0.15386982333688673 61
1717337533135 0.15386982333688673 62
1717337534317 0.15386982333688673 63
1717337535399 0.15386982333688673 64
1717337536525 0.15386982333688673 65
1717337537589 0.15386982333688673 66
1717337538708 0.15386982333688673 67
1717337539772 0.15386982333688673 68
1717337540943 0.15386982333688673 69
1717337542008 0.15386982333688673 70
1717337543133 0.15386982333688673 71
1717337544252 0.15386982333688673 72
1717337545356 0.15386982333688673 73
1717337546517 0.15386982333688673 74
1717337547621 0.15386982333688673 75
1717337548728 0.15386982333688673 76
1717337549829 0.15386982333688673 77
1717337550929 0.15386982333688673 78
1717337552033 0.15386982333688673 79
1717337553207 0.15386982333688673 80
1717337554312 0.15386982333688673 81
1717337555415 0.15386982333688673 82
1717337556492 0.15386982333688673 83
1717337557608 0.15386982333688673 84
1717337558731 0.15386982333688673 85
1717337559891 0.15386982333688673 86
1717337560973 0.15386982333688673 87
1717337562068 0.15386982333688673 88
1717337563186 0.15386982333688673 89
1717337564271 0.15386982333688673 90
1717337565471 0.15386982333688673 91
1717337566655 0.15386982333688673 92
1717337567771 0.15386982333688673 93
1717337568866 0.15386982333688673 94
1717337569981 0.15386982333688673 95
1717337571089 0.15386982333688673 96
1717337572199 0.15386982333688673 97
1717337573393 0.15386982333688673 98
1717337574458 0.15386982333688673 99
