1710589858098 0.4738999307155609 1
1710589858251 0.31623563170433044 2
1710589858392 0.29775893688201904 3
1710589858545 0.2858431041240692 4
1710589858725 0.27160772681236267 5
1710589858872 0.2799670100212097 6
1710589859020 0.2851662039756775 7
1710589859163 0.26432886719703674 8
1710589859315 0.25339192152023315 9
1710589859460 0.2495916187763214 10
1710589859601 0.23951253294944763 11
1710589859747 0.23520037531852722 12
1710589859887 0.22913102805614471 13
1710589860036 0.2125706672668457 14
