1717443290098 1.9855916500091553 1
1717443293759 1.4100929498672485 2
1717443297406 1.412636160850525 3
1717443301009 1.4145114421844482 4
1717443304715 1.4159520864486694 5
1717443308355 1.416971206665039 6
1717443311892 1.4176405668258667 7
1717443315470 1.4180623292922974 8
1717443319044 1.4183207750320435 9
1717443322625 1.4184739589691162 10
1717443326262 1.4185556173324585 11
1717443329843 1.4185951948165894 12
1717443333526 1.4186121225357056 13
1717443337116 1.4186146259307861 14
1717443340702 1.418604850769043 15
1717443344285 1.4186007976531982 16
1717443347827 1.4186341762542725 17
1717443351394 1.4186657667160034 18
1717443354955 1.4186972379684448 19
1717443358951 1.4187270402908325 20
1717443362678 1.4187324047088623 21
1717443366338 1.418738603591919 22
1717443370056 1.4187660217285156 23
1717443373633 1.4187939167022705 24
1717443377262 1.4189504384994507 25
1717443380841 1.418722152709961 26
1717443384425 1.4185256958007812 27
1717443387969 1.4184719324111938 28
1717443391586 1.4189106225967407 29
1717443395158 1.419284462928772 30
1717443398937 1.4183582067489624 31
1717443402558 1.4185047149658203 32
1717443406128 1.4185870885849 33
1717443409713 1.4186275005340576 34
1717443413279 1.4186465740203857 35
1717443416859 1.4186526536941528 36
1717443420444 1.4186546802520752 37
1717443424194 1.4321757555007935 38
1717443427781 1.4148902893066406 39
1717443431474 1.4163744449615479 40
1717443435107 1.4173070192337036 41
1717443438706 1.4178924560546875 42
1717443442390 1.4182395935058594 43
1717443445958 1.4184330701828003 44
1717443449582 1.418540596961975 45
1717443453171 1.418609619140625 46
1717443456738 1.4186533689498901 47
1717443460270 1.4186853170394897 48
1717443463836 1.4187182188034058 49
1717443467412 1.4131252765655518 50
1717443471067 1.4205108880996704 51
1717443474658 1.4196797609329224 52
1717443478245 1.4191830158233643 53
1717443482293 1.4189366102218628 54
1717443486455 1.4188283681869507 55
1717443490348 1.4187250137329102 56
1717443494333 1.4389036893844604 57
1717443498250 1.413407325744629 58
1717443503197 1.4153841733932495 59
1717443507106 1.4237244129180908 60
1717443511049 1.4155508279800415 61
1717443514944 1.4168156385421753 62
1717443519020 1.4172548055648804 63
1717443522911 1.4181926250457764 64
1717443526807 1.418432354927063 65
1717443530712 1.418543815612793 66
1717443534659 1.4186058044433594 67
1717443538590 1.4186359643936157 68
1717443542530 1.4186509847640991 69
1717443546462 1.4186569452285767 70
1717443550402 1.4186593294143677 71
1717443554277 1.4186639785766602 72
1717443558211 1.4186732769012451 73
1717443562093 1.4186700582504272 74
1717443566034 1.418858528137207 75
1717443569923 1.4186341762542725 76
1717443573991 1.41865074634552 77
1717443577931 1.4186614751815796 78
1717443581827 1.4186698198318481 79
1717443585778 1.418670415878296 80
1717443589678 1.4186679124832153 81
1717443593561 1.4186679124832153 82
1717443597436 1.4175413846969604 83
1717443601366 1.4190328121185303 84
1717443605295 1.418925166130066 85
1717443609464 1.418267011642456 86
1717443613379 1.4192249774932861 87
1717443617309 1.4187322854995728 88
1717443621244 1.4186995029449463 89
1717443625994 1.4186861515045166 90
1717443630888 1.4186831712722778 91
1717443634795 1.4186784029006958 92
1717443638720 1.4186774492263794 93
1717443642665 1.4186769723892212 94
1717443646607 1.4186763763427734 95
1717443650571 1.4186763763427734 96
1717443654500 1.4186761379241943 97
1717443658403 1.4186763763427734 98
1717443662385 1.4186761379241943 99
