1716912919748 0.0798337387747588 1
1716912927915 0.09378612344433623 2
1716912936094 0.10325900741081415 3
1716912944294 0.11217988345227753 4
1716912952418 0.11522035212991016 5
1716912960513 0.11732858927002644 6
1716912968638 0.12062741334025928 7
1716912976759 0.12220331521885956 8
1716912984809 0.12196431258652655 9
1716912993433 0.122529478289048 10
1716913001568 0.1229047966608008 11
1716913009668 0.12156326318593391 12
1716913017856 0.123977498653478 13
1716913026053 0.12348841272486777 14
1716913034227 0.12351802804708294 15
1716913042573 0.12356614167171913 16
1716913050904 0.12400777118931305 17
1716913059553 0.1253886977827653 18
1716913068018 0.1247975354178473 19
1716913076342 0.12466222917769416 20
1716913084785 0.12587424166892427 21
1716913093175 0.12451991183489258 22
1716913101459 0.12420705460640924 23
1716913109867 0.12523383314945943 24
1716913118338 0.12414629525971123 25
1716913126684 0.12571517399764665 26
1716913134948 0.12537384292856912 27
1716913143515 0.12597662253958414 28
1716913151936 0.1254283663642325 29
1716913160482 0.12746255729537123 30
1716913168997 0.12764744308148676 31
1716913177447 0.12812690279655833 32
1716913185811 0.12824772417876637 33
1716913194186 0.12929625574559545 34
1716913202753 0.13291022936469823 35
1716913211231 0.13386708774587985 36
1716913219702 0.13733302598375258 37
1716913228198 0.13797551834362834 38
1716913237213 0.14144929184345414 39
1716913245698 0.14436269612760133 40
1716913254508 0.14486780508567398 41
1716913263384 0.14224435777747835 42
1716913272030 0.14589253374529795 43
1716913280708 0.14851744814600212 44
1716913289521 0.15025313935331494 45
1716913298129 0.15352081951476515 46
1716913306826 0.15488624914015664 47
1716913315430 0.15654341972915162 48
1716913324053 0.1576732622478767 49
1716913332830 0.15847180429667332 50
1716913341406 0.16197123569413285 51
1716913350039 0.1678243506706044 52
1716913358754 0.1693112016830346 53
1716913367335 0.16930000829854128 54
1716913375909 0.17076208247798763 55
1716913384770 0.17609858374837728 56
1716913393341 0.1786652602072952 57
1716913401937 0.18092022244424535 58
1716913410620 0.18030319367260542 59
1716913419758 0.18572528747414402 60
1716913428524 0.1913660339540717 61
1716913437186 0.19439258170897253 62
1716913445936 0.19647879215860228 63
1716913454697 0.1973810004637553 64
1716913463401 0.19855655009470857 65
1716913472043 0.19586518339925832 66
1716913480808 0.19571292958558403 67
1716913489512 0.19630504574546062 68
1716913498309 0.2015282235211191 69
1716913507450 0.20741302608041046 70
1716913516322 0.209991889815476 71
1716913525111 0.21303071848338648 72
1716913533949 0.21292996989056073 73
1716913542756 0.2106684648980537 74
1716913551941 0.21170853475633877 75
1716913560774 0.2157910405891961 76
1716913569457 0.21680625318552135 77
1716913578291 0.21929856324894684 78
1716913587140 0.22112258295820314 79
1716913595906 0.22098998791673624 80
1716913605082 0.22320387705682246 81
1716913613880 0.22482160049168057 82
1716913622640 0.222015397129266 83
1716913631670 0.224104815452292 84
1716913640360 0.22804440569441062 85
1716913649003 0.22732267699943048 86
1716913657802 0.23165897185767095 87
1716913666640 0.22725563453659142 88
1716913675327 0.22739107247472792 89
1716913684627 0.22354300767281635 90
1716913693466 0.22404600274665198 91
1716913702216 0.2240565755664767 92
1716913710994 0.22532135728907296 93
1716913719759 0.22686824379026724 94
1716913728582 0.23184501364765311 95
1716913737401 0.23102865428999383 96
1716913746417 0.23221675522149798 97
1716913755167 0.23163687646603337 98
1716913764087 0.23583464800536463 99
