1716912919748 183554.0 1
1716912927915 169702.0 2
1716912936094 151383.0 3
1716912944294 145798.0 4
1716912952418 143784.0 5
1716912960513 142886.0 6
1716912968638 139788.0 7
1716912976759 139043.0 8
1716912984809 140533.0 9
1716912993433 140820.0 10
1716913001568 142149.0 11
1716913009668 140107.0 12
1716913017856 141319.0 13
1716913026053 143778.0 14
1716913034227 145459.0 15
1716913042573 144928.0 16
1716913050904 145530.0 17
1716913059553 141421.0 18
1716913068018 143659.0 19
1716913076342 144855.0 20
1716913084785 143187.0 21
1716913093175 146748.0 22
1716913101459 147405.0 23
1716913109867 145696.0 24
1716913118338 147538.0 25
1716913126684 145504.0 26
1716913134948 145865.0 27
1716913143515 145610.0 28
1716913151936 146617.0 29
1716913160482 144374.0 30
1716913168997 142945.0 31
1716913177447 141590.0 32
1716913185811 142916.0 33
1716913194186 141608.0 34
1716913202753 136090.0 35
1716913211231 135515.0 36
1716913219702 130333.0 37
1716913228198 130469.0 38
1716913237213 126710.0 39
1716913245698 123801.0 40
1716913254508 122792.0 41
1716913263384 126953.0 42
1716913272030 123453.0 43
1716913280708 120759.0 44
1716913289521 118946.0 45
1716913298129 116269.0 46
1716913306826 115318.0 47
1716913315430 114504.0 48
1716913324053 113484.0 49
1716913332830 112643.0 50
1716913341406 111302.0 51
1716913350039 107913.0 52
1716913358754 107162.0 53
1716913367335 106905.0 54
1716913375909 106181.0 55
1716913384770 103307.0 56
1716913393341 101964.0 57
1716913401937 100948.0 58
1716913410620 101335.0 59
1716913419758 99127.0 60
1716913428524 96596.0 61
1716913437186 95714.0 62
1716913445936 94456.0 63
1716913454697 94260.0 64
1716913463401 92613.0 65
1716913472043 94667.0 66
1716913480808 93545.0 67
1716913489512 94036.0 68
1716913498309 92660.0 69
1716913507450 90176.0 70
1716913516322 89644.0 71
1716913525111 88903.0 72
1716913533949 87853.0 73
1716913542756 89465.0 74
1716913551941 89000.0 75
1716913560774 88429.0 76
1716913569457 87161.0 77
1716913578291 86233.0 78
1716913587140 86064.0 79
1716913595906 86318.0 80
1716913605082 85443.0 81
1716913613880 84540.0 82
1716913622640 86577.0 83
1716913631670 85227.0 84
1716913640360 83732.0 85
1716913649003 84320.0 86
1716913657802 82668.0 87
1716913666640 84361.0 88
1716913675327 84211.0 89
1716913684627 85147.0 90
1716913693466 85381.0 91
1716913702216 84690.0 92
1716913710994 84934.0 93
1716913719759 84304.0 94
1716913728582 83112.0 95
1716913737401 82845.0 96
1716913746417 83107.0 97
1716913755167 82844.0 98
1716913764087 81898.0 99
