1716912919748 1.5856813192367554 1
1716912927915 1.376475214958191 2
1716912936094 1.2969739437103271 3
1716912944294 1.23904287815094 4
1716912952418 1.2216087579727173 5
1716912960513 1.198644757270813 6
1716912968638 1.1792984008789062 7
1716912976759 1.172794222831726 8
1716912984809 1.1687968969345093 9
1716912993433 1.164078712463379 10
1716913001568 1.1533358097076416 11
1716913009668 1.1617923974990845 12
1716913017856 1.1415793895721436 13
1716913026053 1.1315468549728394 14
1716913034227 1.1229808330535889 15
1716913042573 1.1205711364746094 16
1716913050904 1.1202973127365112 17
1716913059553 1.1176462173461914 18
1716913068018 1.1144815683364868 19
1716913076342 1.1102720499038696 20
1716913084785 1.1070961952209473 21
1716913093175 1.1042300462722778 22
1716913101459 1.1033059358596802 23
1716913109867 1.1007012128829956 24
1716913118338 1.1006120443344116 25
1716913126684 1.0958569049835205 26
1716913134948 1.0935258865356445 27
1716913143515 1.0897276401519775 28
1716913151936 1.0870012044906616 29
1716913160482 1.0864278078079224 30
1716913168997 1.085415005683899 31
1716913177447 1.0867905616760254 32
1716913185811 1.0867763757705688 33
1716913194186 1.0778778791427612 34
1716913202753 1.074442982673645 35
1716913211231 1.0733236074447632 36
1716913219702 1.0671695470809937 37
1716913228198 1.0646071434020996 38
1716913237213 1.0554978847503662 39
1716913245698 1.0490272045135498 40
1716913254508 1.0442235469818115 41
1716913263384 1.0429350137710571 42
1716913272030 1.0339702367782593 43
1716913280708 1.0290879011154175 44
1716913289521 1.0261646509170532 45
1716913298129 1.020022988319397 46
1716913306826 1.008644461631775 47
1716913315430 1.0077327489852905 48
1716913324053 1.0061856508255005 49
1716913332830 0.9945762753486633 50
1716913341406 0.9828171133995056 51
1716913350039 0.9649848937988281 52
1716913358754 0.9593269228935242 53
1716913367335 0.9603626132011414 54
1716913375909 0.9637700915336609 55
1716913384770 0.944744884967804 56
1716913393341 0.9322476387023926 57
1716913401937 0.927354097366333 58
1716913410620 0.9275501370429993 59
1716913419758 0.9084470868110657 60
1716913428524 0.8886188864707947 61
1716913437186 0.8730269074440002 62
1716913445936 0.8670350313186646 63
1716913454697 0.8648324012756348 64
1716913463401 0.8672017455101013 65
1716913472043 0.8688866496086121 66
1716913480808 0.8816032409667969 67
1716913489512 0.8682742714881897 68
1716913498309 0.8475435376167297 69
1716913507450 0.8253092765808105 70
1716913516322 0.8149247169494629 71
1716913525111 0.7998822331428528 72
1716913533949 0.8057346343994141 73
1716913542756 0.8057547211647034 74
1716913551941 0.8049988746643066 75
1716913560774 0.7806673645973206 76
1716913569457 0.7852444648742676 77
1716913578291 0.7803924083709717 78
1716913587140 0.7684356570243835 79
1716913595906 0.766998827457428 80
1716913605082 0.7555106282234192 81
1716913613880 0.7524007558822632 82
1716913622640 0.7527128458023071 83
1716913631670 0.745272159576416 84
1716913640360 0.7384325265884399 85
1716913649003 0.7401180267333984 86
1716913657802 0.7271238565444946 87
1716913666640 0.7338468432426453 88
1716913675327 0.7318228483200073 89
1716913684627 0.7434759140014648 90
1716913693466 0.7407461404800415 91
1716913702216 0.7472385168075562 92
1716913710994 0.7347585558891296 93
1716913719759 0.7286267876625061 94
1716913728582 0.7086747884750366 95
1716913737401 0.7224574089050293 96
1716913746417 0.7139425873756409 97
1716913755167 0.714944064617157 98
1716913764087 0.7059769630432129 99
