1716912919748 0.48927676373870294 1
1716912927915 0.5367244556671575 2
1716912936094 0.5902993852926867 3
1716912944294 0.6090850705539816 4
1716912952418 0.6162827597864552 5
1716912960513 0.6201043739102645 6
1716912968638 0.6289039359213429 7
1716912976759 0.6317519241403465 8
1716912984809 0.6267576644802465 9
1716912993433 0.6271987479580154 10
1716913001568 0.6236106044420732 11
1716913009668 0.627562616919931 12
1716913017856 0.6258027666773486 13
1716913026053 0.6193157307937408 14
1716913034227 0.6150693670781041 15
1716913042573 0.6170745592220183 16
1716913050904 0.6153863167000162 17
1716913059553 0.6264824391946546 18
1716913068018 0.6206932287427516 19
1716913076342 0.616880542632567 20
1716913084785 0.6223460920840514 21
1716913093175 0.6118988616504852 22
1716913101459 0.6106688900668761 23
1716913109867 0.6150516934419471 24
1716913118338 0.6099169139873506 25
1716913126684 0.6160328580474139 26
1716913134948 0.6145258512946834 27
1716913143515 0.6155023531422289 28
1716913151936 0.6128640680607388 29
1716913160482 0.6201268504481412 30
1716913168997 0.623531251573946 31
1716913177447 0.6276794063502973 32
1716913185811 0.6235645595476549 33
1716913194186 0.6279439487670564 34
1716913202753 0.6434984744236191 35
1716913211231 0.6458926099683383 36
1716913219702 0.6604560875290176 37
1716913228198 0.6605399473542208 38
1716913237213 0.6719704648464725 39
1716913245698 0.6801862648698775 40
1716913254508 0.6823705744734297 41
1716913263384 0.6719513696811589 42
1716913272030 0.6820554540653704 43
1716913280708 0.6896691806562633 44
1716913289521 0.6947739865453162 45
1716913298129 0.7030206871050525 46
1716913306826 0.7053144114258955 47
1716913315430 0.70857739124862 48
1716913324053 0.7115815521208062 49
1716913332830 0.713800535360122 50
1716913341406 0.7185929506095088 51
1716913350039 0.7290397017628556 52
1716913358754 0.731224933241085 53
1716913367335 0.732035445902925 54
1716913375909 0.7342829377470758 55
1716913384770 0.742792515308054 56
1716913393341 0.7475566187888353 57
1716913401937 0.7503153489327214 58
1716913410620 0.7494054556984849 59
1716913419758 0.756522061122061 60
1716913428524 0.7645577568256389 61
1716913437186 0.7673540082488022 62
1716913445936 0.7706073420850105 63
1716913454697 0.7717077637523407 64
1716913463401 0.7756750969598392 65
1716913472043 0.7703576226582619 66
1716913480808 0.7729481217695016 67
1716913489512 0.7716324087572454 68
1716913498309 0.7767432000831939 69
1716913507450 0.7843164263956557 70
1716913516322 0.7861912588969204 71
1716913525111 0.7888075955445469 72
1716913533949 0.7913822127354204 73
1716913542756 0.7868353922502765 74
1716913551941 0.788552055891856 75
1716913560774 0.7908091665092107 76
1716913569457 0.793884352595516 77
1716913578291 0.7967266575874913 78
1716913587140 0.7978392682344152 79
1716913595906 0.797131912361871 80
1716913605082 0.7997673046866535 81
1716913613880 0.802119059506826 82
1716913622640 0.7969738341252816 83
1716913631670 0.8002386756296981 84
1716913640360 0.8050323498956237 85
1716913649003 0.8035134860944974 86
1716913657802 0.8082325993018149 87
1716913666640 0.803071801818925 88
1716913675327 0.8035787479306524 89
1716913684627 0.8002682689763485 90
1716913693466 0.8002095542190727 91
1716913702216 0.8013077533999116 92
1716913710994 0.8010486482296603 93
1716913719759 0.803086433045112 94
1716913728582 0.8071370154461434 95
1716913737401 0.8079833765055182 96
1716913746417 0.807076571596859 97
1716913755167 0.8080189678008974 98
1716913764087 0.8109089771324467 99
