1716912919748 0.14264244542980162 1
1716912927915 0.16596985179044318 2
1716912936094 0.18023931926656547 3
1716912944294 0.19489623465239908 4
1716912952418 0.19992169152130682 5
1716912960513 0.20338541709649435 6
1716912968638 0.20844918182353456 7
1716912976759 0.21094549749342714 8
1716912984809 0.21102474652357303 9
1716912993433 0.21193257822262554 10
1716913001568 0.21292185598653346 11
1716913009668 0.21020377009408997 12
1716913017856 0.21468621083389774 13
1716913026053 0.21422627283516923 14
1716913034227 0.2146131642462613 15
1716913042573 0.21449746792246369 16
1716913050904 0.21545126271435033 17
1716913059553 0.21694480326852136 18
1716913068018 0.21644405332735348 19
1716913076342 0.21651379486694317 20
1716913084785 0.218150463133179 21
1716913093175 0.21663403384114074 22
1716913101459 0.21613671182953254 23
1716913109867 0.2175924517228914 24
1716913118338 0.2161417806821912 25
1716913126684 0.2184303709201327 26
1716913134948 0.2179479256350294 27
1716913143515 0.21892121741783588 28
1716913151936 0.21815645604586206 29
1716913160482 0.22121305484903833 30
1716913168997 0.2212592260852744 31
1716913177447 0.2217328424658829 32
1716913185811 0.22230317270625055 33
1716913194186 0.2238180411124443 34
1716913202753 0.2288884625371507 35
1716913211231 0.23029372942989432 36
1716913219702 0.23498049618418795 37
1716913228198 0.2362288379325759 38
1716913237213 0.24106097360292578 39
1716913245698 0.24510373876779698 40
1716913254508 0.2459071561067839 41
1716913263384 0.24240403366982455 42
1716913272030 0.24757611661093928 43
1716913280708 0.25125155796792975 44
1716913289521 0.25371164779293903 45
1716913298129 0.258156438189963 46
1716913306826 0.26017389299353233 47
1716913315430 0.26246737042783075 48
1716913324053 0.26409530929962 49
1716913332830 0.26526687096818713 50
1716913341406 0.2705340674926524 51
1716913350039 0.27892560502968555 52
1716913358754 0.2811242608297486 53
1716913367335 0.28090817115048927 54
1716913375909 0.28305436963450126 55
1716913384770 0.2904967372777816 56
1716913393341 0.2939723103065128 57
1716913401937 0.29732043639772215 58
1716913410620 0.29648876786564066 59
1716913419758 0.3041715340358616 60
1716913428524 0.3118747529976781 61
1716913437186 0.31641768736820974 62
1716913445936 0.3190560424216828 63
1716913454697 0.3203974545828706 64
1716913463401 0.3210835256184407 65
1716913472043 0.3181689013960331 66
1716913480808 0.31701159204674517 67
1716913489512 0.31846631139124193 68
1716913498309 0.32593527554371693 69
1716913507450 0.3336791030810416 70
1716913516322 0.33758968321278104 71
1716913525111 0.34179369756014866 72
1716913533949 0.3407568620994129 73
1716913542756 0.33846896844497 74
1716913551941 0.33962043671985503 75
1716913560774 0.3458366667499343 76
1716913569457 0.34645799743687833 77
1716913578291 0.3498068472166904 78
1716913587140 0.35246174339778635 79
1716913595906 0.35252117437553965 80
1716913605082 0.35540560238811114 81
1716913613880 0.35731614364078096 82
1716913622640 0.3542898536962068 83
1716913631670 0.35665678266005035 84
1716913640360 0.3615980511261461 85
1716913649003 0.3608754307986008 86
1716913657802 0.366440223935672 87
1716913666640 0.3608865959579121 88
1716913675327 0.3608742850776882 89
1716913684627 0.3554949741337795 90
1716913693466 0.3565052696675363 91
1716913702216 0.35602313215796555 92
1716913710994 0.358251259495922 93
1716913719759 0.36037224060685924 94
1716913728582 0.3672304458670766 95
1716913737401 0.3651950794177429 96
1716913746417 0.36758769790101126 97
1716913755167 0.3664359866574645 98
1716913764087 0.3723268023196654 99
