1716912919748 331273.0 1
1716912927915 331273.0 2
1716912936094 331273.0 3
1716912944294 331273.0 4
1716912952418 331273.0 5
1716912960513 331273.0 6
1716912968638 331273.0 7
1716912976759 331273.0 8
1716912984809 331273.0 9
1716912993433 331273.0 10
1716913001568 331273.0 11
1716913009668 331273.0 12
1716913017856 331273.0 13
1716913026053 331273.0 14
1716913034227 331273.0 15
1716913042573 331273.0 16
1716913050904 331273.0 17
1716913059553 331273.0 18
1716913068018 331273.0 19
1716913076342 331273.0 20
1716913084785 331273.0 21
1716913093175 331273.0 22
1716913101459 331273.0 23
1716913109867 331273.0 24
1716913118338 331273.0 25
1716913126684 331273.0 26
1716913134948 331273.0 27
1716913143515 331273.0 28
1716913151936 331273.0 29
1716913160482 331273.0 30
1716913168997 331273.0 31
1716913177447 331273.0 32
1716913185811 331273.0 33
1716913194186 331273.0 34
1716913202753 331273.0 35
1716913211231 331273.0 36
1716913219702 331273.0 37
1716913228198 331273.0 38
1716913237213 331273.0 39
1716913245698 331273.0 40
1716913254508 331273.0 41
1716913263384 331273.0 42
1716913272030 331273.0 43
1716913280708 331273.0 44
1716913289521 331273.0 45
1716913298129 331273.0 46
1716913306826 331273.0 47
1716913315430 331273.0 48
1716913324053 331273.0 49
1716913332830 331273.0 50
1716913341406 331273.0 51
1716913350039 331273.0 52
1716913358754 331273.0 53
1716913367335 331273.0 54
1716913375909 331273.0 55
1716913384770 331273.0 56
1716913393341 331273.0 57
1716913401937 331273.0 58
1716913410620 331273.0 59
1716913419758 331273.0 60
1716913428524 331273.0 61
1716913437186 331273.0 62
1716913445936 331273.0 63
1716913454697 331273.0 64
1716913463401 331273.0 65
1716913472043 331273.0 66
1716913480808 331273.0 67
1716913489512 331273.0 68
1716913498309 331273.0 69
1716913507450 331273.0 70
1716913516322 331273.0 71
1716913525111 331273.0 72
1716913533949 331273.0 73
1716913542756 331273.0 74
1716913551941 331273.0 75
1716913560774 331273.0 76
1716913569457 331273.0 77
1716913578291 331273.0 78
1716913587140 331273.0 79
1716913595906 331273.0 80
1716913605082 331273.0 81
1716913613880 331273.0 82
1716913622640 331273.0 83
1716913631670 331273.0 84
1716913640360 331273.0 85
1716913649003 331273.0 86
1716913657802 331273.0 87
1716913666640 331273.0 88
1716913675327 331273.0 89
1716913684627 331273.0 90
1716913693466 331273.0 91
1716913702216 331273.0 92
1716913710994 331273.0 93
1716913719759 331273.0 94
1716913728582 331273.0 95
1716913737401 331273.0 96
1716913746417 331273.0 97
1716913755167 331273.0 98
1716913764087 331273.0 99
