1717241687232 25996.0 1
1717241687722 25996.0 2
1717241688250 25996.0 3
1717241688754 25996.0 4
1717241689258 25996.0 5
1717241689770 25996.0 6
1717241690273 25996.0 7
1717241690780 25996.0 8
1717241691284 25996.0 9
1717241691838 25996.0 10
1717241692353 25996.0 11
1717241692853 25996.0 12
1717241693356 25996.0 13
1717241693848 25996.0 14
1717241694354 25996.0 15
1717241694868 25996.0 16
1717241695370 25996.0 17
1717241695869 25996.0 18
1717241696385 25996.0 19
1717241696910 25996.0 20
1717241697419 25996.0 21
1717241697914 25996.0 22
1717241698403 25996.0 23
1717241698902 25996.0 24
1717241699400 25996.0 25
1717241699909 25996.0 26
1717241700413 25996.0 27
1717241700921 25996.0 28
1717241701425 25996.0 29
1717241701937 25996.0 30
1717241702450 25996.0 31
1717241702964 25996.0 32
1717241703471 25996.0 33
1717241703986 25996.0 34
1717241704500 25996.0 35
1717241705021 25996.0 36
1717241705535 25996.0 37
1717241706035 25996.0 38
1717241706556 25996.0 39
1717241707064 25996.0 40
1717241707590 25996.0 41
1717241708095 25996.0 42
1717241708606 25996.0 43
1717241709110 25996.0 44
1717241709608 25996.0 45
1717241710097 25996.0 46
1717241710613 25996.0 47
1717241711115 25996.0 48
1717241711646 25996.0 49
1717241712147 25996.0 50
1717241712647 25996.0 51
1717241713164 25996.0 52
1717241713702 25996.0 53
1717241714226 25996.0 54
1717241714740 25996.0 55
1717241715240 25996.0 56
1717241715776 25996.0 57
1717241716277 25996.0 58
1717241716805 25996.0 59
1717241717318 25996.0 60
1717241717835 25996.0 61
1717241718355 25996.0 62
1717241718876 25996.0 63
1717241719381 25996.0 64
1717241719885 25996.0 65
1717241720403 25996.0 66
1717241720922 25996.0 67
1717241721429 25996.0 68
1717241721958 25996.0 69
1717241722524 25996.0 70
1717241723048 25996.0 71
1717241723545 25996.0 72
1717241724063 25996.0 73
1717241724587 25996.0 74
1717241725115 25996.0 75
1717241725672 25996.0 76
1717241726243 25996.0 77
1717241726792 25996.0 78
1717241727330 25996.0 79
1717241728031 25996.0 80
1717241728665 25996.0 81
1717241729264 25996.0 82
1717241729862 25996.0 83
1717241730474 25996.0 84
1717241731101 25996.0 85
1717241731673 25996.0 86
1717241732249 25996.0 87
1717241732808 25996.0 88
1717241733354 25996.0 89
1717241733908 25996.0 90
1717241734457 25996.0 91
1717241735020 25996.0 92
1717241735587 25996.0 93
1717241736134 25996.0 94
1717241736673 25996.0 95
1717241737259 25996.0 96
1717241737822 25996.0 97
1717241738369 25996.0 98
1717241738907 25996.0 99
