1717241687232 0.6381653569807901 1
1717241687722 0.6717502626411676 2
1717241688250 0.6717502626411676 3
1717241688754 0.6717502626411676 4
1717241689258 0.6717502626411676 5
1717241689770 0.6717502626411676 6
1717241690273 0.6717502626411676 7
1717241690780 0.6717502626411676 8
1717241691284 0.6717502626411676 9
1717241691838 0.6717502626411676 10
1717241692353 0.6717502626411676 11
1717241692853 0.6717502626411676 12
1717241693356 0.6717502626411676 13
1717241693848 0.6717502626411676 14
1717241694354 0.6717502626411676 15
1717241694868 0.6717502626411676 16
1717241695370 0.6717502626411676 17
1717241695869 0.6717502626411676 18
1717241696385 0.6717502626411676 19
1717241696910 0.6717502626411676 20
1717241697419 0.6717502626411676 21
1717241697914 0.6717502626411676 22
1717241698403 0.6717502626411676 23
1717241698902 0.6717502626411676 24
1717241699400 0.6717502626411676 25
1717241699909 0.6717502626411676 26
1717241700413 0.6717502626411676 27
1717241700921 0.6717502626411676 28
1717241701425 0.6717502626411676 29
1717241701937 0.6717502626411676 30
1717241702450 0.6717502626411676 31
1717241702964 0.6717502626411676 32
1717241703471 0.6717502626411676 33
1717241703986 0.6717502626411676 34
1717241704500 0.6717502626411676 35
1717241705021 0.6717502626411676 36
1717241705535 0.6717502626411676 37
1717241706035 0.6717502626411676 38
1717241706556 0.6717502626411676 39
1717241707064 0.6717502626411676 40
1717241707590 0.6717502626411676 41
1717241708095 0.6717502626411676 42
1717241708606 0.6717502626411676 43
1717241709110 0.6717502626411676 44
1717241709608 0.6717502626411676 45
1717241710097 0.6717502626411676 46
1717241710613 0.6717502626411676 47
1717241711115 0.6717502626411676 48
1717241711646 0.6717502626411676 49
1717241712147 0.6717502626411676 50
1717241712647 0.6717502626411676 51
1717241713164 0.6717502626411676 52
1717241713702 0.6717502626411676 53
1717241714226 0.6717502626411676 54
1717241714740 0.6717502626411676 55
1717241715240 0.6717502626411676 56
1717241715776 0.6717502626411676 57
1717241716277 0.6717502626411676 58
1717241716805 0.6717502626411676 59
1717241717318 0.6717502626411676 60
1717241717835 0.6717502626411676 61
1717241718355 0.6717502626411676 62
1717241718876 0.6717502626411676 63
1717241719381 0.6717502626411676 64
1717241719885 0.6717502626411676 65
1717241720403 0.6717502626411676 66
1717241720922 0.6717502626411676 67
1717241721429 0.6717502626411676 68
1717241721958 0.6717502626411676 69
1717241722524 0.6717502626411676 70
1717241723048 0.6717502626411676 71
1717241723545 0.6717502626411676 72
1717241724063 0.6717502626411676 73
1717241724587 0.6717502626411676 74
1717241725115 0.6717502626411676 75
1717241725672 0.6717502626411676 76
1717241726243 0.6717502626411676 77
1717241726792 0.6717502626411676 78
1717241727330 0.6717502626411676 79
1717241728031 0.6717502626411676 80
1717241728665 0.6717502626411676 81
1717241729264 0.6717502626411676 82
1717241729862 0.6717502626411676 83
1717241730474 0.6717502626411676 84
1717241731101 0.6717502626411676 85
1717241731673 0.6717502626411676 86
1717241732249 0.6717502626411676 87
1717241732808 0.6717502626411676 88
1717241733354 0.6717502626411676 89
1717241733908 0.6717502626411676 90
1717241734457 0.6717502626411676 91
1717241735020 0.6717502626411676 92
1717241735587 0.6717502626411676 93
1717241736134 0.6717502626411676 94
1717241736673 0.6717502626411676 95
1717241737259 0.6717502626411676 96
1717241737822 0.6717502626411676 97
1717241738369 0.6717502626411676 98
1717241738907 0.6717502626411676 99
