1717241687232 0.4804570912331161 1
1717241687722 0.505741182142207 2
1717241688250 0.505741182142207 3
1717241688754 0.505741182142207 4
1717241689258 0.505741182142207 5
1717241689770 0.505741182142207 6
1717241690273 0.505741182142207 7
1717241690780 0.505741182142207 8
1717241691284 0.505741182142207 9
1717241691838 0.505741182142207 10
1717241692353 0.505741182142207 11
1717241692853 0.505741182142207 12
1717241693356 0.505741182142207 13
1717241693848 0.505741182142207 14
1717241694354 0.505741182142207 15
1717241694868 0.505741182142207 16
1717241695370 0.505741182142207 17
1717241695869 0.505741182142207 18
1717241696385 0.505741182142207 19
1717241696910 0.505741182142207 20
1717241697419 0.505741182142207 21
1717241697914 0.505741182142207 22
1717241698403 0.505741182142207 23
1717241698902 0.505741182142207 24
1717241699400 0.505741182142207 25
1717241699909 0.505741182142207 26
1717241700413 0.505741182142207 27
1717241700921 0.505741182142207 28
1717241701425 0.505741182142207 29
1717241701937 0.505741182142207 30
1717241702450 0.505741182142207 31
1717241702964 0.505741182142207 32
1717241703471 0.505741182142207 33
1717241703986 0.505741182142207 34
1717241704500 0.505741182142207 35
1717241705021 0.505741182142207 36
1717241705535 0.505741182142207 37
1717241706035 0.505741182142207 38
1717241706556 0.505741182142207 39
1717241707064 0.505741182142207 40
1717241707590 0.505741182142207 41
1717241708095 0.505741182142207 42
1717241708606 0.505741182142207 43
1717241709110 0.505741182142207 44
1717241709608 0.505741182142207 45
1717241710097 0.505741182142207 46
1717241710613 0.505741182142207 47
1717241711115 0.505741182142207 48
1717241711646 0.505741182142207 49
1717241712147 0.505741182142207 50
1717241712647 0.505741182142207 51
1717241713164 0.505741182142207 52
1717241713702 0.505741182142207 53
1717241714226 0.505741182142207 54
1717241714740 0.505741182142207 55
1717241715240 0.505741182142207 56
1717241715776 0.505741182142207 57
1717241716277 0.505741182142207 58
1717241716805 0.505741182142207 59
1717241717318 0.505741182142207 60
1717241717835 0.505741182142207 61
1717241718355 0.505741182142207 62
1717241718876 0.505741182142207 63
1717241719381 0.505741182142207 64
1717241719885 0.505741182142207 65
1717241720403 0.505741182142207 66
1717241720922 0.505741182142207 67
1717241721429 0.505741182142207 68
1717241721958 0.505741182142207 69
1717241722524 0.505741182142207 70
1717241723048 0.505741182142207 71
1717241723545 0.505741182142207 72
1717241724063 0.505741182142207 73
1717241724587 0.505741182142207 74
1717241725115 0.505741182142207 75
1717241725672 0.505741182142207 76
1717241726243 0.505741182142207 77
1717241726792 0.505741182142207 78
1717241727330 0.505741182142207 79
1717241728031 0.505741182142207 80
1717241728665 0.505741182142207 81
1717241729264 0.505741182142207 82
1717241729862 0.505741182142207 83
1717241730474 0.505741182142207 84
1717241731101 0.505741182142207 85
1717241731673 0.505741182142207 86
1717241732249 0.505741182142207 87
1717241732808 0.505741182142207 88
1717241733354 0.505741182142207 89
1717241733908 0.505741182142207 90
1717241734457 0.505741182142207 91
1717241735020 0.505741182142207 92
1717241735587 0.505741182142207 93
1717241736134 0.505741182142207 94
1717241736673 0.505741182142207 95
1717241737259 0.505741182142207 96
1717241737822 0.505741182142207 97
1717241738369 0.505741182142207 98
1717241738907 0.505741182142207 99
