1710588211684 0.4009345794392523 1
1710588211749 0.09740982819129568 2
1710588211815 0.20259740259740258 3
1710588211884 0.022370252535295287 4
1710588211952 0.018349804897826373 5
1710588212019 0.016116524159872737 6
1710588212086 0.018349804897826373 7
1710588212152 0.016116524159872737 8
1710588212209 0.017415225458574036 9
1710588212269 0.016116524159872737 10
1710588212327 0.017415225458574036 11
1710588212388 0.017415225458574036 12
1710588212454 0.017415225458574036 13
1710588212518 0.017415225458574036 14
