1717927280685 0.9562814112913992 1
1717927286749 0.9669936106738082 2
1717927293029 0.9669936106738082 3
1717927299328 0.9669936106738082 4
1717927305345 0.9669936106738082 5
1717927311373 0.9669936106738082 6
1717927317619 0.9669936106738082 7
1717927323894 0.9669936106738082 8
1717927330100 0.9669936106738082 9
1717927336582 0.9669936106738082 10
1717927343563 0.9669936106738082 11
1717927350063 0.9669936106738082 12
1717927355921 0.9669936106738082 13
1717927361567 0.9669936106738082 14
1717927367434 0.9669936106738082 15
1717927374748 0.9669936106738082 16
1717927380437 0.9669936106738082 17
1717927386251 0.9669936106738082 18
1717927392963 0.9669936106738082 19
1717927399606 0.9669936106738082 20
1717927406104 0.9669936106738082 21
1717927412526 0.9669918593486609 22
1717927419026 0.9669823282491448 23
1717927425503 0.9669822067039114 24
1717927431958 0.9669848550523199 25
1717927438558 0.9669813676998747 26
1717927445154 0.9669814618484496 27
1717927451972 0.9669904331094051 28
1717927458681 0.9669845835722019 29
1717927465446 0.966997420571403 30
1717927472018 0.9669942873732638 31
1717927478697 0.9669881591826681 32
1717927485234 0.9669568291190049 33
1717927492159 0.9669832707288758 34
1717927499090 0.9669986115670453 35
1717927505898 0.9670086847688397 36
1717927512633 0.9670237299200698 37
1717927519210 0.9670413376949842 38
1717927525841 0.9670156144204654 39
1717927532692 0.9670190522283267 40
1717927539511 0.9670314064914941 41
1717927546294 0.9670431730155302 42
1717927553057 0.9670415509353871 43
1717927559792 0.9670615857247132 44
1717927566714 0.9670931505806339 45
1717927573539 0.9671112812022847 46
1717927580277 0.9671202331611355 47
1717927587352 0.9671367220794002 48
1717927594403 0.9671599302714605 49
1717927601055 0.9671866426266549 50
1717927608045 0.9672227934842592 51
1717927615064 0.9672317094000165 52
1717927622028 0.96725054798007 53
1717927629000 0.9672998689791299 54
1717927635827 0.9673108229678798 55
1717927642848 0.9673141324556329 56
1717927649776 0.96733769020216 57
1717927656666 0.9673934975407747 58
1717927663565 0.9674389927144393 59
1717927670348 0.9675121083051879 60
1717927677435 0.9675185338705206 61
1717927684551 0.9675233997063449 62
1717927692914 0.9675445665318342 63
1717927699450 0.9676395396931102 64
1717927706122 0.9676762380984274 65
1717927712525 0.9676748722595963 66
1717927718794 0.9677329358309947 67
1717927724792 0.967744209600614 68
1717927730873 0.9678516560420403 69
1717927738961 0.9679206752008674 70
1717927744961 0.9679679076448803 71
1717927752724 0.9679395432577453 72
1717927759792 0.9681445748703053 73
1717927766768 0.9682615809062869 74
1717927773771 0.9684493035357936 75
1717927780813 0.968603827047144 76
1717927787673 0.968946486590532 77
1717927795167 0.9692525582477595 78
1717927802250 0.9694267826493872 79
1717927809211 0.9696012740221681 80
1717927816349 0.9697636162561839 81
1717927823287 0.9698742809199583 82
1717927830089 0.9700853194172533 83
1717927836796 0.9701812741118163 84
1717927844767 0.9703088485839533 85
1717927851720 0.9703963828426531 86
1717927858765 0.9704226139760234 87
1717927865701 0.9704799492639951 88
1717927872571 0.9705210434814548 89
1717927879375 0.9705388474128209 90
1717927886276 0.9706223715345588 91
1717927893352 0.9706187951021998 92
1717927900366 0.9706148538187133 93
1717927907311 0.970654730298546 94
1717927914406 0.9706716557864521 95
1717927922271 0.9707112436389864 96
1717927929414 0.9707645403318103 97
1717927936265 0.9707697568635699 98
1717927943365 0.9708680988129085 99
