1717927280685 7123.0 1
1717927286749 0.0 2
1717927293029 0.0 3
1717927299328 0.0 4
1717927305345 0.0 5
1717927311373 0.0 6
1717927317619 0.0 7
1717927323894 0.0 8
1717927330100 0.0 9
1717927336582 0.0 10
1717927343563 0.0 11
1717927350063 0.0 12
1717927355921 0.0 13
1717927361567 0.0 14
1717927367434 0.0 15
1717927374748 0.0 16
1717927380437 0.0 17
1717927386251 0.0 18
1717927392963 0.0 19
1717927399606 0.0 20
1717927406104 0.0 21
1717927412526 1.0 22
1717927419026 9.0 23
1717927425503 11.0 24
1717927431958 13.0 25
1717927438558 21.0 26
1717927445154 23.0 27
1717927451972 41.0 28
1717927458681 59.0 29
1717927465446 93.0 30
1717927472018 123.0 31
1717927478697 166.0 32
1717927485234 239.0 33
1717927492159 294.0 34
1717927499090 367.0 35
1717927505898 423.0 36
1717927512633 472.0 37
1717927519210 535.0 38
1717927525841 560.0 39
1717927532692 607.0 40
1717927539511 622.0 41
1717927546294 649.0 42
1717927553057 654.0 43
1717927559792 675.0 44
1717927566714 688.0 45
1717927573539 709.0 46
1717927580277 708.0 47
1717927587352 741.0 48
1717927594403 782.0 49
1717927601055 813.0 50
1717927608045 837.0 51
1717927615064 873.0 52
1717927622028 918.0 53
1717927629000 963.0 54
1717927635827 992.0 55
1717927642848 1049.0 56
1717927649776 1105.0 57
1717927656666 1162.0 58
1717927663565 1215.0 59
1717927670348 1262.0 60
1717927677435 1296.0 61
1717927684551 1372.0 62
1717927692914 1435.0 63
1717927699450 1561.0 64
1717927706122 1674.0 65
1717927712525 1801.0 66
1717927718794 1916.0 67
1717927724792 2034.0 68
1717927730873 2142.0 69
1717927738961 2245.0 70
1717927744961 2366.0 71
1717927752724 2301.0 72
1717927759792 2464.0 73
1717927766768 2627.0 74
1717927773771 2778.0 75
1717927780813 2880.0 76
1717927787673 3186.0 77
1717927795167 3420.0 78
1717927802250 3601.0 79
1717927809211 3761.0 80
1717927816349 3945.0 81
1717927823287 4075.0 82
1717927830089 4292.0 83
1717927836796 4449.0 84
1717927844767 4641.0 85
1717927851720 4826.0 86
1717927858765 4947.0 87
1717927865701 5124.0 88
1717927872571 5258.0 89
1717927879375 5421.0 90
1717927886276 5568.0 91
1717927893352 5674.0 92
1717927900366 5827.0 93
1717927907311 5907.0 94
1717927914406 6002.0 95
1717927922271 6044.0 96
1717927929414 6098.0 97
1717927936265 6173.0 98
1717927943365 6334.0 99
