1717927280685 0.031195761147682202 1
1717927286749 0.0 2
1717927293029 0.0 3
1717927299328 0.0 4
1717927305345 0.0 5
1717927311373 0.0 6
1717927317619 0.0 7
1717927323894 0.0 8
1717927330100 0.0 9
1717927336582 0.0 10
1717927343563 0.0 11
1717927350063 0.0 12
1717927355921 0.0 13
1717927361567 0.0 14
1717927367434 0.0 15
1717927374748 0.0 16
1717927380437 0.0 17
1717927386251 0.0 18
1717927392963 0.0 19
1717927399606 0.0 20
1717927406104 0.0 21
1717927412526 0.0 22
1717927419026 3.774724445115507e-05 23
1717927425503 7.549448890231014e-05 24
1717927431958 0.00017541058146546153 25
1717927438558 0.0002926779096676589 26
1717927445154 0.00033042515411881387 27
1717927451972 0.00086973311086685 28
1717927458681 0.0011629924361263135 29
1717927465446 0.0021211409291567855 30
1717927472018 0.002716961561730249 31
1717927478697 0.0037288486780658564 32
1717927485234 0.004917583893118566 33
1717927492159 0.0065725618536176325 34
1717927499090 0.008485758715157575 35
1717927505898 0.009857258195129026 36
1717927512633 0.011144022748115517 37
1717927519210 0.012798349945416076 38
1717927525841 0.013119732210445855 39
1717927532692 0.01439567039861808 40
1717927539511 0.014887047480081069 41
1717927546294 0.01563935224019359 42
1717927553057 0.015761855306498467 43
1717927559792 0.0163879565612428 44
1717927566714 0.017056708076639514 45
1717927573539 0.017759898294009542 46
1717927580277 0.01781388541759161 47
1717927587352 0.018708755134411968 48
1717927594403 0.019847429413611693 49
1717927601055 0.020922740687281165 50
1717927608045 0.021994718639538953 51
1717927615064 0.023031357771018425 52
1717927622028 0.024396524317854964 53
1717927629000 0.0261627058746262 54
1717927635827 0.026961877808032882 55
1717927642848 0.028367951405688964 56
1717927649776 0.03013028175808102 57
1717927656666 0.03237721129946587 58
1717927663565 0.03438906341182242 59
1717927670348 0.03678702988664756 60
1717927677435 0.037647541700083054 61
1717927684551 0.039475252667792685 62
1717927692914 0.041188072487938404 63
1717927699450 0.0454581613733488 64
1717927706122 0.048529341740214976 65
1717927712525 0.05126833685440866 66
1717927718794 0.054604534188467044 67
1717927724792 0.05759042640108005 68
1717927730873 0.06156687423849967 69
1717927738961 0.0652774693020738 70
1717927744961 0.06870413131667848 71
1717927752724 0.06669192059694276 72
1717927759792 0.07361439959884478 73
1717927766768 0.07889935048461019 74
1717927773771 0.08535559303139671 75
1717927780813 0.09016243780933224 76
1717927787673 0.10223198505888045 77
1717927795167 0.11255443300419583 78
1717927802250 0.1194640886619206 79
1717927809211 0.1258043599441465 80
1717927816349 0.13242133447408735 81
1717927823287 0.13718098704684217 82
1717927830089 0.14529395269765602 83
1717927836796 0.15014132086771592 84
1717927844767 0.15613137506510383 85
1717927851720 0.16171564410426859 86
1717927858765 0.16485797530665378 87
1717927865701 0.1698017590327694 88
1717927872571 0.17338979173131497 89
1717927879375 0.17748505925714284 90
1717927886276 0.18218586015025637 91
1717927893352 0.18455245468999415 92
1717927900366 0.1880010745424816 93
1717927907311 0.19029767383117027 94
1717927914406 0.19269605565425918 95
1717927922271 0.19426315504013075 96
1717927929414 0.19637497352410474 97
1717927936265 0.1981326935238062 98
1717927943365 0.2031695569002342 99
